"Karsdorf",990401,"Wenner","8m","P11"
8
1
610
0
0
0,8,124.67
8,8,136.48
16,8,127.57
24,8,129
32,8,126.45
40,8,122.96
48,8,124.46
56,8,122.29
64,8,134.1
72,8,137.75
80,8,168.8
88,8,187.59
96,8,212.86
104,8,222.03
112,8,263.53
120,8,298.56
128,8,279.74
136,8,278.72
144,8,250.25
152,8,240.15
160,8,224.16
168,8,197.07
176,8,219.76
184,8,153.43
192,8,139.29
200,8,120.73
208,8,121.64
216,8,141.94
224,8,181.4
232,8,185.33
240,8,185.88
248,8,162.53
256,8,172.06
264,8,134.14
272,8,151.04
280,8,88.72
288,8,85.45
296,8,86.27
304,8,97.31
312,8,123.75
320,8,136.37
328,8,141.06
336,8,152.4
344,8,113.73
352,8,112.39
360,8,83.87
368,8,65.69
376,8,76
384,8,141.37
392,8,123.7
400,8,205.01
408,8,196.77
416,8,212.94
424,8,222
432,8,212.57
440,8,219
448,8,174.95
456,8,206.84
464,8,190.31
0,16,171.73
8,16,183.29
16,16,187.51
24,16,183.51
32,16,179.58
40,16,183.82
48,16,190.06
56,16,189.28
64,16,205.13
72,16,248.47
80,16,265.89
88,16,247.34
96,16,263.96
104,16,307.69
112,16,307.86
120,16,283.04
128,16,283.8
136,16,290.12
144,16,257.31
152,16,240.24
160,16,258.95
168,16,250.78
176,16,193.17
184,16,174.05
192,16,180.32
200,16,176.59
208,16,184.9
216,16,206.02
224,16,183.63
232,16,169.65
240,16,148.99
248,16,155.31
256,16,155.62
264,16,144.25
272,16,95.1
280,16,92.53
288,16,108.38
296,16,106.64
304,16,116.16
312,16,130.66
320,16,124.36
328,16,101.29
336,16,101.31
344,16,119.07
352,16,93.01
360,16,95.31
368,16,127.73
376,16,126.04
384,16,129.92
392,16,161.02
400,16,189.88
408,16,185.74
416,16,203.15
424,16,206.44
432,16,188.35
440,16,179.19
0,24,207.19
8,24,220.66
16,24,225.48
24,24,222.34
32,24,218.95
40,24,217.27
48,24,241.15
56,24,266.15
64,24,276.87
72,24,272.4
80,24,280.07
88,24,294.68
96,24,312.17
104,24,318.82
112,24,304.09
120,24,282.05
128,24,280.4
136,24,285.83
144,24,301.78
152,24,287.91
160,24,272.11
168,24,221.49
176,24,197.51
184,24,188.63
192,24,221.11
200,24,227.53
208,24,215.58
216,24,174.15
224,24,152.57
232,24,154.81
240,24,181.89
248,24,163.51
256,24,146.41
264,24,104.09
272,24,101.52
280,24,104.51
288,24,123.68
296,24,114.83
304,24,101.77
312,24,98.48
320,24,106.37
328,24,111.13
336,24,116.2
344,24,115.31
352,24,130.65
360,24,124.96
368,24,144.88
376,24,141.16
384,24,148.02
392,24,164.03
400,24,193.51
408,24,198.04
416,24,186.62
0,32,233.83
8,32,238.49
16,32,238.48
24,32,243.07
32,32,254.55
40,32,268.86
48,32,277.82
56,32,289.15
64,32,303.94
72,32,313.52
80,32,313.22
88,32,320.81
96,32,305.92
104,32,297.83
112,32,295.34
120,32,296.66
128,32,322.15
136,32,319.21
144,32,296.69
152,32,264.8
160,32,221.26
168,32,210.81
176,32,214.8
184,32,229.16
192,32,215.47
200,32,209.41
208,32,202.56
216,32,183.77
224,32,187.05
232,32,173.38
240,32,160.49
248,32,149.94
256,32,108.74
264,32,109
272,32,113.27
280,32,104.75
288,32,103.63
296,32,111.7
304,32,115.05
312,32,124.23
320,32,116.55
328,32,126.03
336,32,141.87
344,32,127.62
352,32,134.44
360,32,140.59
368,32,150.61
376,32,165.31
384,32,163.21
392,32,173.87
0,40,239.67
8,40,249.18
16,40,256.82
24,40,272.06
32,40,282
40,40,290.95
48,40,314.04
56,40,329.56
64,40,326.25
72,40,304.7
80,40,312.12
88,40,309.5
96,40,306.88
104,40,311.16
112,40,328.61
120,40,315.68
128,40,290.7
136,40,274.41
144,40,257.72
152,40,220.43
160,40,217.99
168,40,209.25
176,40,211.76
184,40,216.64
192,40,237.73
200,40,230.53
208,40,218.74
216,40,192.16
224,40,178.44
232,40,158.76
240,40,151.9
248,40,114.41
256,40,107.43
264,40,106.22
272,40,118.24
280,40,112.16
288,40,138.54
296,40,137.04
304,40,121.52
312,40,124.23
320,40,147.86
328,40,135.27
336,40,134.32
344,40,133.11
352,40,151.72
360,40,155.97
368,40,172.36
0,48,241.89
8,48,268.22
16,48,281.87
24,48,288.81
32,48,307.17
40,48,329.74
48,48,321.2
56,48,313.52
64,48,317.99
72,48,326.68
80,48,325.56
88,48,314.67
96,48,319.78
104,48,304.61
112,48,286.35
120,48,265.79
128,48,253.26
136,48,238.06
144,48,208.88
152,48,205.68
160,48,214.25
168,48,221.25
176,48,231.55
184,48,239.57
192,48,252.84
200,48,221.23
208,48,202.76
216,48,187.54
224,48,165.74
232,48,142.94
240,48,116.97
248,48,123.07
256,48,126.14
264,48,133.09
272,48,143.42
280,48,150.14
288,48,144.03
296,48,132.01
304,48,143.74
312,48,134.27
320,48,144.05
328,48,138.41
336,48,146.4
344,48,161.8
0,56,259.57
8,56,277.24
16,56,295.14
24,56,305.15
32,56,317.12
40,56,323.14
48,56,332.62
56,56,336.09
64,56,341.01
72,56,327.77
80,56,314.92
88,56,291.66
96,56,279.97
104,56,262.47
112,56,243.55
120,56,222.32
128,56,220.08
136,56,218.27
144,56,214.4
152,56,211.69
160,56,233.17
168,56,238.24
176,56,263.34
184,56,242.63
192,56,227.78
200,56,211.41
208,56,191.79
216,56,166.3
224,56,146.8
232,56,130.83
240,56,137.83
248,56,140.11
256,56,146.04
264,56,152.9
272,56,149.99
280,56,141.78
288,56,143.35
296,56,145.5
304,56,150.62
312,56,146.59
320,56,145.2
0,64,261.89
8,64,293.81
16,64,305.98
24,64,323.49
32,64,334.63
40,64,339.66
48,64,336.63
56,64,326.97
64,64,325.3
72,64,302.04
80,64,274.57
88,64,242.53
96,64,232.41
104,64,222.86
112,64,225.89
120,64,223.79
128,64,214.1
136,64,217.35
144,64,224.26
152,64,238.68
160,64,258.71
168,64,254.1
176,64,240.07
184,64,224.58
192,64,215.08
200,64,198.69
208,64,187.22
216,64,173.64
224,64,133.44
232,64,144.08
240,64,153.02
248,64,168.55
256,64,156.1
264,64,149.57
272,64,160.13
280,64,153.9
288,64,162.29
296,64,158.11
0,72,283.07
8,72,300.26
16,72,328.17
24,72,332.03
32,72,319.03
40,72,311.65
48,72,327.72
56,72,311.18
64,72,277.78
72,72,246.38
80,72,229.82
88,72,226.02
96,72,222.34
104,72,226.78
112,72,232.5
120,72,207.39
128,72,214.5
136,72,225.58
144,72,246.14
152,72,245.24
160,72,239.14
168,72,240.14
176,72,218.92
184,72,225.02
192,72,224.76
200,72,197.28
208,72,181.32
216,72,148.12
224,72,164.04
232,72,163.9
240,72,158.9
248,72,156.95
256,72,163.44
264,72,162.66
272,72,160.08
0,80,296
8,80,308.95
16,80,316.21
24,80,323.88
32,80,312.22
40,80,311.55
48,80,279.38
56,80,255.05
64,80,245.99
72,80,240.01
80,80,230.06
88,80,225.39
96,80,224.86
104,80,193.92
112,80,209.9
120,80,209.01
128,80,228.09
136,80,230.73
144,80,231.76
152,80,242.12
160,80,238.39
168,80,239.1
176,80,227.13
184,80,221.27
192,80,207.3
200,80,198.04
208,80,163.04
216,80,171.93
224,80,170.73
232,80,167.4
240,80,177.69
248,80,172.46
0,88,283.32
8,88,301.59
16,88,305.06
24,88,301.11
32,88,277.2
40,88,269.54
48,88,255.75
56,88,242.45
64,88,244.39
72,88,240.91
80,88,212.9
88,88,217.04
96,88,221.65
104,88,213.04
112,88,220.37
120,88,219.58
128,88,223.72
136,88,238.49
144,88,246.18
152,88,240.53
160,88,226.81
168,88,239.45
176,88,232.45
184,88,215.55
192,88,202.69
200,88,186.02
208,88,184.51
216,88,180.47
224,88,181.94
0,96,268.9
8,96,268
16,96,274.87
24,96,271.64
32,96,264.82
40,96,253.42
48,96,252.53
56,96,239.25
64,96,237.11
72,96,231.15
80,96,222.93
88,96,220.81
96,96,225.4
104,96,206.77
112,96,224.91
120,96,231.24
128,96,230.51
136,96,232.11
144,96,237.09
152,96,244.28
160,96,242.39
168,96,236.64
176,96,229.05
184,96,222.89
192,96,199.92
200,96,191.69
0,104,254.28
8,104,260.87
16,104,264.83
24,104,257.9
32,104,249.74
40,104,253.08
48,104,252.96
56,104,240.77
64,104,234.55
72,104,228.74
80,104,213.04
88,104,223.75
96,104,241.95
104,104,215.02
112,104,222.38
120,104,223.76
128,104,247.09
136,104,250.05
144,104,232.09
152,104,242.45
160,104,239.68
168,104,250.11
176,104,221.31
0,112,241.57
8,112,264
16,112,253.99
24,112,252.04
32,112,245.59
40,112,246.24
48,112,247.31
56,112,241.17
64,112,240.84
72,112,281.27
80,112,209.3
88,112,187.53
96,112,218.19
104,112,230.75
112,112,229.73
120,112,233.84
128,112,246.56
136,112,240.45
144,112,252.68
152,112,258.04
0,120,228.58
8,120,254.16
16,120,244.85
24,120,242.47
32,120,240.88
40,120,252.1
48,120,266.06
56,120,238.74
64,120,198.7
72,120,214.51
80,120,222.25
88,120,218.83
96,120,221.01
104,120,239.03
112,120,243.18
120,120,250.49
128,120,246.42
0,128,225.69
8,128,249.4
16,128,247.2
24,128,252.81
32,128,261.46
40,128,232.6
48,128,245.73
56,128,274.04
64,128,219.23
72,128,214.87
80,128,223.57
88,128,235.82
96,128,265.47
104,128,247.02
0,136,233.54
8,136,251.33
16,136,242.85
24,136,239.28
32,136,252.53
40,136,238.62
48,136,214.52
56,136,245.53
64,136,226.99
72,136,259
80,136,242.32
0,144,252.15
8,144,279.74
16,144,249.69
24,144,209.08
32,144,241.55
40,144,233.13
48,144,282.9
56,144,273.47
0,152,164.65
8,152,253.96
16,152,235.67
24,152,243.14
32,152,243.92
0,160,232.67
8,160,259.39
2
13
-10,360
0,361
70,365
125,370
190,375
270,380
315,385
370,390
388,392
395,394
415,395
460,400
500,405
2
0
0
0
0
0
0
0
