C:\SAS4000\Projects\lrmnr002.s4k
1.0
7
1113    
0
0
    0.50     7.00   4.000000    14.092275
    0.50     9.00   3.000000    14.631336
    0.50    12.00   2.000000    14.943972
    1.50    12.00   2.000000    14.895655
    2.50    12.00   2.000000    14.688178
    3.50    12.00   2.000000    14.509124
    0.50     8.00   3.000000    15.017867
    1.50     8.00   3.000000    14.631335
    2.50     8.00   3.000000    14.502492
    3.50     8.00   3.000000    13.744588
    4.50     8.00   3.000000    13.433847
    5.50     8.00   3.000000    13.476584
    6.50     8.00   3.000000    14.585861
    7.50     8.00   3.000000    15.154289
    0.50     5.00   5.000000    14.790969
    0.50    11.00   2.000000    15.415528
    1.50    11.00   2.000000    15.201895
    1.50     5.00   5.000000    14.400175
    2.50     5.00   5.000000    14.038986
    2.50    11.00   2.000000    14.362991
    3.50    11.00   2.000000    14.105066
    3.50     5.00   5.000000    13.346215
    4.50     5.00   5.000000    12.776256
    4.50    11.00   2.000000    14.907496
    5.50    11.00   2.000000    14.574019
    5.50     5.00   5.000000    13.594903
    6.50     5.00   5.000000    14.234383
    6.50    11.00   2.000000    14.712100
    7.50     5.00   5.000000    14.542282
    7.50    11.00   2.000000    14.053882
    8.50     5.00   5.000000    14.862023
    8.50    11.00   2.000000    14.696468
    0.50     6.00   4.000000    14.869127
    1.50     6.00   4.000000    14.613335
    2.50     6.00   4.000000    14.305437
    3.50     6.00   4.000000    13.774904
    4.50     6.00   4.000000    13.964380
    5.50     6.00   4.000000    12.870895
    6.50     6.00   4.000000    13.893327
    7.50     6.00   4.000000    14.959129
    8.50     6.00   4.000000    14.632284
    9.50     6.00   4.000000    15.039657
    0.50     4.00   6.000000    15.067129
    1.50     4.00   6.000000    14.309407
    2.50     4.00   6.000000    14.132066
    3.50     4.00   6.000000    13.528584
    4.50     4.00   6.000000    13.356162
    5.50     4.00   6.000000    12.189495
    6.50     4.00   6.000000    14.549862
    7.50     4.00   6.000000    14.470281
    8.50     4.00   6.000000    13.661219
    9.50     4.00   6.000000    14.662600
   10.50     4.00   6.000000    13.681113
   11.50     4.00   6.000000    15.484925
    0.50    10.00   2.000000    16.074670
    1.50    10.00   2.000000    15.470714
    2.50    10.00   2.000000    14.577810
    3.50    10.00   2.000000    14.547020
    4.50    10.00   2.000000    15.051499
    5.50    10.00   2.000000    14.478333
    6.50    10.00   2.000000    14.528071
    7.50    10.00   2.000000    14.933077
    8.50    10.00   2.000000    14.890445
    9.50    10.00   2.000000    14.858312
   10.50    10.00   2.000000    14.933077
   11.50    10.00   2.000000    14.712811
   12.50    10.00   2.000000    13.628061
   13.50    10.00   2.000000    13.133054
    0.50     7.00   3.000000    16.071826
    1.50     7.00   3.000000    15.501857
    2.50     7.00   3.000000    14.168541
    3.50     7.00   3.000000    13.482164
    4.50     7.00   3.000000    14.420543
    5.50     7.00   3.000000    14.596283
    6.50     7.00   3.000000    15.050551
    7.50     7.00   3.000000    13.936433
    8.50     7.00   3.000000    12.851967
    9.50     7.00   3.000000    14.891392
   10.50     7.00   3.000000    15.229606
   11.50     7.00   3.000000    14.951077
   12.50     7.00   3.000000    14.612861
   13.50     7.00   3.000000    13.521954
   14.50     7.00   3.000000    13.631376
    0.50     9.00   2.000000    14.990806
    0.50     5.00   4.000000    16.792308
    1.50     5.00   4.000000    16.231777
    1.50     9.00   2.000000    15.882588
    2.50     9.00   2.000000    15.161157
    2.50     5.00   4.000000    14.633072
    3.50     9.00   2.000000    14.552466
    3.50     5.00   4.000000    14.542281
    4.50     9.00   2.000000    14.488520
    4.50     5.00   4.000000    13.249450
    5.50     5.00   4.000000    13.934379
    5.50     9.00   2.000000    14.328647
    6.50     5.00   4.000000    14.100170
    6.50     9.00   2.000000    14.539676
    7.50     5.00   4.000000    14.629126
    7.50     9.00   2.000000    14.665441
    8.50     5.00   4.000000    14.423858
    8.50     9.00   2.000000    14.665441
    9.50     5.00   4.000000    14.353572
    9.50     9.00   2.000000    14.659046
   10.50     9.00   2.000000    14.676099
   10.50     5.00   4.000000    14.435701
   11.50     9.00   2.000000    14.309406
   11.50     5.00   4.000000    14.258068
   12.50     9.00   2.000000    14.759232
   12.50     5.00   4.000000    14.329121
   13.50     9.00   2.000000    14.605757
   13.50     5.00   4.000000    14.613336
   14.50     9.00   2.000000    14.326515
   14.50     5.00   4.000000    14.530440
   15.50     9.00   2.000000    13.599639
   15.50     5.00   4.000000    14.605441
   16.50     5.00   4.000000    13.800167
   16.50     9.00   2.000000    12.599916
   17.50     9.00   2.000000    11.811222
   17.50     5.00   4.000000    12.276464
   18.50     5.00   4.000000    11.254084
   18.50     9.00   2.000000    11.033187
    0.50     4.00   5.000000    16.787573
    1.50     4.00   5.000000    17.076523
    2.50     4.00   5.000000    14.594387
    3.50     4.00   5.000000    13.978591
    4.50     4.00   5.000000    14.878602
    5.50     4.00   5.000000    13.817283
    6.50     4.00   5.000000    14.457019
    7.50     4.00   5.000000    14.101750
    8.50     4.00   5.000000    13.907537
    9.50     4.00   5.000000    13.438728
   10.50     4.00   5.000000    15.437556
   11.50     4.00   5.000000    14.802812
   12.50     4.00   5.000000    13.339109
   13.50     4.00   5.000000    14.021223
   14.50     4.00   5.000000    14.097013
   15.50     4.00   5.000000    15.096500
   16.50     4.00   5.000000    14.457019
   17.50     4.00   5.000000    13.064369
   18.50     4.00   5.000000    11.709616
   19.50     4.00   5.000000    10.634339
    0.50     6.00   3.000000    14.650108
    1.50     6.00   3.000000    16.524202
    2.50     6.00   3.000000    15.213974
    3.50     6.00   3.000000    14.716600
    4.50     6.00   3.000000    15.049130
    5.50     6.00   3.000000    14.309406
    6.50     6.00   3.000000    14.583018
    7.50     6.00   3.000000    14.259014
    8.50     6.00   3.000000    14.577336
    9.50     6.00   3.000000    14.318700
   10.50     6.00   3.000000    13.917958
   11.50     6.00   3.000000    12.719473
   12.50     6.00   3.000000    14.023118
   13.50     6.00   3.000000    14.679652
   14.50     6.00   3.000000    14.216384
   15.50     6.00   3.000000    14.085645
   16.50     6.00   3.000000    13.827010
   17.50     6.00   3.000000    13.949222
   18.50     6.00   3.000000    13.224477
   19.50     6.00   3.000000    11.831828
   20.50     6.00   3.000000    10.899607
   21.50     6.00   3.000000    10.098122
    0.50     8.00   2.000000    13.172371
    1.50     8.00   2.000000    13.552294
    2.50     8.00   2.000000    14.377439
    3.50     8.00   2.000000    14.913656
    4.50     8.00   2.000000    15.764402
    5.50     8.00   2.000000    15.142228
    6.50     8.00   2.000000    14.892814
    7.50     8.00   2.000000    14.822707
    8.50     8.00   2.000000    15.004603
    9.50     8.00   2.000000    14.680598
   10.50     8.00   2.000000    14.835969
   11.50     8.00   2.000000    14.144382
   12.50     8.00   2.000000    13.356161
   13.50     8.00   2.000000    13.552294
   14.50     8.00   2.000000    14.417228
   15.50     8.00   2.000000    14.612388
   16.50     8.00   2.000000    14.129225
   17.50     8.00   2.000000    13.702904
   18.50     8.00   2.000000    12.568050
   19.50     8.00   2.000000    12.981000
   20.50     8.00   2.000000    12.245834
   21.50     8.00   2.000000    11.408349
   22.50     8.00   2.000000    10.794447
   23.50     8.00   2.000000    10.485601
    0.50     3.00   6.000000    14.503438
    1.50     3.00   6.000000    16.204460
    2.50     3.00   6.000000    16.224354
    3.50     3.00   6.000000    13.116955
    4.50     3.00   6.000000    14.110664
    5.50     3.00   6.000000    14.234857
    6.50     3.00   6.000000    14.692441
    7.50     3.00   6.000000    15.164948
    8.50     3.00   6.000000    14.706889
    9.50     3.00   6.000000    14.543230
   10.50     3.00   6.000000    12.886972
   11.50     3.00   6.000000    12.321990
   12.50     3.00   6.000000    13.732509
   13.50     3.00   6.000000    14.548202
   14.50     3.00   6.000000    12.568653
   15.50     3.00   6.000000    12.091173
   16.50     3.00   6.000000    13.115765
   17.50     3.00   6.000000    14.284594
   18.50     3.00   6.000000    14.269674
   19.50     3.00   6.000000    13.116955
   20.50     3.00   6.000000    13.289846
   21.50     3.00   6.000000    12.513941
   22.50     3.00   6.000000    10.325494
   23.50     3.00   6.000000     9.793303
    0.50     4.00   4.000000    10.234861
    1.50     4.00   4.000000    12.833839
    2.50     4.00   4.000000    14.709652
    3.50     4.00   4.000000    15.732823
    4.50     4.00   4.000000    16.203354
    6.50     4.00   4.000000    14.132747
    7.50     4.00   4.000000    14.877023
    8.50     4.00   4.000000    15.454925
    9.50     4.00   4.000000    14.889859
   10.50     4.00   4.000000    14.627546
   11.50     4.00   4.000000    14.024381
   12.50     4.00   4.000000    13.143318
   13.50     4.00   4.000000    12.366154
   14.50     4.00   4.000000    14.081224
   15.50     4.00   4.000000    13.380161
   16.50     4.00   4.000000    12.372783
   17.50     4.00   4.000000    13.304372
   18.50     4.00   4.000000    13.137002
   19.50     4.00   4.000000    14.611757
   20.50     4.00   4.000000    14.728599
   21.50     4.00   4.000000    13.746483
   22.50     4.00   4.000000    13.345426
   23.50     4.00   4.000000    12.413834
   24.50     4.00   4.000000    10.534865
   25.50     4.00   4.000000     9.565380
   26.50     4.00   4.000000     8.959152
   27.50     4.00   4.000000     9.720117
    0.50     7.00   2.000000    11.456192
    0.50     5.00   3.000000     9.959331
    1.50     5.00   3.000000    12.026988
    1.50     7.00   2.000000    12.237069
    2.50     7.00   2.000000    12.820657
    2.50     5.00   3.000000    13.341477
    3.50     5.00   3.000000    14.779126
    3.50     7.00   2.000000    13.631376
    4.50     7.00   2.000000    15.259448
    4.50     5.00   3.000000    16.112563
    5.50     7.00   2.000000    16.136486
    5.50     5.00   3.000000    16.834942
    6.50     7.00   2.000000    16.602360
    6.50     5.00   3.000000    15.579663
    7.50     7.00   2.000000    15.766847
    7.50     5.00   3.000000    15.167553
    8.50     5.00   3.000000    15.264659
    8.50     7.00   2.000000    14.971879
    9.50     7.00   2.000000    14.839385
    9.50     5.00   3.000000    14.952951
   10.50     5.00   3.000000    14.660704
   10.50     7.00   2.000000    14.706890
   11.50     5.00   3.000000    14.195841
   11.50     7.00   2.000000    14.748811
   12.50     5.00   3.000000    13.438728
   12.50     7.00   2.000000    14.541571
   13.50     5.00   3.000000    13.400690
   13.50     7.00   2.000000    14.405622
   14.50     7.00   2.000000    13.178764
   14.50     5.00   3.000000    12.965533
   15.50     5.00   3.000000    13.270424
   15.50     7.00   2.000000    13.014631
   16.50     7.00   2.000000    13.911564
   16.50     5.00   3.000000    13.355688
   17.50     7.00   2.000000    14.135382
   17.50     5.00   3.000000    13.386478
   18.50     5.00   3.000000    13.060173
   18.50     7.00   2.000000    13.888353
   19.50     7.00   2.000000    13.580687
   19.50     5.00   3.000000    13.737009
   20.50     5.00   3.000000    14.620440
   20.50     7.00   2.000000    13.926484
   21.50     5.00   3.000000    14.921235
   21.50     7.00   2.000000    13.911923
   22.50     7.00   2.000000    14.049170
   22.50     5.00   3.000000    13.552269
   23.50     7.00   2.000000    12.883657
   23.50     5.00   3.000000    13.223055
   24.50     5.00   3.000000    11.792511
   24.50     7.00   2.000000    12.031487
   25.50     7.00   2.000000    11.481060
   25.50     5.00   3.000000    10.449601
   26.50     7.00   2.000000    10.559260
   26.50     5.00   3.000000     9.907226
   27.50     5.00   3.000000    10.061176
   27.50     7.00   2.000000    10.506207
   28.50     5.00   3.000000     9.902488
   28.50     7.00   2.000000    10.987002
    0.50     3.00   5.000000     8.174704
    1.50     3.00   5.000000     8.810633
    2.50     3.00   5.000000    10.647367
    3.50     3.00   5.000000    14.573072
    4.50     3.00   5.000000    17.248236
    5.50     3.00   5.000000    18.363774
    6.50     3.00   5.000000    16.601648
    7.50     3.00   5.000000    15.848481
    8.50     3.00   5.000000    14.981629
    9.50     3.00   5.000000    15.141499
   10.50     3.00   5.000000    15.113077
   11.50     3.00   5.000000    14.763673
   12.50     3.00   5.000000    13.202131
   13.50     3.00   5.000000    11.924505
   14.50     3.00   5.000000    12.492339
   15.50     3.00   5.000000    13.617402
   16.50     3.00   5.000000    14.143197
   17.50     3.00   5.000000    13.152002
   18.50     3.00   5.000000    11.498630
   19.50     3.00   5.000000    12.913972
   20.50     3.00   5.000000    14.740047
   21.50     3.00   5.000000    16.026115
   22.50     3.00   5.000000    15.393739
   23.50     3.00   5.000000    14.864390
   24.50     3.00   5.000000    13.173318
   25.50     3.00   5.000000    12.576468
   26.50     3.00   5.000000    10.832106
   27.50     3.00   5.000000     9.666828
   28.50     3.00   5.000000     8.517504
   29.50     3.00   5.000000     9.958147
   30.50     3.00   5.000000    11.233559
    0.50     6.00   2.000000     9.595064
   30.50     6.00   2.000000    11.720985
    1.50     6.00   2.000000     9.614960
   31.50     6.00   2.000000    12.079093
    2.50     6.00   2.000000     9.930437
   32.50     6.00   2.000000    12.198464
    3.50     6.00   2.000000    11.483667
   33.50     6.00   2.000000    13.632323
    4.50     6.00   2.000000    13.267108
    5.50     6.00   2.000000    15.557873
    6.50     6.00   2.000000    17.455001
    7.50     6.00   2.000000    18.851916
    8.50     6.00   2.000000    18.517960
    9.50     6.00   2.000000    17.221945
   10.50     6.00   2.000000    16.299671
   11.50     6.00   2.000000    15.388290
   12.50     6.00   2.000000    14.556018
   13.50     6.00   2.000000    13.611008
   14.50     6.00   2.000000    14.101277
   15.50     6.00   2.000000    13.925064
   16.50     6.00   2.000000    13.457656
   17.50     6.00   2.000000    13.164791
   18.50     6.00   2.000000    13.230523
   19.50     6.00   2.000000    14.195840
   20.50     6.00   2.000000    14.990806
   21.50     6.00   2.000000    15.672207
   22.50     6.00   2.000000    15.529452
   23.50     6.00   2.000000    16.134827
   24.50     6.00   2.000000    15.650243
   25.50     6.00   2.000000    15.177028
   26.50     6.00   2.000000    13.841221
   27.50     6.00   2.000000    12.810946
   28.50     6.00   2.000000    12.605906
   29.50     6.00   2.000000    12.263834
    0.50     4.00   3.000000    10.165386
   28.50     4.00   3.000000    13.269003
    1.50     4.00   3.000000     9.557169
   29.50     4.00   3.000000    11.834670
    2.50     4.00   3.000000     8.443050
   30.50     4.00   3.000000    11.735227
    3.50     4.00   3.000000     8.607894
   31.50     4.00   3.000000    12.005198
    4.50     4.00   3.000000    10.856974
   32.50     4.00   3.000000    12.643733
    5.50     4.00   3.000000    14.578284
   33.50     4.00   3.000000    14.627547
    6.50     4.00   3.000000    17.606110
   34.50     4.00   3.000000    13.703717
    7.50     4.00   3.000000    20.018137
   35.50     4.00   3.000000    14.648388
    8.50     4.00   3.000000    20.340248
    9.50     4.00   3.000000    18.570542
   10.50     4.00   3.000000    16.596202
   11.50     4.00   3.000000    15.976615
   12.50     4.00   3.000000    15.715139
   13.50     4.00   3.000000    14.612251
   14.50     4.00   3.000000    14.081855
   15.50     4.00   3.000000    13.068159
   16.50     4.00   3.000000    12.759313
   17.50     4.00   3.000000    12.416629
   18.50     4.00   3.000000    13.958697
   19.50     4.00   3.000000    13.765431
   20.50     4.00   3.000000    13.930851
   21.50     4.00   3.000000    15.445074
   22.50     4.00   3.000000    16.050763
   23.50     4.00   3.000000    17.337850
   24.50     4.00   3.000000    17.204419
   25.50     4.00   3.000000    16.366936
   26.50     4.00   3.000000    15.211131
   27.50     4.00   3.000000    14.691968
    0.50     3.00   4.000000    10.660393
   27.50     3.00   4.000000    15.179395
    1.50     3.00   4.000000     9.959331
   28.50     3.00   4.000000    14.262805
    2.50     3.00   4.000000     8.599841
   29.50     3.00   4.000000    12.749365
    3.50     3.00   4.000000     8.000623
   30.50     3.00   4.000000    11.167394
    4.50     3.00   4.000000     9.324587
   31.50     3.00   4.000000    11.545950
    5.50     3.00   4.000000    12.379888
   32.50     3.00   4.000000    13.147265
    6.50     3.00   4.000000    17.353631
   33.50     3.00   4.000000    14.288857
    7.50     3.00   4.000000    20.420777
   34.50     3.00   4.000000    14.952951
    8.50     3.00   4.000000    21.368153
   35.50     3.00   4.000000    14.371753
    9.50     3.00   4.000000    19.087337
   36.50     3.00   4.000000    15.489662
   10.50     3.00   4.000000    17.514685
   11.50     3.00   4.000000    16.195460
   12.50     3.00   4.000000    15.631768
   13.50     3.00   4.000000    15.120184
   14.50     3.00   4.000000    14.669034
   15.50     3.00   4.000000    13.348582
   16.50     3.00   4.000000    11.984356
   17.50     3.00   4.000000    11.451311
   18.50     3.00   4.000000    13.649377
   19.50     3.00   4.000000    14.750704
   20.50     3.00   4.000000    14.163330
   21.50     3.00   4.000000    14.999393
   22.50     3.00   4.000000    15.993978
   23.50     3.00   4.000000    17.602841
   24.50     3.00   4.000000    18.643869
   25.50     3.00   4.000000    17.102576
   26.50     3.00   4.000000    16.204935
    0.50     2.00   6.000000    11.486034
   26.50     2.00   6.000000    16.967102
    1.50     2.00   6.000000    10.789711
   27.50     2.00   6.000000    16.167986
   28.50     2.00   6.000000    14.466965
    3.50     2.00   6.000000     8.044203
   29.50     2.00   6.000000    13.830325
    4.50     2.00   6.000000     8.452050
   30.50     2.00   6.000000    12.348151
    5.50     2.00   6.000000    10.229335
   31.50     2.00   6.000000    10.202077
    6.50     2.00   6.000000    14.874812
   32.50     2.00   6.000000    12.958262
    7.50     2.00   6.000000    21.101941
   33.50     2.00   6.000000    15.120182
    8.50     2.00   6.000000    22.418325
   34.50     2.00   6.000000    14.755443
    9.50     2.00   6.000000    19.957981
   35.50     2.00   6.000000    16.267461
   10.50     2.00   6.000000    17.739690
   36.50     2.00   6.000000    15.285975
   11.50     2.00   6.000000    17.288737
   37.50     2.00   6.000000    15.345661
   12.50     2.00   6.000000    15.866246
   13.50     2.00   6.000000    15.067129
   14.50     2.00   6.000000    15.793297
   15.50     2.00   6.000000    13.779428
   16.50     2.00   6.000000    12.026515
   17.50     2.00   6.000000    10.732055
   18.50     2.00   6.000000    13.107474
   19.50     2.00   6.000000    14.602914
   20.50     2.00   6.000000    15.683874
   21.50     2.00   6.000000    15.057182
   22.50     2.00   6.000000    14.486861
   23.50     2.00   6.000000    18.144220
   24.50     2.00   6.000000    19.344196
   25.50     2.00   6.000000    18.993073
    0.50     5.00   2.000000    11.884881
   25.50     5.00   2.000000    19.022425
    1.50     5.00   2.000000    10.541970
   26.50     5.00   2.000000    18.643869
    2.50     5.00   2.000000     9.678669
   27.50     5.00   2.000000    16.798410
    3.50     5.00   2.000000     9.184848
   28.50     5.00   2.000000    16.271249
    4.50     5.00   2.000000     9.626564
   29.50     5.00   2.000000    15.037289
    5.50     5.00   2.000000    11.391059
   30.50     5.00   2.000000    13.615035
    6.50     5.00   2.000000    14.568334
   31.50     5.00   2.000000    13.580688
    7.50     5.00   2.000000    17.190211
   32.50     5.00   2.000000    14.067407
    8.50     5.00   2.000000    19.291024
   33.50     5.00   2.000000    13.951354
    9.50     5.00   2.000000    20.283404
   34.50     5.00   2.000000    16.236908
   10.50     5.00   2.000000    20.869595
   35.50     5.00   2.000000    16.332830
   11.50     5.00   2.000000    18.672859
   36.50     5.00   2.000000    16.467175
   12.50     5.00   2.000000    16.890600
   37.50     5.00   2.000000    16.825467
   13.50     5.00   2.000000    16.383750
   38.50     5.00   2.000000    16.987688
   14.50     5.00   2.000000    15.568104
   15.50     5.00   2.000000    14.412017
   16.50     5.00   2.000000    13.881485
   17.50     5.00   2.000000    13.643456
   18.50     5.00   2.000000    13.088053
   19.50     5.00   2.000000    13.722646
   20.50     5.00   2.000000    14.734127
   21.50     5.00   2.000000    15.891115
   22.50     5.00   2.000000    17.384423
   23.50     5.00   2.000000    18.257194
   24.50     5.00   2.000000    17.934076
    0.50     2.00   5.000000    13.260950
   22.50     2.00   5.000000    17.926796
    1.50     2.00   5.000000    10.954081
   23.50     2.00   5.000000    17.230472
    2.50     2.00   5.000000    11.053556
   24.50     2.00   5.000000    16.415727
    3.50     2.00   5.000000    10.584602
   25.50     2.00   5.000000    20.993939
    4.50     2.00   5.000000    10.248283
   26.50     2.00   5.000000    22.059741
    5.50     2.00   5.000000     9.454853
   27.50     2.00   5.000000    20.536650
    6.50     2.00   5.000000     9.459588
   28.50     2.00   5.000000    19.400982
    7.50     2.00   5.000000    11.337769
   29.50     2.00   5.000000    18.083113
    8.50     2.00   5.000000    16.129145
   30.50     2.00   5.000000    15.698087
    9.50     2.00   5.000000    22.460009
   31.50     2.00   5.000000    15.027815
   10.50     2.00   5.000000    23.776869
   32.50     2.00   5.000000    14.317279
   11.50     2.00   5.000000    20.674199
   33.50     2.00   5.000000    12.208423
   12.50     2.00   5.000000    17.618898
   34.50     2.00   5.000000    15.181763
   13.50     2.00   5.000000    17.675741
   35.50     2.00   5.000000    17.348894
   14.50     2.00   5.000000    16.870467
   36.50     2.00   5.000000    16.922576
   15.50     2.00   5.000000    15.515715
   37.50     2.00   5.000000    20.288141
   16.50     2.00   5.000000    16.673887
   38.50     2.00   5.000000    19.402341
   17.50     2.00   5.000000    15.520787
   39.50     2.00   5.000000    18.478647
   18.50     2.00   5.000000    12.879630
   40.50     2.00   5.000000    18.734439
   19.50     2.00   5.000000    12.113783
   41.50     2.00   5.000000    17.372581
   20.50     2.00   5.000000    14.603861
   21.50     2.00   5.000000    16.536517
    0.50     3.00   3.000000    14.705232
   21.50     3.00   3.000000    16.318146
   42.50     3.00   3.000000    17.109682
    1.50     3.00   3.000000    12.373256
   22.50     3.00   3.000000    17.986482
    2.50     3.00   3.000000    10.753236
   23.50     3.00   3.000000    17.435106
    3.50     3.00   3.000000    10.783079
   24.50     3.00   3.000000    18.319013
    4.50     3.00   3.000000    10.811500
   25.50     3.00   3.000000    19.694607
    5.50     3.00   3.000000    10.672235
   26.50     3.00   3.000000    21.340206
    6.50     3.00   3.000000     9.995806
   27.50     3.00   3.000000    22.593592
    7.50     3.00   3.000000    11.000502
   28.50     3.00   3.000000    20.547252
    8.50     3.00   3.000000    14.040171
   29.50     3.00   3.000000    19.815398
    9.50     3.00   3.000000    19.332235
   30.50     3.00   3.000000    17.469211
   10.50     3.00   3.000000    22.425903
   31.50     3.00   3.000000    16.523959
   11.50     3.00   3.000000    22.666064
   32.50     3.00   3.000000    15.104374
   12.50     3.00   3.000000    19.390498
   33.50     3.00   3.000000    14.435228
   13.50     3.00   3.000000    17.953797
   34.50     3.00   3.000000    14.934024
   14.50     3.00   3.000000    16.920679
   35.50     3.00   3.000000    15.931614
   15.50     3.00   3.000000    17.076997
   36.50     3.00   3.000000    18.220957
   16.50     3.00   3.000000    16.485831
   37.50     3.00   3.000000    19.192774
   17.50     3.00   3.000000    16.183257
   38.50     3.00   3.000000    20.129455
   18.50     3.00   3.000000    14.727968
   39.50     3.00   3.000000    20.984940
   19.50     3.00   3.000000    13.412058
   40.50     3.00   3.000000    19.060810
   20.50     3.00   3.000000    14.082274
   41.50     3.00   3.000000    18.658649
    0.50     4.00   2.000000    16.627465
   20.50     4.00   2.000000    15.266080
   40.50     4.00   2.000000    21.176784
    1.50     4.00   2.000000    13.736062
   21.50     4.00   2.000000    16.050763
   41.50     4.00   2.000000    19.468656
    2.50     4.00   2.000000    11.956882
   22.50     4.00   2.000000    18.026746
   42.50     4.00   2.000000    18.302433
    3.50     4.00   2.000000    10.604023
   23.50     4.00   2.000000    17.939587
   43.50     4.00   2.000000    18.020113
    4.50     4.00   2.000000    11.121293
   24.50     4.00   2.000000    18.390539
    5.50     4.00   2.000000    11.330664
   25.50     4.00   2.000000    21.136993
    6.50     4.00   2.000000    11.036029
   26.50     4.00   2.000000    20.588461
    7.50     4.00   2.000000    11.288032
   27.50     4.00   2.000000    22.271008
    8.50     4.00   2.000000    13.213108
   28.50     4.00   2.000000    22.610170
    9.50     4.00   2.000000    16.848204
   29.50     4.00   2.000000    20.602671
   10.50     4.00   2.000000    20.087296
   30.50     4.00   2.000000    18.989281
   11.50     4.00   2.000000    21.943214
   31.50     4.00   2.000000    17.647793
   12.50     4.00   2.000000    21.230785
   32.50     4.00   2.000000    16.707993
   13.50     4.00   2.000000    19.498025
   33.50     4.00   2.000000    15.293651
   14.50     4.00   2.000000    17.325683
   34.50     4.00   2.000000    16.443674
   15.50     4.00   2.000000    17.114418
   35.50     4.00   2.000000    15.710062
   16.50     4.00   2.000000    17.838217
   36.50     4.00   2.000000    17.211052
   17.50     4.00   2.000000    16.656452
   37.50     4.00   2.000000    20.631287
   18.50     4.00   2.000000    15.815560
   38.50     4.00   2.000000    19.836320
   19.50     4.00   2.000000    15.045340
   39.50     4.00   2.000000    21.748054
    0.50     2.00   4.000000    18.254433
   18.50     2.00   4.000000    18.724964
   36.50     2.00   4.000000    16.737045
    1.50     2.00   4.000000    16.939153
   19.50     2.00   4.000000    17.855212
   37.50     2.00   4.000000    20.056033
    2.50     2.00   4.000000    13.545954
   20.50     2.00   4.000000    15.574925
   38.50     2.00   4.000000    19.999190
    3.50     2.00   4.000000    10.959606
   21.50     2.00   4.000000    14.637488
   39.50     2.00   4.000000    23.046597
    4.50     2.00   4.000000    12.020673
   22.50     2.00   4.000000    18.284433
   40.50     2.00   4.000000    21.579737
    5.50     2.00   4.000000    12.434361
   23.50     2.00   4.000000    19.790768
   41.50     2.00   4.000000    21.053939
    6.50     2.00   4.000000    11.619616
   24.50     2.00   4.000000    20.701831
   42.50     2.00   4.000000    21.202361
    7.50     2.00   4.000000    10.931185
   25.50     2.00   4.000000    19.146548
   43.50     2.00   4.000000    19.339182
    8.50     2.00   4.000000    10.779604
   26.50     2.00   4.000000    18.083903
   44.50     2.00   4.000000    16.820730
    9.50     2.00   4.000000    12.116989
   27.50     2.00   4.000000    23.548708
   45.50     2.00   4.000000    17.695480
   10.50     2.00   4.000000    16.354937
   28.50     2.00   4.000000    25.184515
   11.50     2.00   4.000000    21.936583
   29.50     2.00   4.000000    23.722395
   12.50     2.00   4.000000    23.286598
   30.50     2.00   4.000000    21.906583
   13.50     2.00   4.000000    20.477617
   31.50     2.00   4.000000    19.773396
   14.50     2.00   4.000000    18.475488
   32.50     2.00   4.000000    18.871808
   15.50     2.00   4.000000    18.278115
   33.50     2.00   4.000000    17.717583
   16.50     2.00   4.000000    16.798625
   34.50     2.00   4.000000    16.708624
   17.50     2.00   4.000000    16.639149
   35.50     2.00   4.000000    14.019643
    0.50     3.00   2.000000    18.055405
   15.50     3.00   2.000000    19.569553
   30.50     3.00   2.000000    26.654298
   45.50     3.00   2.000000    19.158866
    1.50     3.00   2.000000    16.289725
   16.50     3.00   2.000000    19.491394
   31.50     3.00   2.000000    23.828500
   46.50     3.00   2.000000    19.871531
    2.50     3.00   2.000000    15.226053
   17.50     3.00   2.000000    17.941006
   32.50     3.00   2.000000    23.436285
   47.50     3.00   2.000000    19.134706
    3.50     3.00   2.000000    13.682061
   18.50     3.00   2.000000    18.029824
   33.50     3.00   2.000000    21.426891
   48.50     3.00   2.000000    19.913451
    4.50     3.00   2.000000    13.558428
   19.50     3.00   2.000000    18.551356
   34.50     3.00   2.000000    20.754016
    5.50     3.00   2.000000    13.299793
   20.50     3.00   2.000000    20.867883
   35.50     3.00   2.000000    18.245117
    6.50     3.00   2.000000    13.279188
   21.50     3.00   2.000000    21.255652
   36.50     3.00   2.000000    16.969706
    7.50     3.00   2.000000    12.913262
   22.50     3.00   2.000000    19.320867
   37.50     3.00   2.000000    17.608476
    8.50     3.00   2.000000    11.946935
   23.50     3.00   2.000000    20.044526
   38.50     3.00   2.000000    18.850492
    9.50     3.00   2.000000    11.197320
   24.50     3.00   2.000000    21.777187
   39.50     3.00   2.000000    21.596001
   10.50     3.00   2.000000    11.855276
   25.50     3.00   2.000000    24.083581
   40.50     3.00   2.000000    22.145511
   11.50     3.00   2.000000    15.036341
   26.50     3.00   2.000000    21.474496
   41.50     3.00   2.000000    21.691243
   12.50     3.00   2.000000    19.164547
   27.50     3.00   2.000000    21.554787
   42.50     3.00   2.000000    22.713343
   13.50     3.00   2.000000    20.960072
   28.50     3.00   2.000000    22.572984
   43.50     3.00   2.000000    20.555067
   14.50     3.00   2.000000    21.134153
   29.50     3.00   2.000000    25.214044
   44.50     3.00   2.000000    21.437547
    0.50     2.00   3.000000    18.556332
   14.50     2.00   3.000000    22.375219
   28.50     2.00   3.000000    20.992991
   42.50     2.00   3.000000    21.578472
    1.50     2.00   3.000000    16.419989
   15.50     2.00   3.000000    19.570027
   29.50     2.00   3.000000    25.495891
   43.50     2.00   3.000000    21.275312
    2.50     2.00   3.000000    14.932603
   16.50     2.00   3.000000    18.522226
   30.50     2.00   3.000000    26.866748
   44.50     2.00   3.000000    21.315100
    3.50     2.00   3.000000    14.445648
   17.50     2.00   3.000000    19.475290
   31.50     2.00   3.000000    25.691997
   45.50     2.00   3.000000    20.246457
    4.50     2.00   3.000000    13.468900
   18.50     2.00   3.000000    18.162222
   32.50     2.00   3.000000    24.378927
   46.50     2.00   3.000000    19.098232
    5.50     2.00   3.000000    12.693945
   19.50     2.00   3.000000    17.988850
   33.50     2.00   3.000000    23.043121
   47.50     2.00   3.000000    20.290038
    6.50     2.00   3.000000    14.118804
   20.50     2.00   3.000000    20.990151
   34.50     2.00   3.000000    21.732895
   48.50     2.00   3.000000    20.540145
    7.50     2.00   3.000000    13.989960
   21.50     2.00   3.000000    23.016188
   35.50     2.00   3.000000    19.366342
   49.50     2.00   3.000000    20.389510
    8.50     2.00   3.000000    12.324466
   22.50     2.00   3.000000    20.693618
   36.50     2.00   3.000000    18.453065
    9.50     2.00   3.000000    11.215084
   23.50     2.00   3.000000    19.154920
   37.50     2.00   3.000000    16.134827
   10.50     2.00   3.000000    10.768868
   24.50     2.00   3.000000    22.431114
   38.50     2.00   3.000000    18.743911
   11.50     2.00   3.000000    12.206042
   25.50     2.00   3.000000    24.377035
   39.50     2.00   3.000000    21.385208
   12.50     2.00   3.000000    16.441779
   26.50     2.00   3.000000    24.438613
   40.50     2.00   3.000000    20.848044
   13.50     2.00   3.000000    21.551945
   27.50     2.00   3.000000    21.902475
   41.50     2.00   3.000000    22.897225
    0.50     1.00   6.000000    19.235129
   13.50     1.00   6.000000    18.883650
   26.50     1.00   6.000000    24.336531
   39.50     1.00   6.000000    22.433247
    1.50     1.00   6.000000    16.877573
   14.50     1.00   6.000000    24.419428
   27.50     1.00   6.000000    26.268004
   40.50     1.00   6.000000    19.992795
    2.50     1.00   6.000000    14.861549
   15.50     1.00   6.000000    20.713987
   28.50     1.00   6.000000    19.818715
   41.50     1.00   6.000000    20.999150
    3.50     1.00   6.000000    14.110514
   16.50     1.00   6.000000    18.387935
   29.50     1.00   6.000000    23.504258
   42.50     1.00   6.000000    23.928686
    4.50     1.00   6.000000    14.843312
   17.50     1.00   6.000000    18.077905
   30.50     1.00   6.000000    28.754876
   43.50     1.00   6.000000    18.311670
    5.50     1.00   6.000000    11.668405
   18.50     1.00   6.000000    20.641041
   31.50     1.00   6.000000    25.276570
   44.50     1.00   6.000000    23.132886
    6.50     1.00   6.000000    13.387662
   19.50     1.00   6.000000    16.986996
   32.50     1.00   6.000000    26.705693
   45.50     1.00   6.000000    19.702661
    7.50     1.00   6.000000    15.246185
   20.50     1.00   6.000000    20.685805
   33.50     1.00   6.000000    23.549022
   46.50     1.00   6.000000    20.241483
    8.50     1.00   6.000000    13.296477
   21.50     1.00   6.000000    24.364718
   34.50     1.00   6.000000    24.237057
   47.50     1.00   6.000000    18.522224
    9.50     1.00   6.000000    11.462823
   22.50     1.00   6.000000    23.120292
   35.50     1.00   6.000000    19.594897
   48.50     1.00   6.000000    22.545984
   10.50     1.00   6.000000    10.733340
   23.50     1.00   6.000000    19.542939
   36.50     1.00   6.000000    20.594618
   49.50     1.00   6.000000    20.636067
   11.50     1.00   6.000000    10.587444
   24.50     1.00   6.000000    21.264416
   37.50     1.00   6.000000    17.121287
   50.50     1.00   6.000000    20.034244
   12.50     1.00   6.000000    13.097528
   25.50     1.00   6.000000    25.964607
   38.50     1.00   6.000000    15.768429
    0.50     1.00   5.000000    16.774546
   11.50     1.00   5.000000    10.643814
   22.50     1.00   5.000000    27.712049
   33.50     1.00   5.000000    26.915063
   44.50     1.00   5.000000    16.954548
    1.50     1.00   5.000000    17.341791
   12.50     1.00   5.000000     9.878804
   23.50     1.00   5.000000    24.132927
   34.50     1.00   5.000000    25.074780
   45.50     1.00   5.000000    21.483038
    2.50     1.00   5.000000    15.553610
   13.50     1.00   5.000000    12.587126
   24.50     1.00   5.000000    20.678605
   35.50     1.00   5.000000    23.852659
   46.50     1.00   5.000000    20.328405
    3.50     1.00   5.000000    14.250962
   14.50     1.00   5.000000    18.014429
   25.50     1.00   5.000000    24.496877
   36.50     1.00   5.000000    20.475248
   47.50     1.00   5.000000    19.524316
    4.50     1.00   5.000000    14.526886
   15.50     1.00   5.000000    24.563193
   26.50     1.00   5.000000    27.429017
   37.50     1.00   5.000000    22.870936
   48.50     1.00   5.000000    19.379840
    5.50     1.00   5.000000    14.705706
   16.50     1.00   5.000000    21.751844
   27.50     1.00   5.000000    26.597690
   38.50     1.00   5.000000    17.402184
   49.50     1.00   5.000000    23.859765
    6.50     1.00   5.000000    11.112766
   17.50     1.00   5.000000    18.939309
   28.50     1.00   5.000000    28.826402
   39.50     1.00   5.000000    16.080591
   50.50     1.00   5.000000    22.046715
    7.50     1.00   5.000000    12.737524
   18.50     1.00   5.000000    17.602319
   29.50     1.00   5.000000    21.628684
   40.50     1.00   5.000000    22.100005
   51.50     1.00   5.000000    21.044860
    8.50     1.00   5.000000    14.781494
   19.50     1.00   5.000000    20.830516
   30.50     1.00   5.000000    24.372532
   41.50     1.00   5.000000    19.133523
   52.50     1.00   5.000000    28.344361
    9.50     1.00   5.000000    13.921748
   20.50     1.00   5.000000    18.502331
   31.50     1.00   5.000000    31.020774
   42.50     1.00   5.000000    19.891427
   10.50     1.00   5.000000    11.584087
   21.50     1.00   5.000000    23.491469
   32.50     1.00   5.000000    26.957697
   43.50     1.00   5.000000    23.056860
    0.50     2.00   2.000000    17.467318
   10.50     2.00   2.000000    13.023159
   20.50     2.00   2.000000    19.732028
   30.50     2.00   2.000000    23.837500
   40.50     2.00   2.000000    18.651543
   50.50     2.00   2.000000    23.037438
    1.50     2.00   2.000000    16.011194
   11.50     2.00   2.000000    11.283294
   21.50     2.00   2.000000    22.217953
   31.50     2.00   2.000000    28.551190
   41.50     2.00   2.000000    20.134666
   51.50     2.00   2.000000    23.245388
    2.50     2.00   2.000000    15.438029
   12.50     2.00   2.000000     9.994384
   22.50     2.00   2.000000    27.231488
   32.50     2.00   2.000000    31.228010
   42.50     2.00   2.000000    18.815440
   52.50     2.00   2.000000    24.974355
    3.50     2.00   2.000000    14.675862
   13.50     2.00   2.000000    10.862185
   23.50     2.00   2.000000    28.467389
   33.50     2.00   2.000000    27.550281
   43.50     2.00   2.000000    20.653356
   53.50     2.00   2.000000    25.151516
    4.50     2.00   2.000000    14.773443
   14.50     2.00   2.000000    14.926443
   24.50     2.00   2.000000    23.559444
   34.50     2.00   2.000000    26.340006
   44.50     2.00   2.000000    19.070285
    5.50     2.00   2.000000    14.716126
   15.50     2.00   2.000000    20.639619
   25.50     2.00   2.000000    23.489383
   35.50     2.00   2.000000    24.161977
   45.50     2.00   2.000000    18.579067
    6.50     2.00   2.000000    12.889105
   16.50     2.00   2.000000    23.559918
   26.50     2.00   2.000000    27.546494
   36.50     2.00   2.000000    22.392272
   46.50     2.00   2.000000    20.394247
    7.50     2.00   2.000000    11.505456
   17.50     2.00   2.000000    21.916688
   27.50     2.00   2.000000    28.129130
   37.50     2.00   2.000000    22.403165
   47.50     2.00   2.000000    20.596986
    8.50     2.00   2.000000    13.053001
   18.50     2.00   2.000000    19.053704
   28.50     2.00   2.000000    29.454045
   38.50     2.00   2.000000    20.915781
   48.50     2.00   2.000000    19.382053
    9.50     2.00   2.000000    14.026433
   19.50     2.00   2.000000    19.137548
   29.50     2.00   2.000000    26.236741
   39.50     2.00   2.000000    16.711783
   49.50     2.00   2.000000    22.637631
    0.50     1.00   4.000000    18.161273
    9.50     1.00   4.000000    13.448059
   18.50     1.00   4.000000    21.331838
   27.50     1.00   4.000000    30.903534
   36.50     1.00   4.000000    24.859248
   45.50     1.00   4.000000    15.841773
   54.50     1.00   4.000000    21.312892
    1.50     1.00   4.000000    16.114933
   10.50     1.00   4.000000    13.005948
   19.50     1.00   4.000000    19.172601
   28.50     1.00   4.000000    29.482463
   37.50     1.00   4.000000    22.017109
   46.50     1.00   4.000000    20.825778
    2.50     1.00   4.000000    15.623085
   11.50     1.00   4.000000    12.086989
   20.50     1.00   4.000000    21.248152
   29.50     1.00   4.000000    31.548543
   38.50     1.00   4.000000    23.643445
   47.50     1.00   4.000000    18.990231
    3.50     1.00   4.000000    14.764916
   12.50     1.00   4.000000    10.532497
   21.50     1.00   4.000000    20.071824
   30.50     1.00   4.000000    22.189217
   39.50     1.00   4.000000    18.082325
   48.50     1.00   4.000000    20.622095
    4.50     1.00   4.000000    15.318344
   13.50     1.00   4.000000     9.581169
   22.50     1.00   4.000000    25.942420
   31.50     1.00   4.000000    26.326108
   40.50     1.00   4.000000    15.153342
   49.50     1.00   4.000000    19.482080
    5.50     1.00   4.000000    15.028603
   14.50     1.00   4.000000    11.768827
   23.50     1.00   4.000000    31.052746
   32.50     1.00   4.000000    34.251731
   41.50     1.00   4.000000    21.162098
   50.50     1.00   4.000000    24.416845
    6.50     1.00   4.000000    14.539124
   15.50     1.00   4.000000    17.191788
   24.50     1.00   4.000000    27.476837
   33.50     1.00   4.000000    29.614306
   42.50     1.00   4.000000    17.718373
   51.50     1.00   4.000000    23.629236
    7.50     1.00   4.000000    10.672234
   16.50     1.00   4.000000    23.364759
   25.50     1.00   4.000000    21.956233
   34.50     1.00   4.000000    28.344029
   43.50     1.00   4.000000    18.644435
   52.50     1.00   4.000000    23.397916
    8.50     1.00   4.000000    11.469613
   17.50     1.00   4.000000    22.750538
   26.50     1.00   4.000000    24.478719
   35.50     1.00   4.000000    23.776867
   44.50     1.00   4.000000    20.884201
   53.50     1.00   4.000000    29.306523
    0.50     1.00   3.000000    17.351264
    7.50     1.00   3.000000    15.465504
   14.50     1.00   3.000000     9.558532
   21.50     1.00   3.000000    25.969579
   28.50     1.00   3.000000    32.098179
   35.50     1.00   3.000000    29.719310
   42.50     1.00   3.000000    18.669069
   49.50     1.00   3.000000    22.242585
   56.50     1.00   3.000000    34.104730
    1.50     1.00   3.000000    18.048535
    8.50     1.00   3.000000    10.755604
   15.50     1.00   3.000000    11.401717
   22.50     1.00   3.000000    22.099058
   29.50     1.00   3.000000    33.361986
   36.50     1.00   3.000000    24.500667
   43.50     1.00   3.000000    16.590043
   50.50     1.00   3.000000    22.793962
    2.50     1.00   3.000000    16.596202
    9.50     1.00   3.000000    10.697341
   16.50     1.00   3.000000    15.689558
   23.50     1.00   3.000000    28.799877
   30.50     1.00   3.000000    32.949874
   37.50     1.00   3.000000    26.158108
   44.50     1.00   3.000000    16.846783
   51.50     1.00   3.000000    30.492663
    3.50     1.00   3.000000    17.791796
   10.50     1.00   3.000000    11.613931
   17.50     1.00   3.000000    22.857434
   24.50     1.00   3.000000    36.557021
   31.50     1.00   3.000000    23.785867
   38.50     1.00   3.000000    23.245388
   45.50     1.00   3.000000    18.699385
   52.50     1.00   3.000000    27.483146
    4.50     1.00   3.000000    16.431832
   11.50     1.00   3.000000    11.615825
   18.50     1.00   3.000000    22.711538
   25.50     1.00   3.000000    31.079424
   32.50     1.00   3.000000    28.507608
   39.50     1.00   3.000000    24.501613
   46.50     1.00   3.000000    14.929759
   53.50     1.00   3.000000    28.620349
    5.50     1.00   3.000000    16.239986
   12.50     1.00   3.000000    11.014239
   19.50     1.00   3.000000    23.917079
   26.50     1.00   3.000000    22.580848
   33.50     1.00   3.000000    37.666878
   40.50     1.00   3.000000    18.103483
   47.50     1.00   3.000000    21.882582
   54.50     1.00   3.000000    34.051086
    6.50     1.00   3.000000    15.651664
   13.50     1.00   3.000000    11.440560
   20.50     1.00   3.000000    26.014578
   27.50     1.00   3.000000    24.400719
   34.50     1.00   3.000000    32.511235
   41.50     1.00   3.000000    14.792865
   48.50     1.00   3.000000    20.263035
   55.50     1.00   3.000000    26.363213
    0.50     1.00   2.000000    22.212032
    5.50     1.00   2.000000    26.694800
   10.50     1.00   2.000000    12.845050
   15.50     1.00   2.000000    10.899843
   20.50     1.00   2.000000    29.927020
   25.50     1.00   2.000000    47.216468
   30.50     1.00   2.000000    31.760827
   35.50     1.00   2.000000    34.181468
   40.50     1.00   2.000000    26.796169
   45.50     1.00   2.000000    14.331964
   50.50     1.00   2.000000    38.641076
   55.50     1.00   2.000000    62.726686
    1.50     1.00   2.000000    25.992314
    6.50     1.00   2.000000    21.896554
   11.50     1.00   2.000000    12.671680
   16.50     1.00   2.000000    12.171463
   21.50     1.00   2.000000    37.458087
   26.50     1.00   2.000000    32.536865
   31.50     1.00   2.000000    37.808251
   36.50     1.00   2.000000    32.650431
   41.50     1.00   2.000000    18.963467
   46.50     1.00   2.000000    18.314037
   51.50     1.00   2.000000    44.442440
   56.50     1.00   2.000000    41.290964
    2.50     1.00   2.000000    24.890039
    7.50     1.00   2.000000    20.560750
   12.50     1.00   2.000000    10.791841
   17.50     1.00   2.000000    16.747310
   22.50     1.00   2.000000    46.789485
   27.50     1.00   2.000000    23.867938
   32.50     1.00   2.000000    28.087445
   37.50     1.00   2.000000    30.470108
   42.50     1.00   2.000000    14.166172
   47.50     1.00   2.000000    15.146948
   52.50     1.00   2.000000    68.319843
   57.50     1.00   2.000000    46.458249
    3.50     1.00   2.000000    26.377900
    8.50     1.00   2.000000    22.562326
   13.50     1.00   2.000000    10.977765
   18.50     1.00   2.000000    23.220756
   23.50     1.00   2.000000    33.057377
   28.50     1.00   2.000000    27.550993
   33.50     1.00   2.000000    31.544911
   38.50     1.00   2.000000    29.252894
   43.50     1.00   2.000000    18.477699
   48.50     1.00   2.000000    32.331470
   53.50     1.00   2.000000    54.862186
   58.50     1.00   2.000000    43.619084
    4.50     1.00   2.000000    28.719111
    9.50     1.00   2.000000    14.533755
   14.50     1.00   2.000000    11.941725
   19.50     1.00   2.000000    27.881153
   24.50     1.00   2.000000    36.776688
   29.50     1.00   2.000000    31.738648
   34.50     1.00   2.000000    41.205787
   39.50     1.00   2.000000    24.700800
   44.50     1.00   2.000000    13.863011
   49.50     1.00   2.000000    35.811372
   54.50     1.00   2.000000    45.937739
0
0
0
0
0
0
0
