80 # number of electrodes
# x y z
0.12	0	-0.3
0.110866	0.045922	-0.3
0.0848528	0.0848528	-0.3
0.045922	0.110866	-0.3
7.34788e-018	0.12	-0.3
-0.045922	0.110866	-0.3
-0.0848528	0.0848528	-0.3
-0.110866	0.045922	-0.3
-0.12	1.46958e-017	-0.3
-0.110866	-0.045922	-0.3
-0.0848528	-0.0848528	-0.3
-0.045922	-0.110866	-0.3
-2.20437e-017	-0.12	-0.3
0.045922	-0.110866	-0.3
0.0848528	-0.0848528	-0.3
0.110866	-0.045922	-0.3
0.12	0	-0.25
0.110866	0.045922	-0.25
0.0848528	0.0848528	-0.25
0.045922	0.110866	-0.25
7.34788e-018	0.12	-0.25
-0.045922	0.110866	-0.25
-0.0848528	0.0848528	-0.25
-0.110866	0.045922	-0.25
-0.12	1.46958e-017	-0.25
-0.110866	-0.045922	-0.25
-0.0848528	-0.0848528	-0.25
-0.045922	-0.110866	-0.25
-2.20437e-017	-0.12	-0.25
0.045922	-0.110866	-0.25
0.0848528	-0.0848528	-0.25
0.110866	-0.045922	-0.25
0.12	0	-0.2
0.110866	0.045922	-0.2
0.0848528	0.0848528	-0.2
0.045922	0.110866	-0.2
7.34788e-018	0.12	-0.2
-0.045922	0.110866	-0.2
-0.0848528	0.0848528	-0.2
-0.110866	0.045922	-0.2
-0.12	1.46958e-017	-0.2
-0.110866	-0.045922	-0.2
-0.0848528	-0.0848528	-0.2
-0.045922	-0.110866	-0.2
-2.20437e-017	-0.12	-0.2
0.045922	-0.110866	-0.2
0.0848528	-0.0848528	-0.2
0.110866	-0.045922	-0.2
0.12	0	-0.15
0.110866	0.045922	-0.15
0.0848528	0.0848528	-0.15
0.045922	0.110866	-0.15
7.34788e-018	0.12	-0.15
-0.045922	0.110866	-0.15
-0.0848528	0.0848528	-0.15
-0.110866	0.045922	-0.15
-0.12	1.46958e-017	-0.15
-0.110866	-0.045922	-0.15
-0.0848528	-0.0848528	-0.15
-0.045922	-0.110866	-0.15
-2.20437e-017	-0.12	-0.15
0.045922	-0.110866	-0.15
0.0848528	-0.0848528	-0.15
0.110866	-0.045922	-0.15
0.12	0	-0.1
0.110866	0.045922	-0.1
0.0848528	0.0848528	-0.1
0.045922	0.110866	-0.1
7.34788e-018	0.12	-0.1
-0.045922	0.110866	-0.1
-0.0848528	0.0848528	-0.1
-0.110866	0.045922	-0.1
-0.12	1.46958e-017	-0.1
-0.110866	-0.045922	-0.1
-0.0848528	-0.0848528	-0.1
-0.045922	-0.110866	-0.1
-2.20437e-017	-0.12	-0.1
0.045922	-0.110866	-0.1
0.0848528	-0.0848528	-0.1
0.110866	-0.045922	-0.1
320 # number of data
#a b m n R err ip
  65	  66	  67	  68	-22.917	0.0200087	-0.154571
  65	  66	  79	  80	-19.428	0.0200103	0.747051
  66	  67	  68	  69	-26.099	0.0200077	-0.006587
  66	  67	  80	  65	-21.322	0.0200094	-0.500225
  67	  68	  69	  70	-21.588	0.0200093	0.674951
  68	  69	  70	  71	-23.797	0.0200084	0.595079
  69	  70	  71	  72	-24.018	0.0200083	-0.723386
  70	  71	  72	  73	-26.273	0.0200076	0.27201
  71	  72	  73	  74	-27.494	0.0200073	0.265145
  72	  73	  74	  75	-22.657	0.0200088	0.749075
  73	  74	  75	  76	-27.605	0.0200072	0.384259
  74	  75	  76	  77	-24.353	0.0200082	-0.089356
  75	  76	  77	  78	-22.111	0.020009	-0.229392
  76	  77	  78	  79	-24.109	0.0200083	0.441572
  77	  78	  79	  80	-22.303	0.020009	-1.19184
  78	  79	  80	  65	-23.806	0.0200084	-0.056302
  65	  66	  68	  69	-5.919	0.0200338	0.232559
  65	  66	  78	  79	-5.684	0.0200352	0.738583
  66	  67	  69	  70	-5.790	0.0200345	-0.583224
  66	  67	  79	  80	-5.307	0.0200377	0.972085
  67	  68	  70	  71	-5.845	0.0200342	0.386657
  67	  68	  80	  65	-5.484	0.0200365	-0.467326
  68	  69	  71	  72	-6.388	0.0200313	-0.037339
  69	  70	  72	  73	-6.450	0.020031	-0.060624
  70	  71	  73	  74	-6.789	0.0200295	0.35022
  71	  72	  74	  75	-6.032	0.0200332	0.287119
  72	  73	  75	  76	-6.392	0.0200313	0.340848
  73	  74	  76	  77	-6.821	0.0200293	0.123838
  74	  75	  77	  78	-5.508	0.0200363	-0.384343
  75	  76	  78	  79	-6.003	0.0200333	0.514544
  76	  77	  79	  80	-5.768	0.0200347	0.14699
  77	  78	  80	  65	-5.724	0.0200349	-0.806101
  65	  66	  69	  70	-2.412	0.0200829	-0.913682
  65	  66	  77	  78	-2.407	0.0200831	0.086998
  66	  67	  70	  71	-2.536	0.0200789	-0.472129
  66	  67	  78	  79	-2.581	0.0200775	-0.093663
  67	  68	  71	  72	-2.606	0.0200767	-0.462961
  67	  68	  79	  80	-2.439	0.020082	0.177542
  68	  69	  72	  73	-2.920	0.0200685	-0.262318
  68	  69	  80	  65	-2.339	0.0200855	-1.13134
  69	  70	  73	  74	-2.958	0.0200676	-0.29237
  70	  71	  74	  75	-2.683	0.0200745	-0.111479
  71	  72	  75	  76	-2.848	0.0200702	-0.267519
  72	  73	  76	  77	-2.715	0.0200737	-0.474441
  73	  74	  77	  78	-2.556	0.0200783	-0.061845
  74	  75	  78	  79	-2.455	0.0200815	-0.173425
  75	  76	  79	  80	-2.555	0.0200783	0.297648
  76	  77	  80	  65	-2.597	0.020077	-1.61945
  65	  66	  70	  71	-1.396	0.0201432	-1.81422
  65	  66	  76	  77	-1.545	0.0201294	-1.47996
  66	  67	  71	  72	-1.461	0.0201369	-1.84437
  66	  67	  77	  78	-1.476	0.0201355	-1.92169
  67	  68	  72	  73	-1.565	0.0201278	-1.20996
  67	  68	  78	  79	-1.511	0.0201324	-1.59502
  68	  69	  73	  74	-1.763	0.0201134	-1.20639
  68	  69	  79	  80	-1.397	0.0201432	0.003859
  69	  70	  74	  75	-1.561	0.0201281	-1.13525
  69	  70	  80	  65	-1.209	0.0201655	-2.91735
  70	  71	  75	  76	-1.684	0.0201188	-1.20364
  71	  72	  76	  77	-1.570	0.0201274	-1.49116
  72	  73	  77	  78	-1.362	0.0201469	-0.819783
  73	  74	  78	  79	-1.505	0.0201329	-0.912882
  74	  75	  79	  80	-1.358	0.0201472	-0.725123
  75	  76	  80	  65	-1.472	0.0201358	-3.53989
  49	  50	  51	  52	-27.672	0.0200072	-1.14766
  49	  50	  63	  64	-25.486	0.0200078	-0.780102
  50	  51	  52	  53	-30.032	0.0200067	0.158085
  50	  51	  64	  49	-19.593	0.0200102	-0.145426
  51	  52	  53	  54	-25.921	0.0200077	-0.584686
  52	  53	  54	  55	-26.466	0.0200076	1.10678
  53	  54	  55	  56	-30.884	0.0200065	0.16484
  54	  55	  56	  57	-28.149	0.0200071	-1.16372
  55	  56	  57	  58	-30.261	0.0200066	0.347598
  56	  57	  58	  59	-26.833	0.0200075	-0.282664
  57	  58	  59	  60	-27.195	0.0200074	-0.038942
  58	  59	  60	  61	-30.793	0.0200065	-2.87114
  59	  60	  61	  62	-23.399	0.0200085	-0.170682
  60	  61	  62	  63	-21.433	0.0200093	0.612402
  61	  62	  63	  64	-24.378	0.0200082	-0.049585
  62	  63	  64	  49	-20.450	0.0200098	0.314207
  49	  50	  52	  53	-7.046	0.0200284	-0.120571
  49	  50	  62	  63	-5.960	0.0200336	-0.099088
  50	  51	  53	  54	-6.497	0.0200308	0.506755
  50	  51	  63	  64	-5.992	0.0200334	0.031873
  51	  52	  54	  55	-5.777	0.0200346	0.432593
  51	  52	  64	  49	-5.227	0.0200383	-0.75831
  52	  53	  55	  56	-7.124	0.0200281	0.382907
  53	  54	  56	  57	-7.341	0.0200272	-1.14546
  54	  55	  57	  58	-7.139	0.020028	-0.212655
  55	  56	  58	  59	-6.621	0.0200302	0.3216
  56	  57	  59	  60	-6.236	0.0200321	0.413959
  57	  58	  60	  61	-7.348	0.0200272	-0.619759
  58	  59	  61	  62	-6.446	0.020031	-0.116978
  59	  60	  62	  63	-5.971	0.0200335	0.251794
  60	  61	  63	  64	-5.914	0.0200338	-0.020138
  61	  62	  64	  49	-5.306	0.0200377	0.37214
  49	  50	  53	  54	-2.724	0.0200734	0.708356
  49	  50	  61	  62	-2.719	0.0200736	-0.408271
  50	  51	  54	  55	-2.521	0.0200793	0.403815
  50	  51	  62	  63	-2.508	0.0200797	0.293274
  51	  52	  55	  56	-2.766	0.0200723	0.13802
  51	  52	  63	  64	-2.621	0.0200763	-0.689559
  52	  53	  56	  57	-2.949	0.0200678	-0.548436
  52	  53	  64	  49	-2.236	0.0200895	-0.480934
  53	  54	  57	  58	-3.308	0.0200605	-0.131007
  54	  55	  58	  59	-2.736	0.0200731	0.243286
  55	  56	  59	  60	-2.799	0.0200715	0.218879
  56	  57	  60	  61	-2.803	0.0200714	-0.379381
  57	  58	  61	  62	-2.832	0.0200706	0.021672
  58	  59	  62	  63	-2.667	0.020075	-0.142654
  59	  60	  63	  64	-2.571	0.0200778	-0.125139
  60	  61	  64	  49	-2.254	0.0200887	0.144277
  49	  50	  54	  55	-1.405	0.0201423	-0.139204
  49	  50	  60	  61	-1.574	0.0201271	-1.06563
  50	  51	  55	  56	-1.563	0.0201279	-0.005212
  50	  51	  61	  62	-1.523	0.0201313	-0.04947
  51	  52	  56	  57	-1.519	0.0201317	-0.435415
  51	  52	  62	  63	-1.426	0.0201403	-0.381277
  52	  53	  57	  58	-1.782	0.0201123	-0.281816
  52	  53	  63	  64	-1.538	0.0201301	0.117231
  53	  54	  58	  59	-1.713	0.0201168	-0.067604
  53	  54	  64	  49	-1.187	0.0201684	-1.24025
  54	  55	  59	  60	-1.501	0.0201333	0.13046
  55	  56	  60	  61	-1.607	0.0201245	-0.397601
  56	  57	  61	  62	-1.465	0.0201365	-0.335267
  57	  58	  62	  63	-1.524	0.0201313	-0.363639
  58	  59	  63	  64	-1.537	0.0201301	-0.237776
  59	  60	  64	  49	-1.208	0.0201655	0.065978
  33	  34	  35	  36	-23.779	0.0200084	-1.2656
  33	  34	  47	  48	-24.415	0.0200082	0.253185
  34	  35	  36	  37	-22.198	0.020009	0.172542
  34	  35	  48	  33	-23.056	0.0200087	-0.549687
  35	  36	  37	  38	-24.848	0.020008	0.286419
  36	  37	  38	  39	-21.472	0.0200093	-0.884463
  37	  38	  39	  40	-27.907	0.0200072	-0.029976
  38	  39	  40	  41	-26.524	0.0200075	-0.069595
  39	  40	  41	  42	-28.807	0.0200069	-1.03959
  40	  41	  42	  43	-27.666	0.0200072	-1.80286
  41	  42	  43	  44	-26.635	0.0200075	-0.311134
  42	  43	  44	  45	-31.369	0.0200064	-0.458286
  43	  44	  45	  46	-27.914	0.0200072	-0.477055
  44	  45	  46	  47	-23.844	0.0200084	0.654678
  45	  46	  47	  48	-24.813	0.0200081	-0.717429
  46	  47	  48	  33	-22.907	0.0200087	-0.829493
  33	  34	  36	  37	-6.173	0.0200324	-0.057432
  33	  34	  46	  47	-6.389	0.0200313	0.442366
  34	  35	  37	  38	-6.156	0.0200325	0.046819
  34	  35	  47	  48	-5.966	0.0200335	0.477344
  35	  36	  38	  39	-5.890	0.020034	0.018531
  35	  36	  48	  33	-5.767	0.0200347	-0.518669
  36	  37	  39	  40	-6.411	0.0200312	0.109421
  37	  38	  40	  41	-6.860	0.0200292	0.075166
  38	  39	  41	  42	-6.903	0.020029	-0.31035
  39	  40	  42	  43	-7.259	0.0200276	-0.208994
  40	  41	  43	  44	-6.175	0.0200324	-0.00729
  41	  42	  44	  45	-7.040	0.0200284	-0.106325
  42	  43	  45	  46	-8.002	0.020025	-0.426161
  43	  44	  46	  47	-5.709	0.020035	0.414818
  44	  45	  47	  48	-6.140	0.0200326	-0.049748
  45	  46	  48	  33	-6.261	0.0200319	-0.978735
  33	  34	  37	  38	-2.809	0.0200712	0.076353
  33	  34	  45	  46	-3.110	0.0200643	-0.333885
  34	  35	  38	  39	-2.495	0.0200802	0.08447
  34	  35	  46	  47	-2.634	0.0200759	0.54322
  35	  36	  39	  40	-2.898	0.020069	0.238116
  35	  36	  47	  48	-2.677	0.0200747	0.809515
  36	  37	  40	  41	-2.759	0.0200725	-0.120471
  36	  37	  48	  33	-2.272	0.020088	-1.52247
  37	  38	  41	  42	-3.157	0.0200634	0.05166
  38	  39	  42	  43	-2.967	0.0200674	-0.076224
  39	  40	  43	  44	-2.800	0.0200714	-0.147614
  40	  41	  44	  45	-2.819	0.020071	-0.208713
  41	  42	  45	  46	-3.205	0.0200624	0.06407
  42	  43	  46	  47	-2.910	0.0200687	0.260596
  43	  44	  47	  48	-2.605	0.0200768	0.803512
  44	  45	  48	  33	-2.420	0.0200826	-1.70284
  33	  34	  38	  39	-1.508	0.0201326	0.144314
  33	  34	  44	  45	-1.601	0.0201249	0.183856
  34	  35	  39	  40	-1.585	0.0201262	0.283646
  34	  35	  45	  46	-1.695	0.020118	-0.146163
  35	  36	  40	  41	-1.639	0.020122	0.049305
  35	  36	  46	  47	-1.545	0.0201294	0.301641
  36	  37	  41	  42	-1.685	0.0201187	-0.165789
  36	  37	  47	  48	-1.563	0.020128	1.52188
  37	  38	  42	  43	-1.768	0.0201131	0.27544
  37	  38	  48	  33	-1.299	0.020154	-1.87116
  38	  39	  43	  44	-1.517	0.0201319	-0.179973
  39	  40	  44	  45	-1.669	0.0201199	-0.269424
  40	  41	  45	  46	-1.717	0.0201164	0.002691
  41	  42	  46	  47	-1.589	0.0201259	0.293319
  42	  43	  47	  48	-1.798	0.0201113	0.837221
  43	  44	  48	  33	-1.178	0.0201697	-3.16078
  17	  18	  19	  20	-24.175	0.0200083	-1.16747
  17	  18	  31	  32	-23.105	0.0200087	0.879021
  18	  19	  20	  21	-25.398	0.0200079	0.254269
  18	  19	  32	  17	-24.097	0.0200083	-1.21119
  19	  20	  21	  22	-22.385	0.0200089	-1.68288
  20	  21	  22	  23	-18.403	0.0200109	-0.546254
  21	  22	  23	  24	-35.950	0.0200056	1.06227
  22	  23	  24	  25	-21.570	0.0200093	-0.451345
  23	  24	  25	  26	-28.860	0.0200069	-1.37267
  24	  25	  26	  27	-27.994	0.0200071	1.42845
  25	  26	  27	  28	-25.226	0.0200079	-2.78486
  26	  27	  28	  29	-26.756	0.0200075	0.315808
  27	  28	  29	  30	-27.803	0.0200072	0.532352
  28	  29	  30	  31	-21.200	0.0200094	-1.35846
  29	  30	  31	  32	-25.244	0.0200079	-0.03119
  30	  31	  32	  17	-25.172	0.0200079	-0.458038
  17	  18	  20	  21	-5.911	0.0200338	0.041137
  17	  18	  30	  31	-6.453	0.020031	-0.120165
  18	  19	  21	  22	-6.319	0.0200317	0.201784
  18	  19	  31	  32	-6.098	0.0200328	0.901424
  19	  20	  22	  23	-4.686	0.0200427	0.056106
  19	  20	  32	  17	-5.273	0.0200379	-1.10955
  20	  21	  23	  24	-6.657	0.02003	0.130498
  21	  22	  24	  25	-7.638	0.0200262	-0.139267
  22	  23	  25	  26	-5.781	0.0200346	-0.179145
  23	  24	  26	  27	-6.873	0.0200291	0.591226
  24	  25	  27	  28	-6.642	0.0200301	-0.156156
  25	  26	  28	  29	-6.492	0.0200308	0.019378
  26	  27	  29	  30	-7.396	0.020027	0.141215
  27	  28	  30	  31	-6.251	0.020032	-0.004253
  28	  29	  31	  32	-5.642	0.0200354	0.534033
  29	  30	  32	  17	-5.997	0.0200333	-1.5247
  17	  18	  21	  22	-2.762	0.0200724	0.33516
  17	  18	  29	  30	-2.976	0.0200672	-0.03906
  18	  19	  22	  23	-2.401	0.0200833	-0.057121
  18	  19	  30	  31	-3.002	0.0200666	-0.107579
  19	  20	  23	  24	-2.897	0.020069	-0.149246
  19	  20	  31	  32	-2.670	0.0200749	1.80516
  20	  21	  24	  25	-2.960	0.0200676	0.180777
  20	  21	  32	  17	-2.492	0.0200803	-2.14891
  21	  22	  25	  26	-3.461	0.0200578	-0.233508
  22	  23	  26	  27	-2.580	0.0200775	0.530711
  23	  24	  27	  28	-2.999	0.0200667	-0.032097
  24	  25	  28	  29	-3.101	0.0200645	0.117054
  25	  26	  29	  30	-3.464	0.0200577	-0.071267
  26	  27	  30	  31	-3.089	0.0200648	0.220642
  27	  28	  31	  32	-2.932	0.0200682	1.65604
  28	  29	  32	  17	-2.368	0.0200845	-2.61265
  17	  18	  22	  23	-1.372	0.0201458	0.230476
  17	  18	  28	  29	-1.609	0.0201243	-0.469774
  18	  19	  23	  24	-1.914	0.0201045	-0.183116
  18	  19	  29	  30	-1.883	0.0201062	-0.416329
  19	  20	  24	  25	-1.759	0.0201137	0.095771
  19	  20	  30	  31	-1.775	0.0201127	-0.089473
  20	  21	  25	  26	-1.852	0.020108	0.006641
  20	  21	  31	  32	-1.787	0.0201119	2.43273
  21	  22	  26	  27	-2.070	0.0200966	0.461082
  21	  22	  32	  17	-1.635	0.0201223	-4.26548
  22	  23	  27	  28	-1.533	0.0201304	-0.227539
  23	  24	  28	  29	-1.821	0.0201098	0.349006
  24	  25	  29	  30	-2.207	0.0200906	-0.161746
  25	  26	  30	  31	-1.996	0.0201002	-0.004624
  26	  27	  31	  32	-1.949	0.0201026	2.44838
  27	  28	  32	  17	-1.486	0.0201346	-4.20637
   1	   2	   3	   4	-22.582	0.0200089	-0.106934
   1	   2	  15	  16	-23.351	0.0200086	-0.332635
   2	   3	   4	   5	-24.634	0.0200081	0.188048
   2	   3	  16	   1	-28.760	0.020007	-0.331303
   3	   4	   5	   6	-25.153	0.020008	-0.210258
   4	   5	   6	   7	-26.234	0.0200076	-0.092631
   5	   6	   7	   8	-25.364	0.0200079	1.40893
   6	   7	   8	   9	-25.576	0.0200078	-1.99807
   7	   8	   9	  10	-36.247	0.0200055	0.066178
   8	   9	  10	  11	-28.233	0.0200071	-0.105353
   9	  10	  11	  12	-31.267	0.0200064	-0.320343
  10	  11	  12	  13	-29.234	0.0200068	0.491215
  11	  12	  13	  14	-29.002	0.0200069	-0.141608
  12	  13	  14	  15	-32.192	0.0200062	0.148552
  13	  14	  15	  16	-28.329	0.0200071	-0.701937
  14	  15	  16	   1	-32.773	0.0200061	0.101902
   1	   2	   4	   5	-8.149	0.0200245	0.180127
   1	   2	  14	  15	-8.506	0.0200235	-0.004015
   2	   3	   5	   6	-7.739	0.0200258	-0.10144
   2	   3	  15	  16	-8.487	0.0200236	-0.081699
   3	   4	   6	   7	-8.805	0.0200227	-0.037443
   3	   4	  16	   1	-9.037	0.0200221	-0.469977
   4	   5	   7	   8	-8.570	0.0200233	0.325154
   5	   6	   8	   9	-8.335	0.020024	-0.264908
   6	   7	   9	  10	-9.929	0.0200201	-0.269967
   7	   8	  10	  11	-10.020	0.02002	0.193235
   8	   9	  11	  12	-9.321	0.0200215	-0.024044
   9	  10	  12	  13	-10.644	0.0200188	0.083188
  10	  11	  13	  14	-9.287	0.0200215	0.146261
  11	  12	  14	  15	-9.945	0.0200201	0.184413
  12	  13	  15	  16	-9.776	0.0200205	-0.203454
  13	  14	  16	   1	-10.096	0.0200198	-0.169377
   1	   2	   5	   6	-3.830	0.0200522	-0.421453
   1	   2	  13	  14	-4.066	0.0200492	-0.170118
   2	   3	   6	   7	-4.103	0.0200488	-0.101615
   2	   3	  14	  15	-4.329	0.0200462	0.158016
   3	   4	   7	   8	-4.337	0.0200461	0.528653
   3	   4	  15	  16	-4.234	0.0200472	0.093204
   4	   5	   8	   9	-4.043	0.0200495	-0.087722
   4	   5	  16	   1	-4.673	0.0200428	-0.716075
   5	   6	   9	  10	-5.030	0.0200398	-0.242243
   6	   7	  10	  11	-4.203	0.0200476	0.133411
   7	   8	  11	  12	-4.922	0.0200406	-0.003068
   8	   9	  12	  13	-4.732	0.0200423	-0.366738
   9	  10	  13	  14	-4.963	0.0200403	0.588099
  10	  11	  14	  15	-4.582	0.0200436	0.100547
  11	  12	  15	  16	-4.510	0.0200443	0.312288
  12	  13	  16	   1	-4.961	0.0200403	-0.722897
   1	   2	   6	   7	-2.447	0.0200817	-0.093188
   1	   2	  12	  13	-2.522	0.0200793	-0.567084
   2	   3	   7	   8	-2.546	0.0200786	0.268435
   2	   3	  13	  14	-2.576	0.0200776	0.040349
   3	   4	   8	   9	-2.482	0.0200806	0.036905
   3	   4	  14	  15	-2.679	0.0200747	0.055875
   4	   5	   9	  10	-2.977	0.0200672	-0.111613
   4	   5	  15	  16	-2.729	0.0200733	0.369819
   5	   6	  10	  11	-2.620	0.0200763	0.148976
   5	   6	  16	   1	-2.563	0.020078	-1.3763
   6	   7	  11	  12	-2.559	0.0200782	0.197364
   7	   8	  12	  13	-3.159	0.0200633	-0.666372
   8	   9	  13	  14	-2.693	0.0200743	0.594113
   9	  10	  14	  15	-3.083	0.0200649	0.129102
  10	  11	  15	  16	-2.629	0.0200761	0.485109
  11	  12	  16	   1	-2.674	0.0200748	-0.997412
