399 # number of electrodes
 0 0 0 # x,y,z of 1st electrode
 0 4 0 # ...
 0 8 0
 0 12 0
 0 16 0
 0 20 0
 0 24 0
 0 28 0
 0 32 0
 0 36 0
 0 40 0
 0 44 0
 0 48 0
 0 52 0
 0 56 0
 0 60 0
 0 64 0
 0 68 0
 0 72 0
 0 76 0
 0 80 0
 0 84 0
 0 88 0
 0 92 0
 0 96 0
 0 100 0
 0 104 0
 0 108 0
 0 112 0
 4 0 0
 4 16 0
 4 32 0
 4 48 0
 4 64 0
 4 80 0
 4 96 0
 4 112 0
 8 0 0
 8 16 0
 8 32 0
 8 48 0
 8 64 0
 8 80 0
 8 96 0
 8 112 0
 12 0 0
 12 16 0
 12 32 0
 12 48 0
 12 64 0
 12 80 0
 12 96 0
 12 112 0
 16 0 0
 16 4 0
 16 8 0
 16 12 0
 16 16 0
 16 20 0
 16 24 0
 16 28 0
 16 32 0
 16 36 0
 16 40 0
 16 44 0
 16 48 0
 16 52 0
 16 56 0
 16 60 0
 16 64 0
 16 68 0
 16 72 0
 16 76 0
 16 80 0
 16 84 0
 16 88 0
 16 92 0
 16 96 0
 16 100 0
 16 104 0
 16 108 0
 16 112 0
 20 0 0
 20 16 0
 20 32 0
 20 48 0
 20 64 0
 20 80 0
 20 96 0
 20 112 0
 24 0 0
 24 16 0
 24 32 0
 24 48 0
 24 64 0
 24 80 0
 24 96 0
 24 112 0
 28 0 0
 28 16 0
 28 32 0
 28 48 0
 28 64 0
 28 80 0
 28 96 0
 28 112 0
 32 0 0
 32 4 0
 32 8 0
 32 12 0
 32 16 0
 32 20 0
 32 24 0
 32 28 0
 32 32 0
 32 36 0
 32 40 0
 32 44 0
 32 48 0
 32 52 0
 32 56 0
 32 60 0
 32 64 0
 32 68 0
 32 72 0
 32 76 0
 32 80 0
 32 84 0
 32 88 0
 32 92 0
 32 96 0
 32 100 0
 32 104 0
 32 108 0
 32 112 0
 36 0 0
 36 16 0
 36 32 0
 36 48 0
 36 64 0
 36 80 0
 36 96 0
 36 112 0
 40 0 0
 40 16 0
 40 32 0
 40 48 0
 40 64 0
 40 80 0
 40 96 0
 40 112 0
 44 0 0
 44 16 0
 44 32 0
 44 48 0
 44 64 0
 44 80 0
 44 96 0
 44 112 0
 48 0 0
 48 4 0
 48 8 0
 48 12 0
 48 16 0
 48 20 0
 48 24 0
 48 28 0
 48 32 0
 48 36 0
 48 40 0
 48 44 0
 48 48 0
 48 52 0
 48 56 0
 48 60 0
 48 64 0
 48 68 0
 48 72 0
 48 76 0
 48 80 0
 48 84 0
 48 88 0
 48 92 0
 48 96 0
 48 100 0
 48 104 0
 48 108 0
 48 112 0
 52 0 0
 52 16 0
 52 32 0
 52 48 0
 52 64 0
 52 80 0
 52 96 0
 52 112 0
 56 0 0
 56 16 0
 56 32 0
 56 48 0
 56 64 0
 56 80 0
 56 96 0
 56 112 0
 60 0 0
 60 16 0
 60 32 0
 60 48 0
 60 64 0
 60 80 0
 60 96 0
 60 112 0
 64 0 0
 64 4 0
 64 8 0
 64 12 0
 64 16 0
 64 20 0
 64 24 0
 64 28 0
 64 32 0
 64 36 0
 64 40 0
 64 44 0
 64 48 0
 64 52 0
 64 56 0
 64 60 0
 64 64 0
 64 68 0
 64 72 0
 64 76 0
 64 80 0
 64 84 0
 64 88 0
 64 92 0
 64 96 0
 64 100 0
 64 104 0
 64 108 0
 64 112 0
 68 0 0
 68 16 0
 68 32 0
 68 48 0
 68 64 0
 68 80 0
 68 96 0
 68 112 0
 72 0 0
 72 16 0
 72 32 0
 72 48 0
 72 64 0
 72 80 0
 72 96 0
 72 112 0
 76 0 0
 76 16 0
 76 32 0
 76 48 0
 76 64 0
 76 80 0
 76 96 0
 76 112 0
 80 0 0
 80 4 0
 80 8 0
 80 12 0
 80 16 0
 80 20 0
 80 24 0
 80 28 0
 80 32 0
 80 36 0
 80 40 0
 80 44 0
 80 48 0
 80 52 0
 80 56 0
 80 60 0
 80 64 0
 80 68 0
 80 72 0
 80 76 0
 80 80 0
 80 84 0
 80 88 0
 80 92 0
 80 96 0
 80 100 0
 80 104 0
 80 108 0
 80 112 0
 84 0 0
 84 16 0
 84 32 0
 84 48 0
 84 64 0
 84 80 0
 84 96 0
 84 112 0
 88 0 0
 88 16 0
 88 32 0
 88 48 0
 88 64 0
 88 80 0
 88 96 0
 88 112 0
 92 0 0
 92 16 0
 92 32 0
 92 48 0
 92 64 0
 92 80 0
 92 96 0
 92 112 0
 96 0 0
 96 4 0
 96 8 0
 96 12 0
 96 16 0
 96 20 0
 96 24 0
 96 28 0
 96 32 0
 96 36 0
 96 40 0
 96 44 0
 96 48 0
 96 52 0
 96 56 0
 96 60 0
 96 64 0
 96 68 0
 96 72 0
 96 76 0
 96 80 0
 96 84 0
 96 88 0
 96 92 0
 96 96 0
 96 100 0
 96 104 0
 96 108 0
 96 112 0
 100 0 0
 100 16 0
 100 32 0
 100 48 0
 100 64 0
 100 80 0
 100 96 0
 100 112 0
 104 0 0
 104 16 0
 104 32 0
 104 48 0
 104 64 0
 104 80 0
 104 96 0
 104 112 0
 108 0 0
 108 16 0
 108 32 0
 108 48 0
 108 64 0
 108 80 0
 108 96 0
 108 112 0
 112 0 0
 112 4 0
 112 8 0
 112 12 0
 112 16 0
 112 20 0
 112 24 0
 112 28 0
 112 32 0
 112 36 0
 112 40 0
 112 44 0
 112 48 0
 112 52 0
 112 56 0
 112 60 0
 112 64 0
 112 68 0
 112 72 0
 112 76 0
 112 80 0
 112 84 0
 112 88 0
 112 92 0
 112 96 0
 112 100 0
 112 104 0
 112 108 0 # last electrode
3175 # number of data
30 1 46 54 30.35 0.040 # A B M N rho_a error
30 1 83 91 33.10 0.076
30 1 99 107 29.05 0.175
30 1 91 99 30.46 0.117
30 1 54 83 29.79 0.055
30 1 107 136 28.04 0.256
30 1 38 46 25.34 0.033
38 1 213 250 28.28 0.478
38 1 160 197 30.77 0.202
38 1 144 160 31.19 0.127
38 1 197 213 32.73 0.288
38 30 54 83 23.90 0.043
38 30 136 144 26.71 0.267
38 30 91 99 26.74 0.086
38 30 99 107 26.00 0.131
38 30 46 54 23.77 0.033
38 30 107 136 25.75 0.194
38 30 83 91 27.95 0.057
46 1 250 295 23.03 0.374
46 30 205 242 27.32 0.339
46 30 152 189 30.76 0.128
46 30 242 258 22.54 0.592
46 30 189 205 27.24 0.224
46 38 107 136 22.66 0.146
46 38 83 91 22.50 0.043
46 38 91 99 22.54 0.063
46 38 136 144 24.02 0.206
46 38 54 83 18.80 0.034
46 38 144 152 26.11 0.273
46 38 99 107 22.35 0.097
54 30 258 303 21.48 0.399
54 30 303 348 19.79 0.670
54 38 197 213 28.84 0.213
54 38 213 250 24.21 0.379
54 38 160 197 26.79 0.143
54 38 250 266 21.44 0.621
54 46 144 152 25.74 0.194
54 46 136 144 22.98 0.145
54 46 152 160 28.60 0.251
54 46 107 136 21.45 0.100
54 46 99 107 20.39 0.067
54 46 83 91 17.89 0.034
54 46 91 99 19.27 0.046
83 38 311 356 17.92 0.737
83 38 266 311 20.60 0.414
83 46 189 205 24.98 0.151
83 46 242 258 21.28 0.427
83 46 205 242 25.28 0.239
83 46 258 295 20.70 0.642
83 54 160 189 28.26 0.254
83 54 99 107 17.49 0.047
83 54 107 136 19.37 0.069
83 54 152 160 27.13 0.186
83 54 91 99 15.98 0.035
83 54 136 144 21.30 0.101
83 54 144 152 24.31 0.139
91 46 295 319 19.14 0.444
91 46 319 364 19.14 0.692
91 54 266 303 19.52 0.679
91 54 213 250 23.09 0.259
91 54 197 213 27.61 0.139
91 54 250 266 20.85 0.435
91 83 136 144 19.86 0.068
91 83 99 107 14.54 0.035
91 83 152 160 26.72 0.129
91 83 160 189 28.12 0.180
91 83 107 136 17.28 0.047
91 83 189 197 21.05 0.331
91 83 144 152 23.68 0.094
99 54 303 348 17.56 0.481
99 83 295 311 19.49 0.680
99 83 205 242 24.55 0.153
99 83 242 258 20.64 0.286
99 83 258 295 20.05 0.451
99 91 152 160 26.00 0.088
99 91 107 136 16.28 0.035
99 91 136 144 18.34 0.046
99 91 160 189 27.25 0.127
99 91 197 205 27.83 0.258
99 91 144 152 22.90 0.063
99 91 189 197 20.73 0.234
107 83 311 356 16.86 0.500
107 91 250 266 19.30 0.303
107 91 303 319 16.99 0.776
107 91 266 303 19.40 0.465
107 91 213 250 21.49 0.170
107 99 144 152 20.32 0.045
107 99 197 205 26.68 0.188
107 99 189 197 19.47 0.166
107 99 136 144 15.25 0.035
107 99 160 189 25.64 0.089
107 99 152 160 23.90 0.062
107 99 205 213 23.42 0.300
136 91 319 364 16.62 0.506
136 99 258 295 18.40 0.317
136 99 242 258 18.91 0.189
136 99 295 311 17.83 0.504
136 99 311 348 14.92 0.879
136 107 197 205 25.16 0.135
136 107 144 152 17.51 0.034
136 107 189 197 18.05 0.114
136 107 205 213 22.11 0.221
136 107 152 160 20.93 0.044
136 107 160 189 23.37 0.062
136 107 213 242 22.10 0.317
144 107 250 266 18.84 0.190
144 107 319 356 17.61 0.749
144 107 266 303 18.30 0.318
144 136 160 189 24.13 0.042
144 136 205 213 24.10 0.139
144 136 197 205 26.69 0.086
144 136 213 242 23.64 0.209
144 136 242 250 20.48 0.339
144 136 189 197 18.85 0.070
144 136 152 160 22.11 0.033
152 136 311 348 16.39 0.545
152 136 295 311 19.98 0.294
152 136 348 364 19.40 0.683
152 136 258 295 19.79 0.182
152 144 160 189 25.90 0.033
152 144 213 242 23.66 0.142
152 144 205 213 24.00 0.093
152 144 250 258 20.08 0.345
152 144 242 250 20.80 0.233
152 144 189 197 18.07 0.047
152 144 197 205 26.00 0.059
160 144 319 356 20.32 0.446
160 144 303 319 20.93 0.282
160 144 266 303 22.04 0.167
160 152 197 205 33.14 0.039
160 152 213 242 28.37 0.083
160 152 242 250 24.71 0.137
160 152 250 258 24.14 0.205
160 152 189 197 30.57 0.032
160 152 258 266 23.24 0.303
160 152 205 213 29.81 0.055
189 152 348 364 23.68 0.387
189 152 295 311 25.06 0.150
189 152 311 348 21.14 0.280
189 160 250 258 26.26 0.130
189 160 242 250 26.33 0.087
189 160 205 213 34.93 0.039
189 160 197 205 39.99 0.032
189 160 213 242 30.57 0.055
189 160 266 295 26.91 0.265
189 160 258 266 25.36 0.196
197 160 303 319 21.58 0.170
197 160 319 356 21.17 0.279
197 189 205 213 49.25 0.032
197 189 258 266 20.02 0.162
197 189 250 258 20.51 0.104
197 189 295 303 20.21 0.343
197 189 266 295 20.70 0.234
197 189 242 250 20.93 0.066
205 189 348 364 24.38 0.246
205 189 311 348 21.47 0.170
205 197 258 266 28.09 0.084
205 197 250 258 29.40 0.056
205 197 266 295 29.23 0.120
205 197 295 303 28.90 0.176
205 197 303 311 30.21 0.240
205 197 213 242 59.76 0.031
205 197 242 250 32.17 0.039
213 197 319 356 25.13 0.150
213 205 266 295 24.56 0.091
213 205 303 311 26.30 0.191
213 205 242 250 35.78 0.032
213 205 311 319 20.50 0.339
213 205 250 258 26.59 0.041
213 205 295 303 24.56 0.137
213 205 258 266 23.85 0.062
242 205 348 364 24.92 0.151
242 213 258 266 26.71 0.041
242 213 319 348 23.92 0.295
242 213 303 311 26.86 0.128
242 213 295 303 25.82 0.088
242 213 250 258 36.68 0.032
242 213 311 319 22.49 0.218
242 213 266 295 26.03 0.059
250 242 295 303 22.79 0.063
250 242 319 348 21.67 0.225
250 242 266 295 23.63 0.043
250 242 348 356 24.35 0.290
250 242 303 311 24.36 0.092
250 242 258 266 29.37 0.033
250 242 311 319 20.06 0.162
258 250 348 356 21.93 0.223
258 250 303 311 21.07 0.066
258 250 311 319 17.53 0.116
258 250 266 295 24.61 0.033
258 250 356 364 20.18 0.344
258 250 295 303 20.02 0.045
258 250 319 348 19.36 0.166
266 258 303 311 20.71 0.045
266 258 348 356 21.04 0.155
266 258 319 348 18.25 0.113
266 258 356 364 19.37 0.248
266 258 295 303 24.64 0.033
266 258 311 319 16.47 0.076
295 266 356 364 18.72 0.171
295 266 348 356 20.32 0.104
295 266 311 319 17.08 0.048
295 266 319 348 17.95 0.072
295 266 303 311 28.13 0.033
303 295 319 348 18.64 0.046
303 295 356 364 17.00 0.119
303 295 311 319 24.25 0.033
303 295 348 356 19.04 0.070
311 303 319 348 25.64 0.033
311 303 348 356 20.81 0.044
311 303 356 364 16.55 0.076
319 311 356 364 13.22 0.053
319 311 348 356 27.15 0.033
348 319 356 364 19.14 0.034
2 1 3 4 24.12 0.033
2 1 5 6 27.44 0.057
2 1 4 5 31.40 0.040
2 1 6 7 27.83 0.084
55 54 57 58 24.29 0.042
55 54 56 57 20.06 0.034
55 54 59 60 20.76 0.103
55 54 58 59 19.28 0.069
108 107 112 113 16.34 0.122
108 107 109 110 11.34 0.037
108 107 111 112 16.65 0.075
108 107 110 111 16.12 0.049
161 160 163 164 27.25 0.041
161 160 167 168 29.17 0.175
161 160 165 166 20.71 0.103
161 160 162 163 33.75 0.032
161 160 166 167 23.49 0.142
161 160 164 165 22.38 0.064
161 160 168 169 29.31 0.246
214 213 217 218 26.94 0.058
214 213 221 222 21.29 0.327
214 213 219 220 25.80 0.132
214 213 220 221 25.24 0.197
214 213 216 217 30.98 0.040
214 213 218 219 25.96 0.088
214 213 215 216 43.03 0.032
267 266 271 272 25.69 0.089
267 266 273 274 24.94 0.199
267 266 272 273 31.57 0.114
267 266 268 269 27.88 0.033
267 266 270 271 26.42 0.059
320 319 325 326 26.56 0.129
320 319 323 324 24.62 0.061
320 319 322 323 20.06 0.045
320 319 326 327 27.15 0.186
320 319 321 322 20.99 0.034
320 319 327 328 34.64 0.213
320 319 324 325 26.46 0.087
373 372 379 380 40.71 0.134
373 372 378 379 37.44 0.100
373 372 375 376 23.20 0.043
373 372 377 378 29.09 0.082
373 372 374 375 23.02 0.033
373 372 380 381 37.64 0.198
373 372 376 377 23.55 0.062
3 1 7 9 24.92 0.054
3 1 9 11 21.93 0.099
3 1 11 13 29.12 0.134
3 2 4 5 27.17 0.033
3 2 5 6 23.31 0.043
3 2 6 7 23.62 0.062
3 2 7 8 23.81 0.093
56 54 62 64 32.28 0.077
56 54 60 62 27.38 0.052
56 54 64 66 29.87 0.131
56 55 57 58 21.68 0.033
56 55 60 61 28.29 0.083
56 55 58 59 19.35 0.046
56 55 59 60 21.90 0.064
109 107 119 121 21.96 0.270
109 107 121 123 14.42 0.616
109 107 117 119 20.76 0.175
109 108 113 114 20.71 0.103
109 108 115 116 26.83 0.187
109 108 116 117 24.39 0.290
109 108 114 115 26.07 0.131
109 108 112 113 15.35 0.079
109 108 110 111 18.03 0.034
162 160 170 172 23.06 0.161
162 160 176 178 14.42 0.908
162 160 174 176 14.48 0.613
162 160 172 174 26.92 0.226
162 161 165 166 17.88 0.072
162 161 164 165 20.90 0.044
162 161 169 170 23.60 0.298
162 161 168 169 25.61 0.195
162 161 166 167 20.05 0.105
162 161 163 164 32.18 0.032
162 161 167 168 25.53 0.133
215 213 223 225 21.84 0.168
215 213 225 227 29.46 0.209
215 213 229 231 27.02 0.499
215 213 227 229 19.16 0.471
215 214 220 221 20.90 0.156
215 214 216 217 44.53 0.032
215 214 222 223 18.50 0.372
215 214 218 219 21.28 0.065
215 214 219 220 20.51 0.104
215 214 217 218 25.66 0.042
215 214 221 222 18.16 0.263
268 266 278 280 30.77 0.202
268 266 282 284 28.74 0.471
268 266 276 278 21.42 0.171
268 267 271 272 24.31 0.061
268 267 272 273 28.22 0.083
268 267 275 276 25.83 0.275
268 267 270 271 25.27 0.042
268 267 273 274 23.96 0.140
321 319 331 333 17.98 0.324
321 319 333 335 19.25 0.469
321 319 329 331 27.82 0.138
321 319 335 337 20.80 0.639
321 320 323 324 24.12 0.043
321 320 327 328 38.48 0.140
321 320 322 323 20.53 0.034
321 320 324 325 27.37 0.058
321 320 326 327 29.83 0.118
321 320 328 329 40.03 0.188
321 320 325 326 28.61 0.083
374 372 382 384 37.20 0.111
374 372 388 390 10.57 1.228
374 372 384 386 26.82 0.227
374 372 386 388 15.32 0.581
374 373 375 376 22.79 0.033
374 373 379 380 37.53 0.100
374 373 378 379 33.56 0.075
374 373 376 377 20.76 0.045
374 373 380 381 35.32 0.150
374 373 381 382 35.88 0.207
374 373 377 378 25.55 0.060
4 1 16 19 25.89 0.205
4 1 13 16 24.27 0.123
4 2 8 10 20.11 0.060
4 2 12 14 24.66 0.152
4 2 10 12 22.00 0.099
4 3 8 9 19.08 0.109
4 3 7 8 18.15 0.072
4 3 5 6 22.09 0.033
4 3 6 7 17.78 0.047
57 54 69 72 19.06 0.267
57 54 66 69 21.52 0.135
57 55 61 63 30.33 0.050
57 55 65 67 29.77 0.131
57 55 63 65 33.15 0.075
57 56 61 62 27.77 0.084
57 56 60 61 26.97 0.058
57 56 58 59 15.93 0.035
57 56 59 60 19.91 0.045
110 107 125 128 12.71 0.653
110 108 118 120 22.18 0.166
110 108 120 122 20.08 0.293
110 108 122 124 9.80 0.892
110 108 124 126 10.28 1.262
110 109 114 115 23.69 0.094
110 109 115 116 24.32 0.139
110 109 112 113 13.11 0.053
110 109 116 117 22.31 0.219
110 109 117 118 16.16 0.422
163 160 178 181 20.55 0.415
163 160 181 184 20.00 0.663
163 161 171 173 21.65 0.169
163 161 173 175 19.74 0.297
163 161 177 179 15.64 0.840
163 162 164 165 29.90 0.033
163 162 165 166 16.74 0.048
163 162 168 169 22.03 0.150
163 162 166 167 17.57 0.073
163 162 170 171 18.08 0.380
163 162 169 170 21.28 0.228
163 162 167 168 22.05 0.098
216 213 234 237 28.02 0.482
216 213 231 234 26.95 0.324
216 214 224 226 25.89 0.146
216 214 226 228 25.77 0.235
216 214 228 230 20.45 0.443
216 215 218 219 25.74 0.042
216 215 222 223 18.31 0.261
216 215 220 221 20.70 0.103
216 215 221 222 18.15 0.175
216 215 217 218 45.58 0.032
216 215 223 224 17.70 0.388
216 215 219 220 21.40 0.065
269 266 284 287 32.49 0.274
269 266 290 293 26.06 0.759
269 267 277 279 21.07 0.173
269 267 279 281 27.38 0.223
269 268 271 272 21.67 0.044
269 268 273 274 20.99 0.102
269 268 270 271 25.68 0.033
269 268 275 276 22.72 0.216
269 268 276 277 20.46 0.340
269 268 274 275 20.37 0.160
269 268 272 273 24.94 0.060
322 319 343 346 26.87 0.737
322 319 337 340 24.93 0.348
322 319 340 343 28.53 0.474
322 320 334 336 21.18 0.429
322 320 330 332 22.69 0.163
322 320 332 334 17.33 0.335
322 320 336 338 23.28 0.574
322 321 323 324 18.90 0.034
322 321 326 327 26.46 0.087
322 321 325 326 24.43 0.061
322 321 324 325 22.13 0.044
322 321 329 330 30.58 0.237
322 321 327 328 34.88 0.106
322 321 328 329 36.74 0.145
375 372 390 393 17.39 0.485
375 372 396 399 24.34 0.811
375 372 393 396 23.18 0.576
375 373 385 387 22.10 0.269
375 373 387 389 12.21 0.722
375 373 383 385 34.26 0.118
375 374 382 383 38.12 0.196
375 374 376 377 19.68 0.034
375 374 377 378 23.37 0.043
375 374 381 382 36.80 0.145
375 374 378 379 32.19 0.053
375 374 379 380 37.20 0.071
375 374 380 381 35.81 0.104
5 1 17 21 25.24 0.149
5 2 17 20 23.25 0.225
5 2 14 17 22.91 0.129
5 3 9 11 16.88 0.066
5 3 11 13 23.48 0.094
5 3 13 15 21.38 0.171
5 4 8 9 18.47 0.071
5 4 6 7 22.21 0.033
5 4 7 8 18.13 0.047
5 4 9 10 16.32 0.122
31 5 100 111 26.88 0.187
31 5 58 84 29.97 0.055
31 5 92 100 35.00 0.105
31 5 47 58 21.59 0.044
31 5 84 92 27.80 0.084
31 5 39 47 18.05 0.034
31 5 111 137 29.59 0.244
39 5 164 198 30.20 0.205
39 5 198 217 27.62 0.336
39 5 217 251 23.22 0.576
39 5 145 164 26.60 0.143
39 31 137 145 20.61 0.337
39 31 111 137 25.22 0.197
39 31 58 84 23.18 0.043
39 31 92 100 29.12 0.082
39 31 100 111 22.75 0.146
39 31 84 92 22.26 0.064
39 31 47 58 15.87 0.035
47 5 251 296 23.00 0.374
47 5 296 323 22.18 0.601
47 31 190 206 28.51 0.215
47 31 206 243 23.97 0.382
47 31 153 190 26.44 0.144
47 39 58 84 19.53 0.034
47 39 84 92 18.90 0.046
47 39 145 153 24.14 0.292
47 39 100 111 21.50 0.100
47 39 137 145 20.24 0.239
47 39 92 100 26.75 0.058
47 39 111 137 24.71 0.137
58 54 70 74 19.70 0.183
58 54 74 78 20.90 0.319
58 55 70 73 20.13 0.255
58 55 67 70 17.51 0.159
58 56 64 66 30.17 0.080
58 56 62 64 32.04 0.049
58 56 66 68 23.12 0.160
58 57 62 63 30.71 0.079
58 57 60 61 22.54 0.043
58 57 59 60 15.98 0.035
58 57 61 62 23.88 0.062
58 31 304 349 20.74 0.641
58 31 259 304 21.28 0.402
58 39 251 270 22.16 0.602
58 39 217 251 21.09 0.430
58 39 164 198 26.06 0.146
58 39 198 217 24.97 0.241
58 47 153 164 22.54 0.311
58 47 92 100 19.11 0.046
58 47 145 153 20.00 0.241
58 47 111 137 19.97 0.106
58 47 100 111 16.41 0.076
58 47 137 145 16.75 0.188
58 47 84 92 11.85 0.036
84 39 270 312 23.01 0.374
84 47 206 243 24.14 0.249
84 47 259 296 23.03 0.580
84 47 243 259 23.51 0.389
84 47 190 206 29.43 0.132
84 58 92 100 20.19 0.034
84 58 111 137 22.45 0.064
84 58 145 153 24.04 0.140
84 58 153 164 26.57 0.189
84 58 100 111 17.45 0.047
84 58 164 190 28.30 0.254
84 58 137 145 19.41 0.108
92 47 296 323 23.32 0.369
92 47 323 365 21.60 0.616
92 58 270 304 22.86 0.584
92 58 251 270 25.64 0.359
92 58 198 217 27.29 0.141
92 58 217 251 23.57 0.254
92 84 153 164 22.46 0.147
92 84 145 153 19.59 0.107
92 84 100 111 12.83 0.036
92 84 190 198 28.13 0.255
92 84 164 190 23.65 0.209
92 84 111 137 17.33 0.047
92 84 137 145 15.54 0.079
100 58 304 349 24.12 0.358
100 84 206 243 24.58 0.153
100 84 259 296 24.50 0.375
100 84 243 259 24.41 0.246
100 84 296 312 24.92 0.538
100 92 190 198 29.40 0.174
100 92 198 206 29.12 0.247
100 92 153 164 22.76 0.096
100 92 145 153 19.44 0.069
100 92 164 190 25.15 0.135
100 92 137 145 14.51 0.051
111 108 126 129 14.01 0.595
111 109 121 123 13.32 0.426
111 109 123 125 12.35 0.714
111 109 119 121 21.42 0.171
111 110 112 113 12.98 0.036
111 110 117 118 17.21 0.275
111 110 115 116 25.78 0.088
111 110 118 119 23.30 0.302
111 110 116 117 23.74 0.141
111 110 113 114 18.27 0.047
111 110 114 115 24.83 0.060
111 84 312 357 21.47 0.399
111 92 217 251 21.60 0.170
111 92 304 323 24.01 0.558
111 92 270 304 21.35 0.426
111 92 251 270 24.24 0.248
111 100 198 206 22.16 0.221
111 100 145 153 13.97 0.052
111 100 190 198 22.11 0.149
111 100 206 217 19.39 0.357
111 100 153 164 16.55 0.076
111 100 164 190 18.37 0.112
137 92 323 365 19.48 0.436
137 100 243 259 20.31 0.178
137 100 312 349 20.12 0.660
137 100 296 312 21.82 0.417
137 100 259 296 20.70 0.285
137 111 206 217 20.21 0.239
137 111 198 206 21.97 0.150
137 111 190 198 21.49 0.100
137 111 164 190 17.78 0.072
137 111 153 164 15.63 0.049
137 111 217 243 19.44 0.356
145 111 304 323 20.48 0.442
145 111 323 357 17.34 0.761
145 111 251 270 19.68 0.183
145 111 270 304 18.20 0.320
145 137 198 206 17.47 0.116
145 137 190 198 16.71 0.075
145 137 153 164 16.18 0.035
145 137 243 251 15.84 0.430
145 137 217 243 15.68 0.299
145 137 206 217 15.42 0.201
145 137 164 190 14.51 0.051
153 137 259 296 19.84 0.182
153 137 296 312 20.89 0.283
153 145 251 259 21.64 0.323
153 145 190 198 21.98 0.044
153 145 164 190 26.59 0.033
153 145 198 206 21.80 0.065
153 145 206 217 19.27 0.108
153 145 243 251 19.56 0.246
153 145 217 243 19.14 0.168
164 161 182 185 17.50 0.754
164 161 179 182 19.47 0.437
164 162 176 178 12.30 0.717
164 162 172 174 23.39 0.159
164 162 174 176 13.98 0.408
164 163 166 167 21.76 0.044
164 163 170 171 22.18 0.220
164 163 169 170 25.06 0.135
164 163 171 172 21.94 0.319
164 163 165 166 26.12 0.033
164 163 168 169 27.41 0.085
164 163 167 168 27.02 0.058
164 145 323 357 21.69 0.419
164 145 270 304 21.66 0.169
164 145 304 323 24.63 0.244
164 153 243 251 20.45 0.159
164 153 198 206 25.42 0.042
164 153 217 243 19.83 0.106
164 153 190 198 32.02 0.032
164 153 259 270 23.51 0.299
164 153 251 259 22.66 0.216
164 153 206 217 20.41 0.067
190 153 296 312 24.43 0.153
190 153 312 349 23.42 0.255
190 164 217 243 20.42 0.067
190 164 243 251 20.02 0.105
190 164 251 259 21.96 0.150
190 164 259 270 22.67 0.216
190 164 270 296 21.33 0.327
190 164 198 206 49.56 0.032
198 164 323 357 23.74 0.252
198 164 304 323 27.22 0.141
198 190 296 304 26.84 0.266
198 190 251 259 25.23 0.090
198 190 243 251 23.98 0.061
198 190 259 270 26.42 0.130
198 190 217 243 27.83 0.041
198 190 270 296 23.74 0.208
198 190 206 217 47.55 0.032
206 190 312 349 25.36 0.149
206 190 349 365 24.70 0.244
206 198 217 243 38.68 0.032
206 198 259 270 22.99 0.096
206 198 251 259 22.89 0.063
206 198 270 296 21.66 0.152
206 198 304 312 26.99 0.265
206 198 243 251 24.39 0.042
206 198 296 304 23.89 0.207
217 215 225 227 26.05 0.146
217 215 229 231 25.09 0.367
217 215 227 229 18.11 0.321
217 215 231 233 22.30 0.598
217 216 219 220 21.47 0.044
217 216 222 223 15.19 0.204
217 216 224 225 21.74 0.321
217 216 223 224 14.74 0.316
217 216 218 219 35.74 0.032
217 216 221 222 15.40 0.128
217 216 220 221 17.83 0.072
217 198 323 357 22.26 0.165
217 206 270 296 20.00 0.105
217 206 296 304 21.97 0.150
217 206 312 323 23.97 0.294
217 206 251 259 25.64 0.042
217 206 243 251 37.68 0.032
217 206 259 270 21.92 0.064
217 206 304 312 25.07 0.198
243 206 349 365 22.13 0.166
243 217 323 349 21.14 0.330
243 217 304 312 24.13 0.139
243 217 270 296 18.96 0.070
243 217 259 270 23.39 0.043
243 217 312 323 23.31 0.211
243 217 251 259 37.50 0.032
243 217 296 304 20.80 0.102
251 243 296 304 21.40 0.065
251 243 259 270 34.07 0.032
251 243 349 357 22.99 0.305
251 243 304 312 25.15 0.090
251 243 270 296 20.64 0.045
251 243 323 349 22.14 0.221
251 243 312 323 24.72 0.137
259 251 312 323 27.78 0.084
259 251 323 349 25.10 0.135
259 251 357 365 27.59 0.260
259 251 349 357 25.84 0.193
259 251 296 304 23.55 0.043
259 251 304 312 27.87 0.057
259 251 270 296 28.24 0.033
270 267 285 288 32.65 0.272
270 267 288 291 32.21 0.423
270 268 282 284 28.84 0.323
270 268 284 286 33.49 0.408
270 268 278 280 29.14 0.133
270 268 280 282 22.12 0.269
270 269 271 272 24.81 0.033
270 269 273 274 19.41 0.069
270 269 275 276 21.77 0.151
270 269 277 278 17.71 0.388
270 269 276 277 21.01 0.231
270 269 274 275 19.63 0.107
270 269 272 273 23.74 0.043
270 259 296 304 25.43 0.033
270 259 357 365 29.36 0.174
270 259 323 349 26.83 0.086
270 259 312 323 29.63 0.055
270 259 304 312 29.39 0.040
270 259 349 357 27.18 0.127
296 270 312 323 25.13 0.042
296 270 323 349 22.98 0.063
296 270 304 312 23.01 0.033
296 270 349 357 24.15 0.092
296 270 357 365 26.64 0.129
304 296 312 323 25.41 0.033
304 296 357 365 28.81 0.082
304 296 323 349 23.94 0.043
304 296 349 357 25.49 0.060
312 304 323 349 19.75 0.034
312 304 349 357 22.89 0.043
312 304 357 365 27.53 0.057
323 320 341 344 31.73 0.429
323 320 338 341 27.91 0.314
323 321 335 337 24.07 0.381
323 321 331 333 19.27 0.187
323 321 337 339 25.41 0.529
323 321 333 335 20.08 0.293
323 322 324 325 18.71 0.034
323 322 328 329 38.34 0.099
323 322 330 331 25.55 0.278
323 322 329 330 31.84 0.163
323 322 327 328 35.57 0.072
323 322 325 326 22.82 0.043
323 322 326 327 26.41 0.059
323 312 357 365 22.43 0.043
323 312 349 357 17.43 0.034
349 323 357 365 18.70 0.034
376 373 391 394 19.00 0.447
376 373 394 397 23.01 0.580
376 374 390 392 16.49 0.798
376 374 388 390 11.53 0.762
376 374 384 386 27.35 0.140
376 374 386 388 16.32 0.353
376 375 379 380 31.86 0.054
376 375 383 384 34.57 0.213
376 375 380 381 31.54 0.078
376 375 378 379 26.97 0.041
376 375 382 383 34.60 0.152
376 375 377 378 18.48 0.034
376 375 381 382 32.90 0.110
6 2 22 26 22.75 0.295
6 2 18 22 22.89 0.162
6 3 15 18 22.01 0.133
6 4 12 14 20.18 0.105
6 4 14 16 19.37 0.186
6 4 10 12 16.87 0.066
6 5 8 9 14.99 0.050
6 5 10 11 13.39 0.143
6 5 7 8 20.23 0.034
6 5 9 10 12.64 0.090
59 55 71 75 17.64 0.201
59 55 75 79 17.79 0.369
59 56 68 71 14.83 0.183
59 56 71 74 16.42 0.306
59 57 67 69 14.17 0.243
59 57 65 67 22.35 0.097
59 57 63 65 23.86 0.055
59 58 61 62 14.93 0.050
59 58 62 63 20.24 0.067
59 58 63 64 20.86 0.102
59 58 60 61 13.79 0.035
112 109 130 133 14.40 0.910
112 109 127 130 15.02 0.557
112 110 120 122 23.65 0.158
112 110 126 128 13.93 0.939
112 110 122 124 11.31 0.497
112 111 119 120 25.15 0.282
112 111 118 119 28.65 0.177
112 111 116 117 28.08 0.084
112 111 115 116 31.06 0.054
112 111 113 114 20.67 0.034
112 111 117 118 20.42 0.159
165 162 180 183 19.75 0.431
165 163 175 177 11.52 0.488
165 163 177 179 16.36 0.546
165 163 173 175 20.85 0.175
165 164 172 173 24.54 0.288
165 164 171 172 21.29 0.228
165 164 168 169 26.59 0.058
165 164 166 167 21.82 0.033
165 164 167 168 25.29 0.042
165 164 170 171 21.56 0.152
165 164 169 170 24.59 0.091
218 215 233 236 27.23 0.321
218 216 228 230 20.10 0.293
218 216 230 232 22.74 0.401
218 216 226 228 22.85 0.162
218 217 220 221 20.01 0.045
218 217 223 224 15.68 0.198
218 217 221 222 15.62 0.078
218 217 224 225 21.70 0.225
218 217 219 220 34.69 0.032
218 217 225 226 25.40 0.279
218 217 222 223 15.94 0.125
271 268 289 292 29.98 0.453
271 269 285 287 30.15 0.450
271 269 279 281 25.76 0.147
271 269 281 283 20.00 0.294
271 269 283 285 31.37 0.299
271 270 276 277 16.45 0.190
271 270 272 273 22.79 0.033
271 270 278 279 22.90 0.307
271 270 277 278 13.88 0.334
271 270 273 274 14.95 0.050
271 270 274 275 14.84 0.081
271 270 275 276 17.04 0.118
324 321 342 345 32.19 0.424
324 321 339 342 30.69 0.288
324 322 332 334 18.32 0.195
324 322 338 340 28.73 0.471
324 322 336 338 25.45 0.362
324 322 334 336 22.48 0.265
324 323 331 332 20.85 0.334
324 323 325 326 15.72 0.035
324 323 327 328 30.45 0.055
324 323 329 330 29.51 0.119
324 323 328 329 34.51 0.074
324 323 326 327 20.97 0.044
324 323 330 331 24.17 0.205
377 374 395 398 23.95 0.559
377 374 392 395 23.26 0.370
377 375 391 393 17.08 0.772
377 375 387 389 12.21 0.462
377 375 385 387 21.07 0.173
377 376 378 379 24.64 0.033
377 376 381 382 31.88 0.077
377 376 380 381 30.12 0.055
377 376 382 383 33.96 0.108
377 376 383 384 34.84 0.151
377 376 384 385 29.18 0.247
377 376 379 380 29.86 0.040
7 3 19 23 22.36 0.165
7 3 23 27 19.92 0.333
7 4 19 22 21.88 0.237
7 4 16 19 20.46 0.141
7 5 11 13 18.01 0.063
7 5 15 17 18.45 0.193
7 5 13 15 16.78 0.120
7 6 9 10 13.03 0.053
7 6 11 12 17.65 0.115
7 6 8 9 22.91 0.033
7 6 10 11 12.59 0.090
60 56 72 76 16.14 0.217
60 56 76 80 16.59 0.394
60 57 72 75 14.88 0.334
60 57 69 72 13.98 0.192
60 58 64 66 20.32 0.060
60 58 66 68 15.97 0.124
60 58 68 70 10.98 0.305
60 59 61 62 17.17 0.034
60 59 64 65 20.88 0.102
60 59 63 64 21.71 0.065
60 59 62 63 21.05 0.044
113 111 123 125 15.15 0.378
113 111 125 127 13.44 0.658
113 111 121 123 17.79 0.200
113 111 127 129 17.38 0.759
113 112 117 118 20.81 0.102
113 112 120 121 27.05 0.264
113 112 115 116 31.83 0.039
113 112 116 117 28.34 0.057
113 112 119 120 25.91 0.193
113 112 118 119 29.24 0.120
113 112 114 115 29.10 0.033
166 163 181 184 19.15 0.443
166 164 180 182 20.82 0.638
166 164 174 176 14.16 0.243
166 164 176 178 13.79 0.413
166 164 178 180 19.86 0.455
166 165 167 168 32.67 0.032
166 165 172 173 26.24 0.191
166 165 173 174 25.43 0.279
166 165 170 171 23.98 0.093
166 165 171 172 22.72 0.146
166 165 168 169 29.71 0.040
166 165 169 170 27.27 0.058
219 217 233 235 28.75 0.471
219 217 229 231 25.00 0.241
219 217 231 233 23.26 0.393
219 217 227 229 18.14 0.196
219 218 226 227 26.20 0.272
219 218 222 223 14.79 0.081
219 218 224 225 20.68 0.158
219 218 225 226 24.77 0.200
219 218 223 224 15.03 0.130
219 218 221 222 14.65 0.051
219 218 220 221 25.95 0.033
272 269 287 290 29.85 0.295
272 269 290 293 26.56 0.507
272 270 286 288 27.40 0.492
272 270 284 286 27.52 0.337
272 270 282 284 23.12 0.258
272 270 280 282 17.54 0.202
272 271 278 279 19.72 0.244
272 271 279 280 21.00 0.332
272 271 276 277 13.84 0.139
272 271 275 276 13.83 0.085
272 271 273 274 18.17 0.034
272 271 277 278 11.89 0.252
325 322 340 343 32.24 0.276
325 322 343 346 30.01 0.452
325 323 339 341 28.57 0.473
325 323 333 335 18.83 0.190
325 323 335 337 22.94 0.260
325 323 337 339 24.70 0.372
325 324 329 330 24.34 0.092
325 324 328 329 27.42 0.057
325 324 326 327 14.62 0.035
325 324 331 332 17.73 0.268
325 324 332 333 14.35 0.471
325 324 327 328 22.64 0.043
325 324 330 331 20.26 0.160
378 375 396 399 25.08 0.535
378 375 393 396 24.41 0.354
378 376 390 392 16.91 0.529
378 376 386 388 16.96 0.208
378 376 388 390 11.99 0.470
378 376 392 394 23.53 0.568
378 377 384 385 32.22 0.161
378 377 385 386 26.54 0.269
378 377 382 383 36.65 0.071
378 377 383 384 38.13 0.099
378 377 379 380 29.20 0.033
378 377 381 382 33.80 0.052
378 377 380 381 31.14 0.040
8 4 20 24 21.94 0.167
8 5 20 23 21.60 0.239
8 5 17 20 19.07 0.149
8 6 14 16 16.44 0.122
8 6 16 18 20.23 0.179
8 6 12 14 16.88 0.066
8 7 12 13 17.03 0.119
8 7 11 12 17.42 0.073
8 7 9 10 21.55 0.033
61 57 77 81 17.08 0.383
61 57 73 77 16.99 0.208
61 58 70 73 15.62 0.175
61 58 73 76 16.42 0.306
61 59 69 71 15.35 0.226
61 59 67 69 15.20 0.129
61 59 65 67 25.16 0.054
61 60 64 65 29.69 0.055
61 60 62 63 31.72 0.032
61 60 63 64 32.68 0.039
61 60 65 66 29.42 0.081
114 112 126 128 18.77 0.480
114 112 122 124 15.89 0.220
114 112 128 130 22.83 0.585
114 112 124 126 16.09 0.358
114 113 115 116 48.57 0.032
114 113 118 119 42.71 0.065
114 113 116 117 41.77 0.037
114 113 119 120 38.13 0.099
114 113 120 121 39.81 0.136
114 113 117 118 30.60 0.055
114 113 121 122 37.01 0.201
167 165 181 183 21.96 0.607
167 165 177 179 18.79 0.311
167 165 175 177 13.26 0.257
167 166 171 172 29.55 0.081
167 166 168 169 42.80 0.032
167 166 169 170 38.10 0.038
167 166 172 173 33.19 0.110
167 166 173 174 31.51 0.164
167 166 170 171 32.17 0.053
167 166 174 175 21.90 0.319
220 217 235 238 22.19 0.387
220 218 234 236 25.60 0.525
220 218 232 234 24.41 0.376
220 218 228 230 19.43 0.185
220 218 230 232 24.68 0.244
220 219 221 222 18.40 0.034
220 219 225 226 24.61 0.137
220 219 227 228 21.40 0.326
220 219 226 227 26.55 0.189
220 219 223 224 14.60 0.082
220 219 224 225 20.21 0.105
220 219 222 223 14.25 0.051
273 270 288 291 27.62 0.317
273 271 285 287 26.87 0.344
273 271 287 289 27.77 0.486
273 271 283 285 27.23 0.224
273 271 281 283 17.35 0.204
273 272 280 281 20.77 0.335
273 272 276 277 15.28 0.079
273 272 274 275 17.05 0.034
273 272 278 279 21.01 0.156
273 272 279 280 22.97 0.214
273 272 277 278 12.92 0.147
273 272 275 276 15.66 0.049
326 323 341 344 30.61 0.289
326 324 334 336 18.27 0.195
326 324 336 338 21.08 0.280
326 324 338 340 24.50 0.375
326 324 340 342 27.01 0.499
326 325 332 333 11.85 0.386
326 325 328 329 21.33 0.044
326 325 327 328 16.05 0.035
326 325 333 334 14.04 0.481
326 325 331 332 14.78 0.209
326 325 330 331 16.76 0.120
326 325 329 330 19.67 0.068
379 376 394 397 26.48 0.329
379 377 391 393 21.93 0.415
379 377 389 391 16.58 0.348
379 377 393 395 29.30 0.462
379 377 387 389 14.27 0.241
379 378 380 381 32.07 0.032
379 378 383 384 44.20 0.064
379 378 381 382 37.15 0.038
379 378 384 385 37.66 0.100
379 378 382 383 41.67 0.048
379 378 386 387 23.58 0.299
379 378 385 386 31.21 0.165
9 5 21 25 19.55 0.184
9 6 18 21 19.05 0.149
9 6 21 24 19.58 0.261
9 7 17 19 19.82 0.182
9 7 13 15 16.93 0.066
9 7 15 17 18.95 0.110
9 8 10 11 23.54 0.033
9 8 13 14 17.38 0.117
9 8 12 13 19.01 0.070
9 8 11 12 20.78 0.045
32 9 40 48 18.98 0.034
32 9 101 115 21.59 0.226
32 9 115 138 21.09 0.330
32 9 85 93 22.36 0.097
32 9 62 85 19.25 0.069
32 9 93 101 21.81 0.151
32 9 48 62 21.09 0.044
40 9 199 221 14.71 0.604
40 9 168 199 18.85 0.310
40 9 146 168 20.54 0.177
40 9 221 252 12.86 1.015
40 32 85 93 26.17 0.059
40 32 48 62 27.51 0.033
40 32 101 115 24.57 0.137
40 32 93 101 25.81 0.088
40 32 138 146 22.47 0.312
40 32 62 85 23.46 0.043
40 32 115 138 24.07 0.205
48 9 327 366 18.08 1.081
48 9 252 297 13.26 0.627
48 9 297 327 14.61 0.897
48 32 207 244 14.10 0.629
48 32 154 191 22.71 0.163
48 32 191 207 19.07 0.307
48 32 244 260 14.07 0.930
48 40 146 154 23.99 0.294
48 40 115 138 27.14 0.127
48 40 62 85 32.77 0.032
48 40 93 101 31.01 0.054
48 40 138 146 25.25 0.197
48 40 101 115 28.57 0.083
48 40 85 93 33.12 0.039
62 58 74 78 18.50 0.193
62 59 74 77 19.84 0.258
62 59 71 74 17.74 0.158
62 60 66 68 25.93 0.053
62 60 68 70 16.88 0.119
62 60 70 72 20.78 0.175
62 61 63 64 41.98 0.032
62 61 65 66 35.65 0.051
62 61 64 65 36.47 0.038
62 61 66 67 31.28 0.078
62 32 305 350 18.79 0.704
62 40 199 221 19.69 0.298
62 40 168 199 25.52 0.148
62 40 221 252 17.10 0.524
62 40 252 274 16.72 0.788
62 48 115 138 34.92 0.073
62 48 93 101 41.41 0.037
62 48 101 115 37.28 0.050
62 48 154 168 30.26 0.239
62 48 138 146 32.16 0.112
62 48 146 154 30.78 0.167
62 48 85 93 42.97 0.032
85 40 274 313 17.02 0.495
85 40 313 358 22.52 0.592
85 48 207 244 18.61 0.314
85 48 260 297 18.89 0.701
85 48 244 260 17.98 0.500
85 48 191 207 23.64 0.158
85 62 93 101 45.35 0.032
85 62 168 191 28.33 0.254
85 62 101 115 39.49 0.038
85 62 138 146 31.84 0.077
85 62 154 168 29.44 0.173
85 62 146 154 30.03 0.118
85 62 115 138 35.43 0.051
93 48 297 327 20.53 0.416
93 48 327 366 25.25 0.532
93 62 252 274 18.51 0.486
93 62 274 305 18.58 0.712
93 62 199 221 22.31 0.165
93 62 221 252 18.67 0.313
93 85 101 115 48.04 0.032
93 85 146 154 34.45 0.074
93 85 168 191 32.30 0.161
93 85 154 168 33.57 0.109
93 85 191 199 26.74 0.267
93 85 138 146 37.64 0.050
93 85 115 138 42.91 0.037
101 62 305 350 22.85 0.376
101 85 260 297 19.85 0.455
101 85 207 244 20.23 0.179
101 85 244 260 19.47 0.301
101 93 168 191 32.45 0.111
101 93 115 138 44.27 0.032
101 93 146 154 35.37 0.051
101 93 138 146 38.93 0.038
101 93 191 199 26.82 0.187
101 93 199 207 24.26 0.291
101 93 154 168 34.16 0.074
115 112 130 133 23.99 0.360
115 113 127 129 28.19 0.330
115 113 125 127 22.00 0.270
115 113 129 131 27.29 0.494
115 113 123 125 25.67 0.147
115 114 122 123 15.15 0.448
115 114 120 121 46.84 0.086
115 114 121 122 43.53 0.127
115 114 119 120 44.01 0.064
115 114 116 117 43.96 0.032
115 114 118 119 48.13 0.046
115 114 117 118 33.69 0.039
115 85 313 358 26.83 0.325
115 93 221 252 19.13 0.188
115 93 305 327 22.61 0.590
115 93 274 305 19.77 0.457
115 93 252 274 19.24 0.304
115 101 138 146 40.69 0.032
115 101 154 168 36.20 0.051
115 101 199 207 24.34 0.203
115 101 146 154 37.32 0.038
115 101 191 199 27.30 0.127
115 101 168 191 33.81 0.075
115 101 207 221 21.32 0.327
138 93 327 366 27.39 0.319
138 101 313 350 26.20 0.513
138 101 260 297 20.39 0.289
138 101 244 260 19.95 0.181
138 115 191 199 30.57 0.079
138 115 199 207 26.50 0.130
138 115 154 168 41.40 0.037
138 115 168 191 38.78 0.049
138 115 146 154 42.33 0.032
138 115 221 244 19.85 0.349
138 115 207 221 22.77 0.215
146 115 327 358 28.70 0.471
146 115 274 305 20.96 0.282
146 115 252 274 20.75 0.175
146 115 305 327 24.14 0.380
146 138 221 244 20.76 0.233
146 138 207 221 24.08 0.140
146 138 199 207 28.94 0.082
146 138 168 191 44.24 0.037
146 138 244 252 22.27 0.314
146 138 191 199 34.44 0.052
146 138 154 168 46.62 0.032
154 138 350 366 30.25 0.449
154 138 313 350 28.66 0.325
154 138 260 297 21.87 0.168
154 138 297 313 22.43 0.265
154 146 191 199 37.58 0.038
154 146 199 207 30.34 0.055
154 146 168 191 47.43 0.032
154 146 207 221 24.76 0.091
154 146 221 244 21.04 0.155
154 146 244 252 22.31 0.219
154 146 252 260 20.28 0.342
168 165 183 186 21.02 0.407
168 166 182 184 25.49 0.527
168 166 178 180 28.55 0.215
168 166 180 182 31.34 0.299
168 167 173 174 39.24 0.097
168 167 175 176 17.05 0.401
168 167 174 175 28.35 0.179
168 167 172 173 42.16 0.066
168 167 169 170 48.91 0.032
168 167 170 171 43.03 0.037
168 167 171 172 38.73 0.049
168 146 274 305 22.10 0.166
168 146 305 327 25.43 0.238
168 146 327 358 30.34 0.308
168 154 244 252 22.26 0.149
168 154 260 274 22.30 0.314
168 154 221 244 21.18 0.101
168 154 207 221 25.40 0.060
168 154 252 260 20.65 0.234
168 154 199 207 32.30 0.039
168 154 191 199 41.68 0.032
191 154 297 313 23.45 0.159
191 154 313 350 30.53 0.203
191 154 350 366 33.47 0.282
191 168 260 274 23.10 0.213
191 168 252 260 20.80 0.157
191 168 199 207 37.65 0.032
191 168 207 221 27.74 0.041
191 168 274 297 22.15 0.316
191 168 244 252 22.60 0.097
191 168 221 244 21.90 0.064
199 168 327 358 30.01 0.206
199 168 305 327 24.47 0.153
199 191 274 297 18.47 0.259
199 191 207 221 25.59 0.033
199 191 244 252 18.27 0.071
199 191 221 244 17.95 0.047
199 191 260 274 18.94 0.169
199 191 297 305 20.14 0.344
199 191 252 260 17.06 0.118
207 191 313 350 25.34 0.149
207 191 350 366 28.50 0.215
207 199 305 313 17.84 0.385
207 199 260 274 16.36 0.122
207 199 221 244 17.23 0.034
207 199 252 260 14.47 0.082
207 199 297 305 17.67 0.269
207 199 244 252 15.57 0.049
207 199 274 297 16.33 0.192
221 219 231 233 23.56 0.254
221 219 229 231 25.71 0.147
221 219 233 235 27.57 0.336
221 220 228 229 15.22 0.446
221 220 226 227 26.42 0.130
221 220 222 223 14.77 0.035
221 220 224 225 19.32 0.069
221 220 225 226 23.83 0.093
221 220 223 224 14.19 0.051
221 220 227 228 21.61 0.225
221 199 327 358 23.51 0.158
221 207 274 297 13.42 0.142
221 207 305 313 14.89 0.314
221 207 297 305 14.32 0.214
221 207 252 260 12.04 0.055
221 207 260 274 13.27 0.087
221 207 313 327 20.11 0.345
221 207 244 252 16.78 0.034
244 207 350 366 22.07 0.167
244 221 252 260 12.68 0.036
244 221 274 297 11.91 0.093
244 221 313 327 17.43 0.272
244 221 260 274 12.11 0.055
244 221 297 305 12.35 0.152
244 221 327 350 18.22 0.378
244 221 305 313 12.82 0.236
252 244 327 350 20.15 0.240
252 244 313 327 18.96 0.169
252 244 297 305 13.54 0.086
252 244 260 274 14.80 0.035
252 244 274 297 13.90 0.052
252 244 305 313 14.08 0.137
252 244 350 358 23.14 0.304
260 252 297 305 11.84 0.055
260 252 305 313 12.60 0.090
260 252 350 358 21.90 0.223
260 252 358 366 22.34 0.314
260 252 274 297 12.72 0.036
260 252 327 350 18.90 0.170
260 252 313 327 17.36 0.117
274 271 289 292 24.16 0.358
274 272 282 284 20.87 0.175
274 272 288 290 24.48 0.547
274 272 286 288 24.87 0.370
274 272 284 286 25.12 0.240
274 273 277 278 9.17 0.112
274 273 276 277 10.97 0.057
274 273 278 279 14.65 0.133
274 273 280 281 15.11 0.309
274 273 281 282 10.73 0.620
274 273 275 276 11.51 0.037
274 260 327 350 20.49 0.104
274 260 358 366 25.89 0.193
274 260 305 313 12.80 0.054
274 260 297 305 11.40 0.037
274 260 350 358 24.46 0.138
274 260 313 327 18.35 0.071
297 274 313 327 14.99 0.050
297 274 305 313 10.13 0.037
297 274 350 358 21.34 0.101
297 274 327 350 17.21 0.074
297 274 358 366 23.07 0.144
305 297 327 350 17.04 0.048
305 297 350 358 22.54 0.063
305 297 313 327 14.64 0.035
305 297 358 366 25.28 0.090
313 305 327 350 12.25 0.036
313 305 358 366 21.43 0.065
313 305 350 358 17.94 0.047
327 324 342 345 27.97 0.313
327 325 337 339 20.04 0.293
327 325 335 337 18.24 0.195
327 325 341 343 28.69 0.472
327 325 339 341 23.47 0.390
327 326 332 333 11.10 0.268
327 326 331 332 13.88 0.139
327 326 333 334 13.06 0.353
327 326 330 331 15.85 0.078
327 326 329 330 18.66 0.046
327 326 328 329 20.05 0.034
327 326 334 335 15.29 0.444
327 313 350 358 20.29 0.034
327 313 358 366 26.28 0.041
350 327 358 366 23.57 0.033
380 377 395 398 30.17 0.292
380 378 390 392 20.58 0.286
380 378 392 394 29.01 0.321
380 378 388 390 14.46 0.239
380 378 394 396 32.38 0.421
380 379 385 386 34.33 0.107
380 379 387 388 18.24 0.377
380 379 386 387 25.64 0.195
380 379 384 385 41.14 0.067
380 379 383 384 48.22 0.046
380 379 381 382 35.71 0.032
380 379 382 383 44.06 0.037
10 6 22 26 18.00 0.198
10 7 19 22 21.04 0.138
10 7 22 25 19.53 0.262
10 8 14 16 15.55 0.069
10 8 18 20 16.59 0.212
10 8 16 18 20.24 0.105
10 9 13 14 13.70 0.085
10 9 14 15 13.89 0.139
10 9 12 13 15.03 0.050
10 9 11 12 18.19 0.034
63 59 75 79 21.65 0.169
63 60 75 78 23.53 0.222
63 60 72 75 22.67 0.130
63 61 69 71 22.43 0.097
63 61 71 73 23.26 0.160
63 61 67 69 23.83 0.055
63 62 66 67 39.41 0.049
63 62 65 66 43.43 0.037
63 62 67 68 27.34 0.085
63 62 64 65 42.20 0.032
116 113 131 134 27.29 0.320
116 114 126 128 29.19 0.211
116 114 124 126 23.92 0.156
116 114 128 130 32.56 0.289
116 115 118 119 52.76 0.036
116 115 117 118 34.95 0.032
116 115 121 122 49.75 0.083
116 115 123 124 35.48 0.209
116 115 120 121 52.20 0.059
116 115 119 120 48.80 0.045
116 115 122 123 17.16 0.276
169 166 184 187 22.58 0.381
169 167 179 181 34.31 0.184
169 167 183 185 27.57 0.489
169 167 177 179 26.83 0.142
169 167 181 183 31.01 0.302
169 168 174 175 28.63 0.122
169 168 173 174 39.66 0.068
169 168 171 172 40.20 0.038
169 168 175 176 17.20 0.275
169 168 172 173 43.37 0.047
169 168 176 177 20.65 0.337
169 168 170 171 43.71 0.032
222 220 234 236 22.99 0.397
222 220 232 234 23.41 0.255
222 220 236 238 20.89 0.636
222 220 230 232 23.19 0.160
222 221 228 229 13.96 0.332
222 221 226 227 23.78 0.093
222 221 223 224 12.72 0.036
222 221 229 230 23.81 0.296
222 221 224 225 16.43 0.048
222 221 227 228 20.03 0.162
222 221 225 226 20.85 0.066
275 272 290 293 21.23 0.403
275 273 289 291 21.01 0.633
275 273 287 289 21.12 0.430
275 273 285 287 19.90 0.295
275 273 283 285 19.87 0.182
275 274 282 283 14.10 0.479
275 274 277 278 7.96 0.068
275 274 278 279 12.23 0.092
275 274 280 281 13.28 0.229
275 274 279 280 13.92 0.138
275 274 276 277 10.15 0.037
275 274 281 282 9.61 0.469
328 325 343 346 27.66 0.316
328 326 340 342 28.59 0.325
328 326 342 344 31.81 0.428
328 326 338 340 25.27 0.239
328 326 336 338 21.69 0.169
328 327 334 335 18.91 0.253
328 327 331 332 17.37 0.073
328 327 335 336 21.52 0.324
328 327 333 334 15.92 0.196
328 327 332 333 13.74 0.140
328 327 330 331 19.58 0.045
328 327 329 330 21.97 0.033
381 378 396 399 33.70 0.265
381 379 395 397 29.36 0.461
381 379 391 393 23.01 0.259
381 379 389 391 17.87 0.199
381 379 393 395 31.97 0.294
381 380 387 388 17.45 0.272
381 380 382 383 37.69 0.032
381 380 384 385 40.24 0.049
381 380 388 389 12.41 0.540
381 380 383 384 45.76 0.037
381 380 385 386 34.02 0.074
381 380 386 387 25.10 0.135
11 7 23 27 18.28 0.195
11 8 23 26 17.70 0.286
11 8 20 23 21.57 0.135
11 9 19 21 20.01 0.181
11 9 15 17 15.82 0.068
11 9 17 19 17.59 0.116
11 10 14 15 13.49 0.086
11 10 12 13 17.02 0.034
11 10 13 14 13.52 0.052
11 10 15 16 14.40 0.135
64 60 76 80 24.75 0.152
64 61 76 79 25.84 0.205
64 61 73 76 27.35 0.113
64 62 70 72 28.32 0.083
64 62 68 70 23.26 0.056
64 62 72 74 25.39 0.149
64 63 68 69 24.30 0.092
64 63 66 67 39.65 0.038
64 63 67 68 28.56 0.056
64 63 65 66 39.92 0.032
117 115 129 131 37.21 0.257
117 115 125 127 27.20 0.141
117 115 127 129 34.53 0.183
117 115 131 133 29.56 0.459
117 116 123 124 36.32 0.146
117 116 121 122 50.37 0.060
117 116 120 121 51.58 0.045
117 116 118 119 46.58 0.032
117 116 119 120 46.94 0.036
117 116 122 123 17.64 0.180
117 116 124 125 25.97 0.274
170 168 180 182 37.03 0.173
170 168 184 186 25.09 0.535
170 168 178 180 33.66 0.120
170 168 182 184 29.32 0.318
170 169 175 176 17.98 0.177
170 169 177 178 24.48 0.289
170 169 174 175 30.93 0.079
170 169 176 177 21.34 0.228
170 169 171 172 44.94 0.032
170 169 173 174 43.04 0.048
170 169 172 173 49.47 0.036
223 221 231 233 21.60 0.170
223 221 233 235 22.70 0.263
223 221 235 237 21.83 0.417
223 222 224 225 14.15 0.035
223 222 226 227 23.04 0.063
223 222 228 229 14.62 0.211
223 222 225 226 19.40 0.046
223 222 227 228 20.48 0.104
223 222 230 231 24.07 0.293
223 222 229 230 25.06 0.198
276 274 288 290 18.55 0.485
276 274 284 286 19.61 0.184
276 274 286 288 18.65 0.313
276 274 290 292 18.48 0.715
276 275 280 281 13.61 0.141
276 275 278 279 11.83 0.055
276 275 282 283 14.61 0.319
276 275 277 278 8.53 0.039
276 275 279 280 13.71 0.085
276 275 281 282 9.95 0.295
276 275 283 284 19.42 0.356
329 327 339 341 28.98 0.212
329 327 337 339 24.63 0.152
329 327 341 343 35.26 0.269
329 327 343 345 29.65 0.457
329 328 333 334 15.05 0.130
329 328 330 331 18.11 0.034
329 328 335 336 20.17 0.239
329 328 334 335 18.37 0.174
329 328 331 332 16.87 0.048
329 328 332 333 13.22 0.087
329 328 336 337 22.84 0.307
382 380 396 398 31.38 0.434
382 380 392 394 28.09 0.218
382 380 394 396 31.28 0.300
382 380 390 392 19.54 0.184
382 381 388 389 12.41 0.370
382 381 383 384 39.35 0.032
382 381 389 390 15.23 0.446
382 381 384 385 39.32 0.038
382 381 386 387 25.39 0.089
382 381 385 386 34.54 0.052
382 381 387 388 17.49 0.181
12 8 24 28 18.24 0.195
12 9 24 27 19.22 0.265
12 9 21 24 20.73 0.139
12 10 20 22 25.19 0.150
12 10 16 18 20.55 0.059
12 10 18 20 17.99 0.114
12 11 16 17 20.65 0.103
12 11 15 16 15.53 0.079
12 11 14 15 13.74 0.052
12 11 13 14 14.69 0.035
65 61 77 81 27.76 0.139
65 62 74 77 30.50 0.104
65 62 77 80 28.52 0.189
65 63 69 71 25.87 0.053
65 63 73 75 30.19 0.130
65 63 71 73 26.86 0.086
65 64 69 70 23.62 0.094
65 64 68 69 25.94 0.059
65 64 67 68 30.14 0.040
65 64 66 67 37.97 0.032
118 116 128 130 31.12 0.200
118 116 126 128 26.00 0.146
118 117 123 124 26.92 0.128
118 117 124 125 19.20 0.250
118 117 120 121 35.97 0.038
118 117 125 126 19.13 0.361
118 117 119 120 30.99 0.032
118 117 121 122 35.54 0.051
118 117 122 123 12.83 0.148
171 169 183 185 28.50 0.326
171 169 179 181 37.92 0.110
171 169 185 187 24.14 0.555
171 169 181 183 33.14 0.189
171 170 174 175 31.59 0.054
171 170 172 173 49.43 0.032
171 170 173 174 43.99 0.037
171 170 175 176 17.70 0.115
171 170 176 177 20.80 0.157
171 170 178 179 33.97 0.216
171 170 177 178 24.90 0.200
224 222 232 234 22.10 0.166
224 222 234 236 21.71 0.273
224 223 225 226 16.26 0.035
224 223 227 228 18.52 0.071
224 223 226 227 19.85 0.045
224 223 228 229 13.60 0.141
224 223 229 230 23.47 0.142
224 223 230 231 22.51 0.218
224 223 231 232 20.43 0.340
277 275 285 287 18.62 0.192
277 275 287 289 18.50 0.315
277 275 289 291 19.06 0.473
277 276 284 285 18.74 0.368
277 276 281 282 9.37 0.191
277 276 280 281 12.58 0.090
277 276 279 280 12.02 0.055
277 276 283 284 18.25 0.261
277 276 282 283 13.63 0.224
330 328 344 346 28.44 0.475
330 328 340 342 27.99 0.219
330 328 338 340 24.69 0.152
330 328 342 344 31.15 0.301
330 329 332 333 10.95 0.058
330 329 334 335 14.86 0.131
330 329 333 334 11.95 0.093
330 329 336 337 19.04 0.252
330 329 335 336 16.58 0.189
330 329 337 338 19.13 0.361
330 329 331 332 13.85 0.035
383 381 397 399 35.78 0.384
383 381 395 397 28.62 0.325
383 381 393 395 30.98 0.200
383 381 391 393 21.89 0.168
383 382 390 391 19.21 0.360
383 382 384 385 36.30 0.032
383 382 386 387 27.01 0.058
383 382 389 390 14.59 0.319
383 382 388 389 12.48 0.241
383 382 387 388 17.95 0.114
383 382 385 386 36.14 0.038
13 10 25 28 20.11 0.255
13 10 22 25 20.36 0.141
13 11 19 21 23.31 0.095
13 11 21 23 22.88 0.162
13 11 17 19 19.78 0.060
13 12 14 15 13.46 0.036
13 12 17 18 20.26 0.104
13 12 16 17 17.58 0.073
13 12 15 16 13.27 0.053
33 13 66 86 21.97 0.064
33 13 86 94 23.41 0.094
33 13 94 102 22.93 0.145
33 13 49 66 21.22 0.044
33 13 119 139 21.76 0.321
33 13 102 119 25.99 0.192
33 13 41 49 17.59 0.034
41 13 200 225 12.81 0.689
41 13 172 200 18.28 0.319
41 13 147 172 19.22 0.187
41 33 139 147 20.59 0.338
41 33 49 66 22.53 0.033
41 33 94 102 21.72 0.099
41 33 66 86 22.57 0.043
41 33 119 139 19.86 0.243
41 33 102 119 24.57 0.137
41 33 86 94 22.94 0.063
49 13 298 331 11.31 1.150
49 13 253 298 13.08 0.635
49 33 192 208 16.27 0.354
49 33 155 192 26.43 0.144
49 33 208 245 16.91 0.529
49 33 245 261 16.44 0.800
49 41 139 147 33.20 0.157
49 41 119 139 32.46 0.111
49 41 66 86 37.54 0.032
49 41 94 102 36.04 0.051
49 41 102 119 40.53 0.067
49 41 147 155 28.21 0.255
49 41 86 94 38.60 0.038
66 63 75 78 30.72 0.104
66 63 78 81 30.18 0.180
66 64 70 72 31.99 0.049
66 64 72 74 28.01 0.084
66 64 74 76 33.68 0.120
66 65 68 69 27.48 0.041
66 65 67 68 30.10 0.033
66 65 69 70 25.92 0.059
66 65 70 71 34.16 0.074
66 33 306 351 13.80 0.948
66 41 172 200 28.40 0.136
66 41 253 278 17.05 0.773
66 41 200 225 19.18 0.305
66 41 225 253 18.81 0.479
66 49 155 172 32.85 0.223
66 49 94 102 37.35 0.038
66 49 147 155 30.47 0.169
66 49 86 94 37.26 0.032
66 49 119 139 34.59 0.074
66 49 102 119 43.46 0.047
66 49 139 147 35.25 0.105
86 41 278 314 15.29 0.548
86 41 314 359 17.82 0.741
86 49 245 261 19.80 0.456
86 49 261 298 17.15 0.769
86 49 208 245 21.69 0.273
86 49 192 208 21.85 0.168
86 66 94 102 38.77 0.032
86 66 119 139 37.54 0.050
86 66 155 172 35.93 0.148
86 66 139 147 38.00 0.070
86 66 172 192 35.33 0.209
86 66 147 155 33.03 0.110
86 66 102 119 47.81 0.036
94 49 298 331 16.39 0.513
94 49 331 367 21.21 0.627
94 66 253 278 20.55 0.441
94 66 225 253 22.00 0.270
94 66 200 225 22.81 0.162
94 86 192 200 30.29 0.239
94 86 147 155 37.61 0.070
94 86 119 139 44.19 0.037
94 86 102 119 58.69 0.031
94 86 172 192 41.44 0.132
94 86 155 172 41.69 0.093
94 86 139 147 44.06 0.047
102 66 306 351 18.28 0.463
102 86 298 314 18.27 0.723
102 86 261 298 18.27 0.492
102 86 245 261 24.68 0.244
102 86 208 245 26.12 0.145
102 94 155 172 40.66 0.067
102 94 172 192 41.02 0.094
102 94 119 139 41.19 0.032
102 94 147 155 35.61 0.051
102 94 192 200 30.61 0.168
102 94 139 147 41.36 0.037
102 94 200 208 20.16 0.344
119 117 129 131 33.17 0.189
119 117 127 129 33.51 0.120
119 117 131 133 29.26 0.319
119 118 124 125 29.73 0.119
119 118 120 121 55.45 0.031
119 118 122 123 19.73 0.068
119 118 126 127 32.62 0.224
119 118 123 124 41.88 0.066
119 118 121 122 53.96 0.036
119 118 125 126 29.29 0.174
119 86 314 359 22.01 0.390
119 94 278 306 20.10 0.450
119 94 225 253 25.53 0.148
119 94 253 278 23.51 0.254
119 94 306 331 19.05 0.695
119 102 172 192 46.75 0.062
119 102 155 172 45.81 0.046
119 102 139 147 46.59 0.032
119 102 208 225 33.86 0.217
119 102 200 208 23.59 0.209
119 102 192 200 35.26 0.105
119 102 147 155 38.67 0.038
139 94 331 367 25.19 0.344
139 102 314 351 21.60 0.616
139 102 261 298 21.96 0.270
139 102 245 261 26.24 0.145
139 102 298 314 18.89 0.477
139 119 192 200 32.72 0.076
139 119 208 225 30.61 0.168
139 119 155 172 42.09 0.037
139 119 225 245 23.62 0.298
139 119 172 192 42.60 0.048
139 119 200 208 22.01 0.150
139 119 147 155 35.07 0.032
147 119 253 278 24.25 0.154
147 119 278 306 20.27 0.290
147 119 331 359 24.94 0.538
147 119 306 331 19.48 0.464
147 139 172 192 48.90 0.036
147 139 225 245 26.90 0.187
147 139 155 172 48.91 0.032
147 139 200 208 24.77 0.091
147 139 208 225 35.66 0.104
147 139 192 200 38.05 0.050
147 139 245 253 29.92 0.242
155 139 261 298 20.39 0.178
155 139 314 351 21.06 0.431
155 139 298 314 19.83 0.296
155 139 351 367 24.81 0.541
155 147 172 192 44.16 0.032
155 147 192 200 36.33 0.038
155 147 208 225 33.32 0.075
155 147 225 245 25.40 0.134
155 147 253 261 27.22 0.263
155 147 200 208 23.07 0.063
155 147 245 253 28.45 0.178
172 170 180 182 41.41 0.103
172 170 184 186 26.76 0.346
172 170 182 184 32.88 0.191
172 171 173 174 48.69 0.032
172 171 175 176 19.50 0.069
172 171 174 175 35.49 0.038
172 171 179 180 39.99 0.188
172 171 177 178 27.58 0.126
172 171 178 179 38.48 0.140
172 171 176 177 22.80 0.096
172 147 278 306 21.78 0.168
172 147 331 359 25.38 0.363
172 147 306 331 20.73 0.285
172 155 200 208 26.79 0.041
172 155 208 225 39.15 0.049
172 155 225 245 30.00 0.080
172 155 245 253 33.28 0.109
172 155 192 200 43.62 0.032
172 155 261 278 24.65 0.287
172 155 253 261 30.83 0.167
192 155 314 351 24.91 0.242
192 155 351 367 31.06 0.302
192 155 298 314 23.37 0.159
192 172 245 253 35.82 0.072
192 172 225 245 31.57 0.054
192 172 261 278 25.96 0.193
192 172 200 208 27.09 0.033
192 172 253 261 33.49 0.109
192 172 278 298 25.27 0.281
192 172 208 225 40.01 0.038
200 172 306 331 20.36 0.178
200 172 331 359 24.93 0.242
200 192 225 245 23.08 0.043
200 192 298 306 18.52 0.372
200 192 261 278 19.45 0.166
200 192 245 253 26.90 0.058
200 192 278 298 19.25 0.249
200 192 208 225 27.74 0.033
200 192 253 261 25.25 0.090
208 192 314 351 16.20 0.216
208 192 351 367 20.10 0.293
208 200 298 306 13.31 0.347
208 200 306 314 12.50 0.537
208 200 253 261 18.30 0.071
208 200 245 253 19.63 0.045
208 200 261 278 14.19 0.136
208 200 278 298 13.85 0.221
208 200 225 245 16.20 0.035
225 223 237 239 21.72 0.419
225 223 233 235 28.99 0.134
225 224 228 229 19.25 0.069
225 224 232 233 29.06 0.248
225 224 231 232 29.37 0.174
225 224 227 228 25.02 0.042
225 224 229 230 33.00 0.076
225 224 230 231 32.34 0.112
225 224 226 227 25.47 0.033
225 200 331 359 20.48 0.177
225 208 253 261 27.47 0.041
225 208 314 331 18.62 0.370
225 208 306 314 18.04 0.264
225 208 278 298 20.07 0.105
225 208 261 278 20.57 0.067
225 208 298 306 18.88 0.170
245 208 351 367 22.25 0.166
245 225 261 278 13.72 0.052
245 225 298 306 13.52 0.142
245 225 253 261 16.86 0.034
245 225 278 298 14.02 0.084
245 225 331 351 15.97 0.427
245 225 314 331 13.39 0.345
245 225 306 314 13.04 0.232
253 245 314 331 14.95 0.207
253 245 306 314 14.11 0.137
253 245 351 359 21.01 0.331
253 245 298 306 14.34 0.083
253 245 331 351 17.73 0.268
253 245 261 278 13.49 0.036
261 253 278 298 14.20 0.035
261 253 306 314 13.94 0.084
261 253 314 331 14.79 0.132
261 253 331 351 17.98 0.177
261 253 351 359 21.50 0.226
261 253 359 367 22.15 0.316
278 276 290 292 15.08 0.590
278 276 288 290 17.22 0.336
278 276 286 288 17.97 0.198
278 277 279 280 10.52 0.037
278 277 282 283 12.72 0.149
278 277 281 282 8.93 0.114
278 277 283 284 17.38 0.182
278 277 280 281 11.75 0.056
278 261 314 331 11.28 0.097
278 261 359 367 17.62 0.270
278 261 351 359 17.14 0.184
278 261 298 306 10.30 0.037
278 261 331 351 13.90 0.138
298 278 314 331 8.72 0.065
298 278 306 314 7.83 0.040
298 278 351 359 14.57 0.133
298 278 359 367 15.08 0.205
298 278 331 351 11.24 0.097
306 298 359 367 13.38 0.143
306 298 314 331 7.88 0.040
306 298 351 359 12.61 0.090
306 298 331 351 9.61 0.061
314 306 359 367 12.47 0.090
314 306 351 359 12.14 0.055
314 306 331 351 9.84 0.038
331 329 341 343 26.45 0.230
331 329 339 341 21.71 0.169
331 329 343 345 22.87 0.399
331 330 334 335 12.12 0.092
331 330 336 337 15.89 0.196
331 330 338 339 18.91 0.365
331 330 332 333 9.18 0.038
331 330 337 338 16.10 0.292
331 330 335 336 13.57 0.141
331 330 333 334 9.33 0.062
331 314 359 367 14.29 0.051
331 314 351 359 13.87 0.035
351 331 359 367 18.10 0.034
384 382 392 394 27.16 0.141
384 382 396 398 31.41 0.299
384 382 394 396 30.83 0.201
384 383 391 392 17.77 0.386
384 383 390 391 18.34 0.260
384 383 387 388 19.06 0.070
384 383 385 386 37.51 0.032
384 383 386 387 30.09 0.040
384 383 388 389 12.71 0.149
384 383 389 390 14.48 0.212
14 11 23 26 20.33 0.141
14 12 22 24 20.96 0.174
14 12 18 20 17.17 0.065
14 12 20 22 24.03 0.093
14 13 16 17 16.02 0.049
14 13 18 19 15.64 0.126
14 13 17 18 19.16 0.069
14 13 15 16 13.25 0.036
67 64 76 79 29.68 0.106
67 65 71 73 26.74 0.053
67 65 75 77 30.09 0.130
67 65 73 75 30.77 0.079
67 66 70 71 28.01 0.057
67 66 71 72 26.04 0.088
67 66 68 69 18.96 0.034
67 66 69 70 20.17 0.045
120 118 130 132 36.83 0.173
120 118 132 134 32.17 0.292
120 118 128 130 38.55 0.108
120 119 126 127 30.07 0.170
120 119 127 128 34.23 0.215
120 119 122 123 17.79 0.047
120 119 124 125 27.72 0.084
120 119 123 124 37.91 0.050
120 119 121 122 48.79 0.032
120 119 125 126 27.43 0.126
173 171 183 185 35.34 0.179
173 171 185 187 29.81 0.313
173 171 181 183 41.33 0.103
173 172 178 179 43.49 0.091
173 172 174 175 38.39 0.032
173 172 180 181 53.74 0.148
173 172 177 178 30.78 0.079
173 172 179 180 46.82 0.120
173 172 176 177 24.70 0.061
173 172 175 176 20.93 0.044
226 224 236 238 27.07 0.225
226 224 234 236 31.07 0.127
226 225 227 228 22.79 0.033
226 225 230 231 33.95 0.074
226 225 229 230 32.90 0.053
226 225 228 229 18.83 0.046
226 225 233 234 34.33 0.214
226 225 231 232 30.51 0.116
226 225 232 233 31.60 0.164
279 277 287 289 26.25 0.145
279 277 289 291 23.91 0.251
279 278 284 285 34.76 0.106
279 278 282 283 24.80 0.060
279 278 285 286 31.88 0.162
279 278 286 287 30.32 0.239
279 278 281 282 17.43 0.047
279 278 283 284 34.80 0.073
279 278 280 281 22.01 0.033
332 330 344 346 20.73 0.437
332 330 342 344 22.84 0.261
332 330 340 342 20.32 0.178
332 331 337 338 14.15 0.216
332 331 338 339 16.61 0.284
332 331 334 335 9.95 0.060
332 331 336 337 13.59 0.141
332 331 333 334 7.33 0.040
332 331 339 340 18.13 0.379
332 331 335 336 11.32 0.097
385 383 397 399 31.65 0.297
385 383 393 395 27.38 0.140
385 383 395 397 25.60 0.236
385 384 391 392 15.36 0.305
385 384 389 390 13.14 0.145
385 384 386 387 28.33 0.033
385 384 387 388 18.63 0.046
385 384 392 393 21.12 0.330
385 384 390 391 16.13 0.194
385 384 388 389 12.27 0.091
15 12 24 27 19.47 0.146
15 13 23 25 19.33 0.186
15 13 21 23 20.49 0.104
15 13 19 21 20.93 0.059
15 14 19 20 19.00 0.109
15 14 18 19 15.30 0.079
15 14 17 18 17.81 0.047
15 14 16 17 14.40 0.035
68 65 77 80 25.95 0.117
68 66 74 76 25.54 0.089
68 66 72 74 20.03 0.060
68 66 76 78 23.86 0.156
68 67 72 73 16.37 0.122
68 67 70 71 18.89 0.046
68 67 69 70 12.94 0.036
68 67 71 72 17.76 0.072
121 119 129 131 38.95 0.107
121 119 131 133 33.50 0.188
121 120 122 123 21.73 0.033
121 120 126 127 32.66 0.111
121 120 123 124 42.96 0.037
121 120 125 126 29.79 0.081
121 120 127 128 37.15 0.144
121 120 128 129 40.68 0.186
121 120 124 125 31.81 0.054
174 172 184 186 33.84 0.186
174 172 182 184 38.96 0.107
174 173 176 177 21.99 0.044
174 173 178 179 40.51 0.067
174 173 179 180 43.61 0.091
174 173 180 181 51.96 0.111
174 173 177 178 28.21 0.057
174 173 175 176 19.45 0.034
174 173 181 182 44.89 0.171
227 225 235 237 30.24 0.130
227 225 237 239 26.78 0.227
227 226 232 233 27.94 0.124
227 226 230 231 30.78 0.054
227 226 229 230 29.12 0.040
227 226 233 234 31.60 0.164
227 226 228 229 16.04 0.035
227 226 231 232 27.98 0.084
280 278 290 292 26.48 0.229
280 278 288 290 29.57 0.132
280 279 283 284 32.20 0.053
280 279 284 285 33.02 0.076
280 279 287 288 34.52 0.213
280 279 286 287 29.55 0.173
280 279 281 282 13.76 0.035
280 279 282 283 21.07 0.044
280 279 285 286 31.20 0.115
333 331 341 343 20.01 0.181
333 331 343 345 17.57 0.330
333 332 336 337 11.44 0.096
333 332 335 336 9.17 0.063
333 332 338 339 13.82 0.221
333 332 334 335 8.09 0.039
333 332 339 340 14.98 0.312
333 332 337 338 11.95 0.156
333 332 340 341 15.34 0.443
386 384 396 398 24.53 0.245
386 384 394 396 24.29 0.154
386 385 392 393 19.43 0.247
386 385 390 391 14.91 0.131
386 385 387 388 16.97 0.034
386 385 393 394 22.70 0.309
386 385 389 390 12.77 0.089
386 385 388 389 12.20 0.055
386 385 391 392 14.78 0.209
16 13 25 28 19.33 0.147
16 14 24 26 18.38 0.194
16 14 22 24 20.46 0.104
16 14 20 22 23.09 0.056
16 15 19 20 20.10 0.068
16 15 20 21 24.50 0.092
16 15 17 18 18.71 0.034
69 66 78 81 22.35 0.131
69 67 77 79 20.10 0.180
69 67 75 77 19.87 0.106
69 67 73 75 19.40 0.061
69 68 70 71 16.93 0.034
69 68 71 72 15.17 0.050
69 68 73 74 17.32 0.117
69 68 72 73 14.34 0.083
122 120 130 132 38.35 0.109
122 121 126 127 29.47 0.081
122 121 128 129 37.28 0.143
122 121 123 124 38.97 0.032
122 121 125 126 27.70 0.057
122 121 127 128 33.45 0.109
122 121 124 125 32.20 0.039
122 121 129 130 37.39 0.199
175 173 185 187 26.29 0.231
175 173 183 185 30.09 0.130
175 174 179 180 31.11 0.078
175 174 182 183 27.15 0.263
175 174 178 179 27.60 0.057
175 174 180 181 36.36 0.103
175 174 177 178 19.29 0.046
175 174 176 177 13.95 0.035
175 174 181 182 31.22 0.165
228 226 236 238 24.29 0.154
228 227 231 232 21.66 0.065
228 227 234 235 23.51 0.210
228 227 235 236 21.13 0.330
228 227 232 233 21.85 0.099
228 227 233 234 24.38 0.138
228 227 229 230 20.91 0.034
228 227 230 231 24.25 0.042
281 279 291 293 21.20 0.279
281 279 289 291 26.20 0.145
281 280 282 283 12.21 0.036
281 280 288 289 22.22 0.315
281 280 287 288 26.33 0.190
281 280 283 284 21.74 0.044
281 280 285 286 23.25 0.095
281 280 284 285 23.99 0.061
281 280 286 287 22.32 0.148
334 332 344 346 17.86 0.326
334 332 342 344 20.37 0.178
334 333 337 338 14.39 0.082
334 333 335 336 9.65 0.038
334 333 340 341 18.88 0.254
334 333 338 339 16.62 0.121
334 333 336 337 13.25 0.053
334 333 341 342 20.51 0.339
334 333 339 340 18.16 0.175
387 385 397 399 25.21 0.239
387 385 395 397 20.70 0.176
387 386 393 394 21.76 0.224
387 386 392 393 18.74 0.171
387 386 389 390 13.21 0.053
387 386 390 391 14.75 0.081
387 386 388 389 11.97 0.036
387 386 394 395 22.47 0.312
387 386 391 392 14.52 0.134
17 15 25 27 22.48 0.164
17 15 23 25 23.36 0.095
17 15 21 23 24.38 0.055
17 16 21 22 26.44 0.087
17 16 19 20 27.02 0.041
17 16 20 21 30.29 0.055
17 16 18 19 21.76 0.033
34 17 87 95 20.53 0.103
34 17 95 103 27.10 0.127
34 17 70 87 18.87 0.070
34 17 123 140 37.80 0.198
34 17 42 50 15.23 0.035
34 17 50 70 20.84 0.044
34 17 103 123 20.23 0.239
42 17 201 229 29.24 0.319
42 17 148 176 22.60 0.163
42 17 176 201 27.14 0.224
42 17 229 254 25.70 0.523
42 34 95 103 23.61 0.094
42 34 140 148 23.83 0.296
42 34 123 140 33.49 0.156
42 34 87 95 17.60 0.073
42 34 103 123 18.26 0.175
42 34 50 70 18.69 0.034
42 34 70 87 15.74 0.049
50 17 254 299 17.29 0.488
50 17 299 335 16.77 0.785
50 34 156 193 21.18 0.172
50 42 95 103 17.27 0.074
50 42 140 148 19.11 0.251
50 42 148 156 17.02 0.402
50 42 70 87 11.24 0.037
50 42 103 123 13.71 0.140
50 42 87 95 12.31 0.054
50 42 123 140 25.81 0.132
70 68 74 76 20.98 0.059
70 68 76 78 19.83 0.106
70 68 78 80 20.14 0.180
70 69 73 74 17.30 0.074
70 69 74 75 21.61 0.100
70 69 72 73 14.21 0.051
70 69 71 72 16.79 0.034
70 34 262 307 18.89 0.449
70 34 307 352 16.50 0.798
70 42 201 229 29.91 0.206
70 42 229 254 25.98 0.355
70 42 254 282 21.53 0.618
70 42 176 201 27.14 0.141
70 50 95 103 22.73 0.043
70 50 148 156 24.31 0.204
70 50 103 123 18.31 0.071
70 50 123 140 35.79 0.072
70 50 156 176 25.62 0.277
70 50 87 95 17.28 0.034
70 50 140 148 27.53 0.126
87 42 282 315 19.13 0.444
87 42 315 360 15.98 0.823
87 50 209 246 32.08 0.195
87 50 193 209 32.27 0.123
87 50 262 299 22.29 0.598
87 50 246 262 26.95 0.343
87 70 103 123 16.82 0.048
87 70 95 103 21.17 0.034
87 70 176 193 28.13 0.255
87 70 148 156 22.06 0.150
87 70 140 148 25.07 0.090
87 70 156 176 22.83 0.215
87 70 123 140 31.88 0.054
95 50 299 335 22.60 0.380
95 70 254 282 24.76 0.371
95 70 282 307 21.38 0.622
95 70 201 229 34.75 0.117
95 70 229 254 30.61 0.202
95 87 156 176 24.61 0.137
95 87 140 148 27.06 0.058
95 87 193 201 34.38 0.214
95 87 103 123 18.38 0.034
95 87 148 156 23.41 0.094
95 87 123 140 32.71 0.039
95 87 176 193 29.38 0.174
103 70 307 352 23.25 0.371
103 87 246 262 34.23 0.184
103 87 262 299 27.61 0.336
103 87 209 246 40.48 0.105
103 87 299 315 27.15 0.497
103 95 123 140 34.68 0.032
103 95 193 201 40.38 0.135
103 95 201 209 42.42 0.179
103 95 140 148 32.05 0.039
103 95 148 156 26.70 0.058
103 95 176 193 34.41 0.107
103 95 156 176 27.63 0.085
123 121 131 133 22.03 0.167
123 122 129 130 17.22 0.275
123 122 128 129 18.15 0.175
123 122 124 125 20.55 0.034
123 122 125 126 15.77 0.049
123 122 127 128 17.17 0.118
123 122 126 127 15.50 0.079
123 87 315 360 20.82 0.410
123 95 282 307 24.10 0.380
123 95 254 282 27.84 0.220
123 95 229 254 33.37 0.120
123 95 307 335 24.63 0.544
123 103 193 201 27.26 0.127
123 103 140 148 21.46 0.034
123 103 201 209 29.09 0.175
123 103 156 176 17.72 0.073
123 103 176 193 22.69 0.096
123 103 209 229 32.53 0.225
140 95 335 368 21.85 0.392
140 103 299 315 30.89 0.303
140 103 246 262 37.95 0.109
140 103 262 299 31.16 0.199
140 103 315 352 26.92 0.501
140 123 201 209 49.05 0.084
140 123 229 246 47.94 0.162
140 123 176 193 37.02 0.050
140 123 193 201 45.05 0.063
140 123 209 229 54.87 0.107
140 123 148 156 27.55 0.033
148 123 282 307 28.25 0.217
148 123 254 282 32.24 0.124
148 123 335 360 23.64 0.566
148 123 307 335 28.41 0.327
148 140 229 246 28.52 0.178
148 140 209 229 31.34 0.114
148 140 156 176 11.75 0.036
148 140 176 193 18.22 0.047
148 140 193 201 23.90 0.062
148 140 201 209 28.09 0.084
148 140 246 254 30.39 0.238
156 140 262 299 23.19 0.160
156 140 299 315 24.15 0.249
156 148 209 229 28.12 0.084
156 148 246 254 28.10 0.180
156 148 201 209 23.28 0.062
156 148 176 193 14.58 0.035
156 148 254 262 22.83 0.307
156 148 229 246 25.84 0.132
156 148 193 201 19.64 0.045
176 174 184 186 19.68 0.183
176 175 182 183 21.47 0.227
176 175 183 184 20.92 0.333
176 175 181 182 25.05 0.135
176 175 180 181 29.42 0.081
176 175 179 180 25.00 0.060
176 175 177 178 14.91 0.035
176 175 178 179 21.67 0.044
176 148 307 335 21.91 0.271
176 148 335 360 16.36 0.546
176 148 282 307 20.69 0.176
176 156 246 254 26.01 0.131
176 156 193 201 14.66 0.035
176 156 209 229 24.20 0.061
176 156 254 262 21.28 0.228
176 156 229 246 23.04 0.095
176 156 262 282 23.67 0.298
176 156 201 209 18.76 0.046
193 156 352 368 16.11 0.554
193 156 315 352 20.69 0.285
193 156 299 315 22.91 0.162
193 176 282 299 18.83 0.366
193 176 209 229 22.31 0.044
193 176 246 254 24.76 0.091
193 176 262 282 23.77 0.208
193 176 229 246 21.53 0.065
193 176 201 209 17.58 0.034
193 176 254 262 21.17 0.155
201 176 335 360 18.30 0.318
201 176 307 335 24.14 0.155
201 193 229 246 22.51 0.043
201 193 282 299 20.62 0.235
201 193 246 254 26.26 0.059
201 193 209 229 23.99 0.033
201 193 254 262 22.55 0.097
201 193 299 307 26.21 0.272
201 193 262 282 25.70 0.133
209 193 315 352 24.77 0.152
209 193 352 368 18.71 0.312
209 201 299 307 26.84 0.187
209 201 254 262 22.03 0.064
209 201 246 254 25.33 0.042
209 201 229 246 19.84 0.034
209 201 282 299 20.85 0.157
209 201 262 282 25.56 0.089
229 227 237 239 18.58 0.192
229 228 232 233 21.82 0.065
229 228 231 232 21.77 0.044
229 228 230 231 24.71 0.033
229 228 233 234 23.96 0.093
229 228 236 237 19.31 0.358
229 201 335 360 20.64 0.176
229 209 246 254 26.13 0.033
229 209 254 262 21.54 0.044
229 209 262 282 25.34 0.060
229 209 282 299 21.02 0.102
229 209 307 315 28.12 0.180
229 209 299 307 27.66 0.125
246 209 352 368 17.93 0.198
246 229 254 262 21.09 0.034
246 229 262 282 23.77 0.043
246 229 299 307 26.27 0.087
246 229 335 352 22.02 0.318
246 229 282 299 19.69 0.068
246 229 307 315 26.50 0.130
246 229 315 335 26.41 0.190
254 246 335 352 23.37 0.211
254 246 315 335 27.68 0.125
254 246 352 360 19.46 0.355
254 246 307 315 27.22 0.085
254 246 282 299 18.26 0.047
254 246 299 307 25.64 0.059
254 246 262 282 20.54 0.034
262 254 335 352 19.86 0.163
262 254 307 315 21.67 0.065
262 254 282 299 12.59 0.036
262 254 360 368 15.20 0.447
262 254 299 307 18.79 0.046
262 254 352 360 16.84 0.281
262 254 315 335 23.03 0.095
282 280 290 292 18.88 0.190
282 281 285 286 19.65 0.068
282 281 288 289 19.03 0.252
282 281 284 285 20.87 0.044
282 281 286 287 18.92 0.110
282 281 289 290 19.62 0.353
282 281 283 284 18.96 0.034
282 281 287 288 22.52 0.147
282 262 315 335 22.82 0.063
282 262 352 360 17.58 0.180
282 262 299 307 14.85 0.035
282 262 307 315 19.58 0.045
282 262 335 352 20.60 0.103
282 262 360 368 16.65 0.284
299 282 335 352 15.01 0.080
299 282 307 315 12.29 0.036
299 282 315 335 15.60 0.049
299 282 352 360 13.04 0.146
299 282 360 368 12.51 0.241
307 299 335 352 16.32 0.048
307 299 352 360 15.11 0.080
307 299 315 335 14.72 0.035
307 299 360 368 14.64 0.133
315 307 352 360 11.98 0.055
315 307 335 352 11.22 0.037
315 307 360 368 12.34 0.091
335 333 343 345 19.39 0.186
335 334 336 337 13.01 0.036
335 334 341 342 22.44 0.218
335 334 337 338 15.24 0.050
335 334 340 341 20.70 0.157
335 334 338 339 17.89 0.072
335 334 339 340 19.84 0.106
335 334 342 343 26.08 0.273
335 315 360 368 11.10 0.057
335 315 352 360 9.96 0.038
352 335 360 368 7.41 0.040
388 386 396 398 20.52 0.177
388 387 394 395 20.84 0.233
388 387 393 394 20.38 0.159
388 387 395 396 19.63 0.353
388 387 389 390 9.42 0.038
388 387 392 393 16.96 0.119
388 387 390 391 12.01 0.055
388 387 391 392 12.96 0.088
18 16 24 26 22.58 0.097
18 16 26 28 25.71 0.147
18 16 22 24 24.31 0.055
18 17 22 23 22.99 0.096
18 17 21 22 22.04 0.064
18 17 19 20 23.64 0.033
71 69 79 81 26.25 0.145
71 69 77 79 25.17 0.090
71 69 75 77 24.22 0.055
71 70 75 76 26.52 0.087
71 70 73 74 21.05 0.044
71 70 74 75 27.67 0.057
71 70 72 73 18.02 0.034
124 122 132 134 24.11 0.155
124 123 130 131 37.63 0.142
124 123 126 127 27.86 0.041
124 123 129 130 37.32 0.101
124 123 128 129 37.32 0.070
124 123 131 132 33.68 0.218
124 123 125 126 24.69 0.033
124 123 127 128 33.24 0.053
177 175 185 187 19.71 0.183
177 176 182 183 25.81 0.132
177 176 179 180 27.29 0.041
177 176 181 182 29.38 0.081
177 176 184 185 22.79 0.308
177 176 183 184 25.33 0.197
177 176 178 179 21.31 0.034
177 176 180 181 33.64 0.052
230 229 232 233 41.22 0.037
230 229 233 234 47.10 0.046
230 229 236 237 39.41 0.137
230 229 237 238 35.16 0.210
230 229 231 232 38.30 0.032
283 281 291 293 20.81 0.175
283 282 290 291 29.35 0.246
283 282 286 287 27.89 0.057
283 282 285 286 27.10 0.041
283 282 289 290 30.51 0.168
283 282 287 288 34.56 0.074
283 282 284 285 26.99 0.033
283 282 288 289 29.47 0.120
336 334 344 346 24.52 0.153
336 335 340 341 27.52 0.085
336 335 341 342 29.67 0.119
336 335 339 340 25.73 0.059
336 335 342 343 34.88 0.151
336 335 343 344 27.70 0.259
336 335 337 338 17.47 0.034
336 335 338 339 22.62 0.043
389 387 397 399 19.79 0.182
389 388 395 396 14.53 0.321
389 388 390 391 6.95 0.041
389 388 393 394 14.46 0.134
389 388 391 392 8.40 0.066
389 388 392 393 11.51 0.096
389 388 396 397 12.75 0.527
389 388 394 395 15.16 0.204
19 17 23 25 19.44 0.061
19 17 25 27 19.40 0.108
19 18 20 21 19.70 0.034
19 18 21 22 15.35 0.050
19 18 22 23 16.37 0.076
19 18 23 24 17.44 0.116
72 70 78 80 27.95 0.084
72 70 76 78 26.70 0.053
72 71 74 75 24.75 0.042
72 71 76 77 25.44 0.089
72 71 75 76 24.65 0.061
72 71 73 74 18.38 0.034
125 124 128 129 25.46 0.060
125 124 130 131 26.42 0.130
125 124 126 127 17.89 0.034
125 124 131 132 23.89 0.207
125 124 132 133 21.78 0.321
125 124 127 128 22.43 0.043
125 124 129 130 26.20 0.088
178 177 184 185 22.89 0.214
178 177 180 181 30.61 0.040
178 177 183 184 25.08 0.135
178 177 182 183 25.04 0.090
178 177 179 180 24.48 0.033
178 177 181 182 27.52 0.057
178 177 185 186 22.42 0.312
231 230 238 239 34.32 0.215
231 230 234 235 43.67 0.047
231 230 232 233 34.90 0.032
231 230 236 237 40.36 0.095
231 230 233 234 43.06 0.037
231 230 235 236 43.00 0.065
284 283 286 287 31.07 0.040
284 283 291 292 31.73 0.230
284 283 289 290 39.59 0.097
284 283 290 291 38.78 0.139
284 283 287 288 42.08 0.048
284 283 285 286 25.09 0.033
284 283 288 289 37.18 0.071
337 336 342 343 37.23 0.101
337 336 344 345 28.39 0.253
337 336 338 339 18.94 0.034
337 336 341 342 30.59 0.079
337 336 343 344 29.64 0.172
337 336 340 341 27.87 0.057
337 336 339 340 24.38 0.042
390 389 393 394 19.77 0.068
390 389 391 392 11.89 0.036
390 389 395 396 20.14 0.161
390 389 396 397 17.55 0.271
390 389 397 398 23.86 0.295
390 389 392 393 15.31 0.050
390 389 394 395 20.73 0.103
20 18 26 28 19.89 0.106
20 18 24 26 16.96 0.066
20 19 23 24 17.65 0.073
20 19 24 25 17.65 0.115
20 19 22 23 15.85 0.049
20 19 21 22 16.88 0.034
73 71 79 81 27.51 0.085
73 71 77 79 25.23 0.054
73 72 75 76 20.75 0.045
73 72 74 75 21.53 0.034
73 72 77 78 24.04 0.093
73 72 76 77 21.86 0.064
126 125 133 134 24.16 0.292
126 125 128 129 27.12 0.041
126 125 129 130 28.41 0.057
126 125 127 128 23.33 0.033
126 125 131 132 25.65 0.133
126 125 130 131 28.44 0.083
126 125 132 133 23.44 0.210
179 178 180 181 45.00 0.032
179 178 183 184 33.06 0.076
179 178 181 182 36.30 0.038
179 178 182 183 33.31 0.053
179 178 185 186 29.86 0.171
179 178 184 185 30.05 0.118
179 178 186 187 28.97 0.249
232 231 234 235 39.41 0.038
232 231 238 239 34.67 0.152
232 231 239 240 32.66 0.224
232 231 236 237 37.67 0.070
232 231 237 238 35.58 0.104
232 231 233 234 37.21 0.032
232 231 235 236 40.99 0.048
285 284 286 287 29.05 0.033
285 284 290 291 44.22 0.090
285 284 292 293 37.39 0.199
285 284 291 292 36.20 0.147
285 284 289 290 45.01 0.064
285 284 287 288 45.08 0.037
285 284 288 289 41.58 0.048
338 337 343 344 29.33 0.120
338 337 339 340 19.22 0.034
338 337 344 345 27.61 0.183
338 337 342 343 35.46 0.073
338 337 341 342 27.99 0.057
338 337 345 346 30.64 0.237
338 337 340 341 24.89 0.042
391 390 394 395 25.16 0.060
391 390 395 396 25.34 0.090
391 390 396 397 22.21 0.149
391 390 393 394 23.00 0.043
391 390 392 393 15.54 0.035
391 390 397 398 30.24 0.170
391 390 398 399 30.15 0.240
21 19 25 27 22.68 0.057
21 20 22 23 25.90 0.033
21 20 24 25 26.02 0.059
21 20 23 24 26.05 0.042
21 20 25 26 22.58 0.097
35 21 74 88 25.16 0.060
35 21 43 51 22.96 0.033
35 21 51 74 22.72 0.043
35 21 88 96 26.41 0.087
43 21 96 127 26.16 0.053
43 21 127 149 27.24 0.085
43 21 149 180 28.33 0.136
43 35 96 104 22.77 0.096
43 35 74 88 22.43 0.043
43 35 88 96 23.33 0.062
43 35 51 74 20.91 0.034
51 21 180 210 29.76 0.106
51 21 210 255 24.06 0.218
51 35 104 141 27.39 0.052
51 35 141 157 27.61 0.085
51 35 157 194 29.90 0.131
51 43 104 127 28.67 0.083
51 43 96 104 22.17 0.064
51 43 88 96 22.41 0.043
51 43 74 88 21.90 0.033
74 72 78 80 25.65 0.054
74 73 76 77 22.13 0.044
74 73 77 78 24.55 0.061
74 73 78 79 25.19 0.090
74 73 75 76 20.00 0.034
74 21 233 286 21.98 0.167
74 21 286 339 19.88 0.333
74 35 194 233 28.57 0.109
74 35 233 263 22.23 0.234
74 43 149 180 28.33 0.083
74 43 180 202 30.64 0.128
74 43 127 149 26.03 0.053
74 51 104 127 27.76 0.057
74 51 96 104 21.06 0.044
74 51 127 141 24.48 0.092
74 51 88 96 21.33 0.034
88 35 247 300 21.11 0.173
88 35 300 353 18.61 0.354
88 43 247 286 22.07 0.235
88 43 202 247 27.17 0.113
88 51 194 210 31.10 0.127
88 51 141 157 28.32 0.051
88 51 157 194 31.37 0.078
88 74 104 127 27.83 0.041
88 74 141 149 29.10 0.082
88 74 96 104 20.15 0.034
88 74 127 141 24.47 0.061
96 43 255 308 21.66 0.169
96 43 308 361 18.38 0.358
96 51 210 255 25.85 0.118
96 51 255 300 21.99 0.236
96 74 202 233 29.38 0.133
96 74 149 180 29.08 0.051
96 74 180 202 32.31 0.077
96 88 127 141 23.24 0.043
96 88 104 127 25.49 0.033
96 88 141 149 28.64 0.056
96 88 149 157 28.01 0.084
104 51 263 316 20.85 0.175
104 51 316 369 16.48 0.396
104 74 263 308 21.11 0.244
104 74 233 263 24.25 0.123
104 88 157 194 29.92 0.050
104 88 194 210 30.25 0.080
104 88 210 247 25.80 0.147
104 96 157 180 29.02 0.082
104 96 127 141 19.56 0.034
104 96 149 157 25.96 0.059
104 96 141 149 26.21 0.042
127 126 132 133 28.42 0.123
127 126 128 129 32.39 0.032
127 126 133 134 29.05 0.175
127 126 131 132 31.62 0.078
127 126 130 131 35.28 0.051
127 126 129 130 35.88 0.038
127 74 286 339 22.94 0.161
127 88 247 286 25.11 0.120
127 88 286 316 23.57 0.222
127 96 202 233 31.65 0.078
127 96 233 255 26.53 0.144
127 96 180 202 34.92 0.047
127 104 149 157 36.02 0.038
127 104 157 180 39.30 0.049
127 104 180 194 37.77 0.070
127 104 141 149 37.17 0.032
141 88 300 353 22.42 0.165
141 96 300 339 24.27 0.216
141 96 255 300 23.89 0.125
141 104 247 263 27.53 0.140
141 104 210 247 29.74 0.081
141 104 194 210 35.16 0.047
141 127 157 180 37.58 0.038
141 127 149 157 34.11 0.032
141 127 180 194 34.55 0.052
141 127 194 202 35.00 0.073
149 96 308 361 20.80 0.175
149 104 308 353 21.90 0.237
149 104 263 308 23.89 0.125
149 127 202 233 31.71 0.049
149 127 233 255 26.77 0.086
149 127 255 286 25.10 0.150
149 141 157 180 40.80 0.032
149 141 180 194 36.15 0.038
149 141 202 210 32.89 0.076
149 141 194 202 36.30 0.051
157 104 316 369 18.77 0.191
157 127 286 316 24.14 0.124
157 127 316 361 19.21 0.265
157 141 263 300 22.83 0.162
157 141 247 263 27.04 0.086
157 141 210 247 28.89 0.051
157 149 180 194 34.64 0.032
157 149 194 202 35.11 0.039
157 149 202 210 31.76 0.054
157 149 210 233 29.65 0.081
180 179 186 187 31.09 0.166
180 179 185 186 31.99 0.112
180 179 181 182 39.17 0.032
180 179 184 185 31.78 0.077
180 179 183 184 34.47 0.052
180 179 182 183 35.48 0.039
180 141 300 339 27.68 0.112
180 149 286 308 27.41 0.140
180 149 255 286 29.27 0.082
180 149 233 255 30.14 0.050
180 157 233 247 32.85 0.076
180 157 194 202 48.39 0.032
180 157 210 233 36.68 0.051
180 157 202 210 39.69 0.038
194 149 308 353 27.11 0.113
194 157 300 316 33.97 0.119
194 157 263 300 29.59 0.081
194 157 247 263 34.47 0.047
194 180 202 210 46.11 0.032
194 180 247 255 34.81 0.073
194 180 210 233 39.87 0.038
194 180 233 247 35.55 0.051
202 157 316 361 25.63 0.118
202 180 308 339 34.16 0.118
202 180 255 286 37.85 0.046
202 180 286 308 35.40 0.073
202 194 247 255 39.35 0.049
202 194 233 247 39.88 0.038
202 194 210 233 48.90 0.032
202 194 255 263 42.22 0.066
210 180 339 369 22.30 0.131
210 194 263 300 35.17 0.047
210 194 316 353 28.45 0.136
210 194 300 316 39.86 0.068
210 202 233 247 36.33 0.032
210 202 247 255 37.49 0.038
210 202 263 286 35.45 0.073
210 202 255 263 41.73 0.048
233 232 238 239 35.69 0.104
233 232 234 235 39.44 0.032
233 232 237 238 36.42 0.071
233 232 239 240 34.10 0.154
233 232 236 237 37.68 0.050
233 232 235 236 41.27 0.037
233 202 339 361 24.71 0.152
233 202 286 308 39.98 0.045
233 202 308 339 37.79 0.070
233 210 286 300 39.02 0.069
233 210 263 286 37.56 0.050
233 210 247 255 35.97 0.032
233 210 255 263 42.69 0.037
247 210 300 316 44.54 0.044
247 210 353 369 23.75 0.157
247 210 316 353 31.80 0.077
247 233 263 286 35.54 0.038
247 233 255 263 37.63 0.032
247 233 300 308 46.51 0.062
247 233 286 300 38.33 0.050
255 233 339 361 26.69 0.086
255 233 308 339 41.53 0.045
255 247 308 316 44.67 0.064
255 247 263 286 32.73 0.032
255 247 300 308 49.42 0.045
255 247 286 300 38.59 0.038
263 247 353 369 27.09 0.086
263 247 316 353 36.20 0.047
263 255 286 300 34.47 0.032
263 255 308 316 47.74 0.046
263 255 316 339 41.70 0.066
263 255 300 308 51.56 0.036
286 285 288 289 41.77 0.037
286 285 291 292 38.83 0.098
286 285 290 291 47.39 0.062
286 285 287 288 39.54 0.032
286 285 289 290 47.26 0.046
286 285 292 293 40.24 0.135
286 255 339 361 26.27 0.053
286 263 300 308 38.30 0.032
286 263 308 316 38.62 0.038
286 263 339 353 24.23 0.092
286 263 316 339 34.10 0.052
300 263 353 369 24.41 0.055
300 286 308 316 37.65 0.032
300 286 353 361 25.79 0.088
300 286 339 353 25.35 0.060
300 286 316 339 34.94 0.039
308 300 353 361 29.56 0.056
308 300 339 353 28.44 0.041
308 300 361 369 27.51 0.085
308 300 316 339 36.69 0.032
316 308 339 353 24.75 0.033
316 308 353 361 27.81 0.041
316 308 361 369 26.98 0.058
339 338 342 343 43.23 0.047
339 338 343 344 35.95 0.072
339 338 341 342 32.25 0.039
339 338 340 341 28.37 0.033
339 338 344 345 34.31 0.107
339 338 345 346 37.78 0.142
339 316 353 361 22.93 0.033
339 316 361 369 24.14 0.042
353 339 361 369 15.48 0.035
392 391 397 398 29.78 0.119
392 391 394 395 23.20 0.043
392 391 395 396 25.00 0.060
392 391 398 399 28.04 0.181
392 391 393 394 19.51 0.034
392 391 396 397 21.66 0.100
22 20 26 28 25.75 0.053
22 21 25 26 18.59 0.071
22 21 26 27 24.64 0.091
22 21 24 25 21.27 0.044
22 21 23 24 22.60 0.033
75 73 79 81 29.68 0.050
75 74 78 79 25.98 0.059
75 74 76 77 20.66 0.034
75 74 79 80 29.14 0.082
75 74 77 78 24.60 0.042
128 127 131 132 34.49 0.052
128 127 130 131 38.23 0.038
128 127 133 134 31.95 0.113
128 127 132 133 31.34 0.078
128 127 129 130 39.45 0.032
181 180 186 187 40.83 0.095
181 180 185 186 41.80 0.066
181 180 183 184 45.29 0.037
181 180 184 185 41.55 0.048
181 180 182 183 51.74 0.031
234 233 235 236 49.65 0.032
234 233 239 240 41.16 0.094
234 233 237 238 43.51 0.047
234 233 238 239 43.35 0.065
234 233 236 237 44.36 0.037
287 286 289 290 42.51 0.037
287 286 288 289 33.98 0.032
287 286 292 293 39.32 0.097
287 286 291 292 37.22 0.071
287 286 290 291 44.62 0.047
340 339 345 346 39.67 0.097
340 339 344 345 35.73 0.072
340 339 343 344 36.48 0.051
340 339 341 342 26.34 0.033
393 392 397 398 42.20 0.066
393 392 398 399 42.13 0.093
393 392 395 396 32.16 0.039
393 392 394 395 24.64 0.033
393 392 396 397 29.84 0.055
23 22 25 26 17.47 0.047
23 22 26 27 23.07 0.063
23 22 24 25 22.14 0.033
23 22 27 28 20.30 0.104
76 75 77 78 21.43 0.034
76 75 80 81 29.85 0.081
76 75 79 80 25.93 0.059
76 75 78 79 22.69 0.043
129 128 130 131 47.47 0.032
129 128 132 133 35.46 0.051
129 128 133 134 36.03 0.072
129 128 131 132 39.87 0.038
182 181 186 187 41.10 0.067
182 181 185 186 41.48 0.048
182 181 184 185 40.74 0.037
182 181 183 184 42.76 0.032
235 234 238 239 41.68 0.048
235 234 239 240 39.90 0.068
235 234 237 238 39.96 0.038
235 234 236 237 37.37 0.032
288 287 292 293 44.67 0.064
288 287 290 291 48.43 0.036
288 287 289 290 42.42 0.032
288 287 291 292 41.40 0.048
341 340 342 343 31.72 0.032
341 340 343 344 31.20 0.040
341 340 345 346 35.91 0.072
341 340 344 345 31.94 0.054
394 393 396 397 27.00 0.041
394 393 398 399 43.14 0.065
394 393 397 398 41.25 0.048
394 393 395 396 24.05 0.033
24 23 26 27 21.14 0.044
24 23 27 28 18.57 0.071
24 23 25 26 15.54 0.035
77 76 78 79 18.43 0.034
77 76 79 80 22.59 0.043
77 76 80 81 27.22 0.058
130 129 131 132 42.98 0.032
183 182 185 186 36.70 0.038
183 182 184 185 34.62 0.032
183 182 186 187 37.54 0.050
236 235 237 238 41.56 0.032
236 235 239 240 41.78 0.048
236 235 238 239 42.83 0.037
289 288 290 291 43.84 0.032
289 288 291 292 35.97 0.038
289 288 292 293 39.03 0.049
342 341 345 346 42.09 0.048
342 341 343 344 35.00 0.032
342 341 344 345 37.92 0.038
395 394 398 399 41.60 0.048
395 394 396 397 21.41 0.034
395 394 397 398 37.10 0.038
25 24 27 28 19.61 0.045
25 24 26 27 23.82 0.033
36 25 78 89 20.00 0.068
36 25 52 78 17.93 0.047
36 25 105 131 42.52 0.129
36 25 131 142 34.48 0.214
36 25 44 52 15.72 0.035
36 25 89 97 20.63 0.103
44 25 203 237 20.71 0.438
44 25 184 203 24.07 0.249
44 25 150 184 24.10 0.155
44 36 131 142 40.45 0.134
44 36 105 131 49.54 0.083
44 36 52 78 18.97 0.034
44 36 97 105 21.98 0.099
44 36 78 89 21.53 0.044
44 36 89 97 23.26 0.062
52 25 256 301 18.01 0.470
52 36 158 195 25.03 0.150
52 36 248 264 22.36 0.596
52 36 195 211 24.28 0.247
52 36 211 248 22.78 0.401
52 44 105 131 50.13 0.060
52 44 131 142 40.02 0.096
52 44 142 150 31.87 0.162
52 44 89 97 21.61 0.044
52 44 150 158 25.14 0.282
52 44 78 89 19.41 0.034
78 77 79 80 23.57 0.033
78 77 80 81 27.81 0.041
78 36 264 309 17.29 0.488
78 44 203 237 23.37 0.256
78 44 256 290 21.24 0.626
78 44 184 203 26.32 0.145
78 52 89 97 20.69 0.034
78 52 158 184 23.91 0.295
78 52 97 105 20.88 0.044
78 52 142 150 31.61 0.113
78 52 131 142 39.57 0.068
78 52 105 131 50.52 0.045
78 52 150 158 26.02 0.192
89 52 211 248 22.81 0.261
89 52 195 211 24.95 0.151
89 52 248 264 22.72 0.402
89 78 158 184 23.27 0.211
89 78 150 158 24.93 0.136
89 78 142 150 29.77 0.081
89 78 97 105 21.82 0.033
89 78 131 142 37.66 0.050
97 52 301 343 16.93 0.498
97 78 256 290 21.42 0.424
97 78 203 237 22.34 0.165
97 78 237 256 23.10 0.258
97 89 158 184 21.84 0.151
97 89 150 158 23.09 0.095
97 89 195 203 23.92 0.295
97 89 142 150 27.63 0.057
105 78 309 354 14.99 0.558
105 89 264 301 15.28 0.583
105 89 248 264 19.42 0.302
105 89 211 248 19.50 0.185
105 89 301 317 15.47 0.849
105 97 158 184 16.81 0.120
105 97 195 203 18.02 0.264
105 97 142 150 19.31 0.046
105 97 203 211 18.68 0.369
105 97 184 195 19.50 0.165
105 97 150 158 17.15 0.074
105 97 131 142 22.76 0.033
131 105 150 158 37.72 0.038
131 105 203 211 43.48 0.127
131 105 184 195 44.38 0.064
131 105 158 184 38.07 0.050
131 105 142 150 43.10 0.032
142 105 317 354 34.62 0.396
142 105 301 317 32.80 0.287
142 131 211 237 38.79 0.139
142 131 150 158 46.43 0.032
142 131 184 195 48.96 0.045
142 131 203 211 45.44 0.088
142 131 158 184 43.90 0.037
142 131 195 203 46.71 0.062
150 131 309 343 32.35 0.291
150 142 184 195 50.78 0.036
150 142 158 184 45.90 0.032
150 142 248 256 42.73 0.178
150 142 203 211 46.92 0.062
150 142 211 237 36.64 0.102
150 142 195 203 45.43 0.047
158 142 354 370 25.80 0.521
158 142 301 317 29.22 0.211
158 142 317 354 28.93 0.322
158 142 264 301 30.33 0.129
158 150 184 195 43.00 0.032
158 150 248 256 35.02 0.151
158 150 203 211 40.80 0.048
158 150 195 203 42.32 0.037
184 183 185 186 39.61 0.032
184 183 186 187 42.65 0.037
184 158 203 211 39.15 0.038
184 158 211 237 32.60 0.053
184 158 195 203 37.08 0.032
184 158 256 264 32.09 0.162
184 158 248 256 35.65 0.104
184 158 237 248 40.22 0.067
195 158 354 370 22.40 0.407
195 158 317 354 28.13 0.218
195 158 301 317 29.43 0.132
195 184 264 290 34.57 0.152
195 184 256 264 40.20 0.096
195 184 237 248 44.02 0.047
195 184 211 237 36.55 0.038
195 184 203 211 43.29 0.032
195 184 248 256 40.66 0.067
203 184 343 362 30.32 0.204
203 184 309 343 28.86 0.135
203 195 211 237 34.67 0.032
203 195 237 248 44.59 0.037
203 195 264 290 38.76 0.098
203 195 248 256 40.92 0.048
203 195 301 309 34.64 0.213
211 195 317 354 33.69 0.120
211 203 264 290 38.17 0.070
211 203 309 317 29.06 0.248
211 203 301 309 35.45 0.149
211 203 248 256 40.79 0.037
211 203 290 301 25.74 0.133
211 203 256 264 38.32 0.050
211 203 237 248 42.96 0.032
237 236 238 239 41.86 0.032
237 236 239 240 40.61 0.037
237 203 343 362 33.41 0.120
237 211 290 301 25.07 0.090
237 211 248 256 41.42 0.032
237 211 256 264 37.96 0.038
237 211 309 317 28.26 0.179
237 211 317 343 33.22 0.221
237 211 301 309 34.16 0.107
237 211 264 290 37.15 0.050
248 211 354 370 32.71 0.122
248 237 290 301 29.89 0.055
248 237 343 354 42.37 0.179
248 237 264 290 48.11 0.036
248 237 309 317 35.84 0.104
248 237 301 309 44.66 0.064
248 237 256 264 54.75 0.031
256 248 309 317 37.92 0.070
256 248 317 343 43.39 0.091
256 248 343 354 46.20 0.121
256 248 354 362 40.72 0.186
256 248 264 290 59.46 0.031
256 248 301 309 47.11 0.046
256 248 290 301 33.38 0.039
264 256 309 317 40.36 0.049
264 256 301 309 53.25 0.036
264 256 317 343 47.57 0.062
264 256 290 301 41.87 0.032
264 256 354 362 45.22 0.123
264 256 343 354 51.46 0.081
290 289 291 292 42.95 0.032
290 289 292 293 43.79 0.037
290 264 362 370 41.12 0.133
290 264 354 362 46.09 0.087
290 264 343 354 52.83 0.059
290 264 317 343 48.22 0.046
290 264 309 317 40.80 0.037
290 264 301 309 65.08 0.031
301 290 354 362 29.39 0.081
301 290 362 370 26.72 0.129
301 290 317 343 28.21 0.041
301 290 343 354 32.60 0.053
301 290 309 317 20.69 0.034
309 301 354 362 43.49 0.047
309 301 317 343 37.72 0.032
309 301 362 370 40.14 0.068
309 301 343 354 47.14 0.036
317 309 343 354 32.12 0.032
317 309 354 362 33.35 0.039
317 309 362 370 31.67 0.054
343 342 344 345 34.89 0.032
343 342 345 346 40.89 0.037
343 317 354 362 34.13 0.032
343 317 362 370 36.28 0.038
354 343 362 370 27.88 0.033
396 395 398 399 30.31 0.040
396 395 397 398 24.22 0.033
26 25 27 28 20.63 0.034
79 78 80 81 30.01 0.033
185 184 186 187 42.44 0.032
238 237 239 240 40.17 0.032
291 290 292 293 41.66 0.032
344 343 345 346 29.86 0.033
397 396 398 399 27.58 0.033
37 29 98 106 28.79 0.122
37 29 90 98 22.47 0.097
37 29 106 135 26.53 0.189
37 29 53 82 22.98 0.043
37 29 82 90 22.89 0.063
37 29 135 143 20.45 0.340
37 29 45 53 27.18 0.033
45 29 204 241 17.18 0.522
45 29 151 188 20.73 0.175
45 37 98 106 36.43 0.071
45 37 53 82 25.41 0.033
45 37 143 151 26.61 0.268
45 37 106 135 33.62 0.108
45 37 82 90 25.42 0.042
53 45 143 151 35.28 0.150
53 45 135 143 36.39 0.103
53 45 106 135 41.66 0.066
53 45 98 106 45.83 0.046
53 45 151 159 33.40 0.220
53 45 82 90 33.90 0.032
53 45 90 98 32.04 0.039
82 37 265 310 20.35 0.419
82 37 310 355 17.87 0.739
82 45 204 241 26.64 0.228
82 45 241 257 25.89 0.356
82 45 188 204 28.79 0.135
82 53 135 143 31.98 0.077
82 53 159 188 26.82 0.266
82 53 90 98 33.30 0.032
82 53 106 135 37.51 0.050
82 53 143 151 30.43 0.117
82 53 151 159 29.47 0.173
82 53 98 106 45.16 0.037
90 45 294 318 21.12 0.405
90 53 265 302 21.59 0.617
90 53 249 265 25.38 0.363
90 53 212 249 28.23 0.217
90 53 196 212 27.23 0.141
90 82 98 106 66.20 0.031
90 82 151 159 33.25 0.109
90 82 188 196 32.30 0.226
90 82 135 143 34.81 0.052
90 82 106 135 45.44 0.037
90 82 159 188 28.57 0.178
90 82 143 151 32.15 0.077
98 90 135 143 32.74 0.039
98 90 106 135 46.79 0.032
98 90 196 204 31.02 0.234
106 82 310 355 22.79 0.377
106 90 249 265 32.28 0.194
106 90 212 249 35.79 0.114
106 98 135 143 52.78 0.031
106 98 151 159 39.27 0.049
106 98 196 204 37.10 0.144
106 98 204 212 36.93 0.201
106 98 143 151 41.28 0.037
106 98 188 196 38.08 0.099
135 98 241 257 36.78 0.112
135 98 310 347 29.07 0.466
135 98 294 310 30.80 0.304
135 106 188 196 43.40 0.065
135 106 151 159 42.03 0.037
135 106 159 188 36.30 0.051
135 106 196 204 39.76 0.096
135 106 212 241 44.35 0.173
135 106 143 151 47.37 0.032
143 106 318 355 23.12 0.578
143 106 265 302 30.90 0.201
143 106 302 318 31.40 0.299
143 106 249 265 35.40 0.115
143 135 212 241 36.64 0.145
143 135 241 249 33.27 0.220
143 135 151 159 45.90 0.032
143 135 188 196 37.33 0.050
143 135 159 188 36.78 0.038
143 135 196 204 35.53 0.072
151 135 347 363 22.23 0.600
151 135 294 310 28.85 0.213
151 135 310 347 27.93 0.332
151 143 196 204 38.25 0.050
151 143 212 241 42.37 0.092
151 143 159 188 43.26 0.032
151 143 204 212 34.86 0.073
151 143 188 196 41.83 0.037
159 143 318 355 22.40 0.407
159 143 302 318 33.13 0.189
159 143 355 371 25.82 0.521
159 143 265 302 31.04 0.127
159 151 212 241 40.77 0.067
159 151 241 249 37.64 0.100
159 151 188 196 44.23 0.032
159 151 196 204 37.92 0.038
159 151 204 212 37.11 0.050
188 151 294 310 27.32 0.140
188 151 347 363 21.57 0.421
188 159 204 212 34.36 0.039
188 159 257 265 35.94 0.147
188 159 265 294 34.31 0.215
188 159 249 257 35.11 0.105
188 159 196 204 35.49 0.032
188 159 241 249 37.61 0.070
188 159 212 241 39.55 0.049
196 159 318 355 21.39 0.277
196 188 241 249 40.47 0.049
196 188 249 257 39.28 0.068
196 188 204 212 35.84 0.032
196 188 212 241 42.21 0.037
196 188 294 302 25.96 0.274
196 188 257 265 36.45 0.102
196 188 265 294 35.13 0.150
204 188 347 363 24.07 0.249
204 196 212 241 43.55 0.032
204 196 249 257 39.13 0.049
204 196 265 294 37.47 0.100
204 196 257 265 38.85 0.069
204 196 241 249 41.29 0.037
204 196 302 310 34.73 0.212
204 196 294 302 28.42 0.179
212 196 355 371 29.72 0.208
212 196 318 355 24.86 0.151
212 204 265 294 36.78 0.071
212 204 257 265 37.51 0.050
212 204 310 318 36.00 0.206
212 204 302 310 34.41 0.153
212 204 294 302 27.94 0.124
212 204 241 249 40.93 0.032
212 204 249 257 37.80 0.038
241 204 347 363 26.82 0.142
241 212 302 310 40.62 0.095
241 212 318 347 30.74 0.236
241 212 294 302 32.38 0.077
241 212 310 318 42.67 0.129
241 212 257 265 43.29 0.037
241 212 265 294 42.97 0.048
241 212 249 257 44.97 0.032
249 212 355 371 33.97 0.119
249 241 310 318 46.30 0.087
249 241 302 310 43.71 0.064
249 241 265 294 48.54 0.036
249 241 257 265 53.23 0.031
249 241 294 302 34.94 0.052
249 241 318 347 31.67 0.163
249 241 347 355 26.44 0.270
257 249 302 310 48.51 0.046
257 249 347 355 29.73 0.172
257 249 355 363 35.97 0.206
257 249 310 318 50.16 0.060
257 249 318 347 35.11 0.105
257 249 265 294 62.58 0.031
265 257 355 363 40.72 0.134
265 257 294 302 43.60 0.032
265 257 310 318 57.12 0.043
265 257 363 371 42.97 0.177
265 257 302 310 55.76 0.035
265 257 318 347 39.12 0.069
265 257 347 355 32.55 0.111
294 265 363 371 42.26 0.130
294 265 347 355 30.84 0.079
294 265 318 347 36.50 0.051
294 265 302 310 51.74 0.031
294 265 355 363 39.13 0.097
294 265 310 318 52.45 0.036
302 294 347 355 25.52 0.060
302 294 363 371 36.80 0.102
302 294 310 318 46.48 0.032
302 294 318 347 30.41 0.040
302 294 355 363 32.61 0.076
310 302 318 347 34.08 0.032
310 302 347 355 29.78 0.040
310 302 355 363 40.06 0.049
310 302 363 371 46.25 0.063
318 310 347 355 25.36 0.033
318 310 355 363 40.34 0.037
318 310 363 371 50.12 0.045
347 318 363 371 32.76 0.039
347 318 355 363 22.90 0.033
355 347 363 371 25.03 0.033
