LR10B.AMP
0.50
3
790
0
0
Error estimate for data present
Type of error estimate (0=same unit as data)
1
  -0.25	   0.50	   4.000000	  54.071115	   0.030062
  -0.25	   0.50	   1.000000	  68.063730	   0.030381
  -0.25	   0.50	   2.000000	  78.862623	   0.030170
  -0.25	   0.50	   3.000000	  74.441120	   0.030284
  -0.25	   1.00	   3.500000	  15.528917	   0.030016
  -0.25	   1.00	   2.500000	  22.153992	   0.030327
  -0.25	   1.00	   4.500000	  15.668358	   0.030287
  -0.25	   1.00	   4.000000	  15.598137	   0.030000
  -0.25	   1.00	   3.000000	  17.099023	   0.030196
  -0.25	   1.50	   3.666667	  16.919604	   0.031560
  -0.25	   1.50	   4.333333	  15.672773	   0.031857
  -0.25	   1.50	   4.000000	  16.355094	   0.030307
  -0.25	   1.50	   4.666667	  16.484309	   0.031567
  -0.25	   1.50	   3.333333	  17.791058	   0.030181
  -0.25	   2.00	   4.250000	  15.663896	   0.030248
  -0.25	   2.00	   4.750000	  14.321986	   0.035749
  -0.25	   2.00	   4.500000	  15.285427	   0.031763
  -0.25	   2.00	   3.750000	  15.446350	   0.032406
  -0.25	   2.00	   4.000000	  15.058604	   0.034893
  -0.25	   2.50	   4.200000	  12.283749	   0.031462
  -0.25	   2.50	   4.600000	  12.450188	   0.031811
  -0.25	   2.50	   4.800000	  11.672722	   0.031584
  -0.25	   2.50	   4.000000	  12.675944	   0.030264
  -0.25	   2.50	   4.400000	  12.444139	   0.030256
  -0.25	   3.00	   4.666667	   9.363535	   0.033784
  -0.25	   3.00	   4.500000	   9.585621	   0.032951
  -0.25	   3.00	   4.333333	  10.399260	   0.031061
  -0.25	   3.00	   4.833333	   8.906038	   0.036702
  -0.25	   3.00	   4.166667	  10.881383	   0.031737
  -0.25	   3.50	   4.285714	   7.900130	   0.037036
  -0.25	   3.50	   4.571429	   7.104789	   0.032532
  -0.25	   3.50	   4.714286	   6.363592	   0.033054
  -0.25	   3.50	   4.428571	   7.258715	   0.032704
  -0.25	   3.50	   4.857143	   6.264991	   0.030304
  -0.25	   4.00	   4.500000	   6.213238	   0.039251
  -0.25	   4.00	   4.750000	   5.982049	   0.032753
  -0.25	   4.00	   4.875000	   5.981818	   0.033675
  -0.25	   4.00	   4.375000	   6.557945	   0.032297
  -0.25	   4.00	   4.625000	   6.143570	   0.035325
  -0.25	   4.50	   4.444444	   5.149456	   0.031521
  -0.25	   4.50	   4.888889	   4.574674	   0.033812
  -0.25	   4.50	   4.555556	   4.982175	   0.032091
  -0.25	   4.50	   4.777778	   4.528309	   0.041936
  -0.25	   4.50	   4.666667	   5.380749	   0.078411
   0.25	   0.50	   1.000000	  70.770755	   0.030222
   0.25	   0.50	   3.000000	  70.734640	   0.030048
   0.25	   0.50	   2.000000	  86.763080	   0.030247
   0.25	   0.50	   4.000000	  33.658153	   0.030075
   0.75	   0.50	   1.000000	  74.565304	   0.030274
   0.75	   0.50	   3.000000	  40.396667	   0.030167
   0.75	   0.50	   2.000000	  78.765147	   0.030391
   0.75	   0.50	   4.000000	  33.047721	   0.030168
   0.75	   1.00	   2.500000	  19.535694	   0.030225
   0.75	   1.00	   3.000000	  17.409820	   0.030019
   0.75	   1.00	   4.500000	  18.186209	   0.032952
   0.75	   1.00	   3.500000	  16.593905	   0.030583
   0.75	   1.00	   4.000000	  17.260841	   0.030214
   0.75	   1.50	   3.333333	  16.656168	   0.030039
   0.75	   1.50	   3.666667	  15.445189	   0.030158
   0.75	   1.50	   4.000000	  15.823714	   0.030158
   0.75	   1.50	   4.333333	  15.371387	   0.031276
   0.75	   1.50	   4.666667	  14.531965	   0.032093
   0.75	   2.00	   3.750000	  15.353361	   0.030410
   0.75	   2.00	   4.000000	  14.942151	   0.031577
   0.75	   2.00	   4.250000	  13.913143	   0.030446
   0.75	   2.00	   4.500000	  12.793162	   0.030279
   0.75	   2.00	   4.750000	  12.758067	   0.037341
   0.75	   2.50	   4.000000	  12.212320	   0.031303
   0.75	   2.50	   4.200000	  12.344908	   0.031384
   0.75	   2.50	   4.400000	  11.813005	   0.040741
   0.75	   2.50	   4.600000	  11.036201	   0.030321
   0.75	   2.50	   4.800000	  10.824423	   0.049506
   0.75	   3.00	   4.166667	  10.311492	   0.031725
   0.75	   3.00	   4.333333	   9.931456	   0.044886
   0.75	   3.00	   4.500000	   9.523594	   0.031691
   0.75	   3.00	   4.666667	   8.685543	   0.031859
   0.75	   3.00	   4.833333	   8.959654	   0.046566
   0.75	   3.50	   4.285714	   9.236470	   0.036018
   0.75	   3.50	   4.428571	   8.019920	   0.030378
   0.75	   3.50	   4.571429	   8.294987	   0.069021
   0.75	   3.50	   4.714286	   7.646558	   0.031379
   0.75	   3.50	   4.857143	   7.388889	   0.041607
   0.75	   4.00	   4.375000	   7.756862	   0.030863
   0.75	   4.00	   4.500000	   7.578055	   0.032382
   0.75	   4.00	   4.625000	   8.677548	   0.030000
   0.75	   4.00	   4.750000	   7.474492	   0.040963
   0.75	   4.00	   4.875000	   7.248756	   0.052140
   0.75	   4.50	   4.444444	   7.283752	   0.035109
   0.75	   4.50	   4.555556	   7.702431	   0.084029
   0.75	   4.50	   4.666667	   6.882298	   0.030961
   0.75	   4.50	   4.777778	   6.649781	   0.031406
   1.25	   0.50	   1.000000	  75.491584	   0.030275
   1.25	   0.50	   3.000000	  43.175008	   0.030234
   1.25	   0.50	   2.000000	  48.862080	   0.030657
   1.25	   0.50	   4.000000	  31.464048	   0.030128
   1.25	   1.50	   3.333333	  16.824713	   0.030249
   1.25	   1.50	   3.666667	  16.966169	   0.030553
   1.25	   1.50	   4.000000	  16.267793	   0.030000
   1.25	   1.50	   4.333333	  15.274319	   0.030963
   1.25	   1.50	   4.666667	  14.919008	   0.030050
   1.75	   0.50	   1.000000	  40.859410	   0.030884
   1.75	   0.50	   3.000000	  37.035038	   0.030000
   1.75	   0.50	   2.000000	  45.686942	   0.030498
   1.75	   0.50	   4.000000	  26.177797	   0.030276
   1.75	   1.00	   2.500000	  22.762142	   0.030386
   1.75	   1.00	   3.000000	  22.816491	   0.030096
   1.75	   1.00	   4.500000	  20.149956	   0.030111
   1.75	   1.00	   3.500000	  23.405569	   0.030000
   1.75	   1.00	   4.000000	  22.999145	   0.030015
   1.75	   2.00	   3.750000	  15.406325	   0.030520
   1.75	   2.00	   4.000000	  14.118245	   0.030954
   1.75	   2.00	   4.250000	  13.821032	   0.030000
   1.75	   2.00	   4.500000	  13.834525	   0.030323
   1.75	   2.00	   4.750000	  14.307011	   0.088108
   2.25	   0.50	   1.000000	  45.095925	   0.030430
   2.25	   0.50	   3.000000	  33.754239	   0.030102
   2.25	   0.50	   2.000000	  45.279998	   0.030384
   2.25	   0.50	   4.000000	  29.161063	   0.030012
   2.25	   1.50	   3.333333	  19.227462	   0.030134
   2.25	   1.50	   3.666667	  17.710074	   0.030184
   2.25	   1.50	   4.000000	  17.034227	   0.030059
   2.25	   1.50	   4.333333	  17.849218	   0.030206
   2.25	   1.50	   4.666667	  17.591077	   0.030506
   2.25	   2.50	   4.000000	  17.362514	   0.031013
   2.25	   2.50	   4.200000	  17.166383	   0.049918
   2.25	   2.50	   4.400000	  16.160183	   0.030916
   2.25	   2.50	   4.600000	  15.189897	   0.030777
   2.25	   2.50	   4.800000	  14.631634	   0.037215
   2.75	   0.50	   1.000000	  39.051571	   0.030300
   2.75	   0.50	   3.000000	  27.183472	   0.030495
   2.75	   0.50	   2.000000	  30.541876	   0.030614
   2.75	   0.50	   4.000000	  22.964771	   0.030293
   2.75	   1.00	   2.500000	  32.028475	   0.030823
   2.75	   1.00	   3.000000	  31.354555	   0.030644
   2.75	   1.00	   4.500000	  21.382070	   0.030439
   2.75	   1.00	   3.500000	  26.943552	   0.030162
   2.75	   1.00	   4.000000	  21.662381	   0.030093
   2.75	   1.50	   3.333333	  21.109291	   0.030260
   2.75	   1.50	   3.666667	  20.090917	   0.030487
   2.75	   1.50	   4.000000	  20.864273	   0.030336
   2.75	   1.50	   4.333333	  20.508183	   0.030060
   2.75	   1.50	   4.666667	  19.163376	   0.030387
   2.75	   2.00	   3.750000	  20.229241	   0.030141
   2.75	   2.00	   4.000000	  20.194487	   0.030467
   2.75	   2.00	   4.250000	  20.778065	   0.031493
   2.75	   2.00	   4.500000	  20.866406	   0.030770
   2.75	   2.00	   4.750000	  19.797526	   0.031871
   2.75	   3.00	   4.166667	  14.881625	   0.030149
   2.75	   3.00	   4.333333	  14.499655	   0.030170
   2.75	   3.00	   4.500000	  14.182924	   0.030473
   2.75	   3.00	   4.666667	  12.952016	   0.031020
   2.75	   3.00	   4.833333	  12.776690	   0.038586
   3.25	   0.50	   1.000000	  38.047215	   0.030985
   3.25	   0.50	   3.000000	  35.766097	   0.031789
   3.25	   0.50	   2.000000	  41.339230	   0.030680
   3.25	   0.50	   4.000000	  36.044643	   0.031495
   3.25	   2.50	   4.000000	  21.663619	   0.030039
   3.25	   2.50	   4.200000	  20.414617	   0.030558
   3.25	   2.50	   4.400000	  19.110152	   0.032213
   3.25	   2.50	   4.600000	  18.694551	   0.030442
   3.25	   2.50	   4.800000	  17.203626	   0.033916
   3.25	   3.50	   4.285714	  12.970363	   0.038571
   3.25	   3.50	   4.428571	  12.139301	   0.032250
   3.25	   3.50	   4.571429	  12.136392	   0.030939
   3.25	   3.50	   4.714286	  12.220328	   0.032732
   3.25	   3.50	   4.857143	  12.275285	   0.040713
   3.75	   0.50	   1.000000	  38.023320	   0.030783
   3.75	   0.50	   3.000000	  40.627601	   0.031243
   3.75	   0.50	   2.000000	  38.248325	   0.030175
   3.75	   0.50	   4.000000	  43.839239	   0.030154
   3.75	   1.00	   2.500000	  49.396360	   0.030274
   3.75	   1.00	   3.000000	  38.692853	   0.030313
   3.75	   1.00	   4.500000	  31.434120	   0.030398
   3.75	   1.00	   3.500000	  37.238489	   0.030299
   3.75	   1.00	   4.000000	  36.451746	   0.030055
   3.75	   1.50	   3.333333	  32.242444	   0.030390
   3.75	   1.50	   3.666667	  31.777928	   0.030270
   3.75	   1.50	   4.000000	  29.604312	   0.030439
   3.75	   1.50	   4.333333	  26.994739	   0.030907
   3.75	   1.50	   4.666667	  25.007838	   0.030297
   3.75	   2.00	   3.750000	  24.895104	   0.034589
   3.75	   2.00	   4.000000	  27.586785	   0.030317
   3.75	   2.00	   4.250000	  25.876056	   0.030929
   3.75	   2.00	   4.500000	  24.774871	   0.035772
   3.75	   2.00	   4.750000	  24.310286	   0.033383
   3.75	   3.00	   4.166667	  17.308969	   0.030128
   3.75	   3.00	   4.333333	  15.751068	   0.030704
   3.75	   3.00	   4.500000	  15.091830	   0.032756
   3.75	   3.00	   4.666667	  15.209407	   0.030000
   3.75	   3.00	   4.833333	  14.721714	   0.038877
   3.75	   4.00	   4.375000	  12.768770	   0.076604
   3.75	   4.00	   4.500000	  11.873127	   0.045207
   3.75	   4.00	   4.625000	  11.524868	   0.046638
   3.75	   4.00	   4.750000	  10.801209	   0.038054
   3.75	   4.00	   4.875000	  12.311851	   0.051427
   4.25	   0.50	   1.000000	  39.606159	   0.030127
   4.25	   0.50	   3.000000	  57.849988	   0.030989
   4.25	   0.50	   2.000000	  49.995857	   0.030214
   4.25	   0.50	   4.000000	  62.471036	   0.030000
   4.25	   1.50	   3.333333	  33.528093	   0.030192
   4.25	   1.50	   3.666667	  31.280066	   0.030065
   4.25	   1.50	   4.000000	  28.532802	   0.032106
   4.25	   1.50	   4.333333	  26.611323	   0.030184
   4.25	   1.50	   4.666667	  27.349503	   0.030353
   4.25	   3.50	   4.285714	  14.466271	   0.031635
   4.25	   3.50	   4.428571	  14.486490	   0.030838
   4.25	   3.50	   4.571429	  13.600036	   0.031197
   4.25	   3.50	   4.714286	  13.158441	   0.031870
   4.25	   3.50	   4.857143	  14.479958	   0.049874
   4.75	   0.50	   1.000000	  42.151945	   0.030071
   4.75	   0.50	   3.000000	  61.730619	   0.030164
   4.75	   0.50	   2.000000	  53.521156	   0.030175
   4.75	   0.50	   4.000000	  63.242401	   0.030639
   4.75	   1.00	   2.500000	  42.637270	   0.030211
   4.75	   1.00	   3.000000	  41.064735	   0.030225
   4.75	   1.00	   4.500000	  33.297089	   0.033763
   4.75	   1.00	   3.500000	  35.648060	   0.031084
   4.75	   1.00	   4.000000	  31.229634	   0.030248
   4.75	   2.00	   3.750000	  28.518640	   0.030682
   4.75	   2.00	   4.000000	  27.426307	   0.030000
   4.75	   2.00	   4.250000	  26.724057	   0.032322
   4.75	   2.00	   4.500000	  26.330876	   0.030441
   4.75	   2.00	   4.750000	  24.907013	   0.032273
   4.75	   2.50	   4.000000	  23.200742	   0.030253
   4.75	   2.50	   4.200000	  20.787891	   0.030091
   4.75	   2.50	   4.400000	  20.354925	   0.030467
   4.75	   2.50	   4.600000	  19.602208	   0.030181
   4.75	   2.50	   4.800000	  20.201206	   0.038370
   4.75	   4.00	   4.375000	  11.822935	   0.041314
   4.75	   4.00	   4.500000	  11.612112	   0.030155
   4.75	   4.00	   4.625000	  11.126719	   0.031034
   5.25	   0.50	   1.000000	  37.381196	   0.030206
   5.25	   0.50	   3.000000	  58.116634	   0.030521
   5.25	   0.50	   2.000000	  51.963398	   0.030283
   5.25	   0.50	   4.000000	  45.353403	   0.030148
   5.25	   1.50	   3.333333	  29.563802	   0.030872
   5.25	   1.50	   3.666667	  27.370168	   0.030179
   5.25	   1.50	   4.000000	  27.928489	   0.030072
   5.25	   1.50	   4.333333	  29.886413	   0.031639
   5.25	   1.50	   4.666667	  31.059165	   0.033822
   5.75	   0.50	   1.000000	  41.969764	   0.030630
   5.75	   0.50	   3.000000	  46.005728	   0.030732
   5.75	   0.50	   2.000000	  56.082083	   0.030167
   5.75	   0.50	   4.000000	  42.610770	   0.030474
   5.75	   1.00	   2.500000	  41.785455	   0.030420
   5.75	   1.00	   3.000000	  35.439933	   0.031710
   5.75	   1.00	   4.500000	  34.988786	   0.030179
   5.75	   1.00	   3.500000	  36.850450	   0.030524
   5.75	   1.00	   4.000000	  37.394405	   0.030099
   5.75	   1.50	   3.333333	  30.077576	   0.030311
   5.75	   1.50	   3.666667	  30.572797	   0.030093
   5.75	   1.50	   4.000000	  32.426858	   0.031235
   5.75	   1.50	   4.333333	  34.197953	   0.032148
   5.75	   1.50	   4.666667	  31.556114	   0.030188
   5.75	   2.00	   3.750000	  31.462177	   0.031815
   5.75	   2.00	   4.000000	  31.353381	   0.030376
   5.75	   2.00	   4.250000	  29.193146	   0.030398
   5.75	   2.00	   4.500000	  28.061333	   0.049111
   5.75	   2.00	   4.750000	  27.295830	   0.038578
   5.75	   2.50	   4.000000	  23.507456	   0.030534
   5.75	   2.50	   4.200000	  22.550874	   0.030505
   5.75	   2.50	   4.400000	  22.361498	   0.030567
   5.75	   2.50	   4.600000	  20.285453	   0.030349
   5.75	   2.50	   4.800000	  19.849044	   0.034459
   5.75	   3.00	   4.166667	  18.643692	   0.030716
   5.75	   3.00	   4.333333	  17.390007	   0.031771
   5.75	   3.00	   4.500000	  17.009231	   0.030000
   5.75	   3.00	   4.666667	  15.970729	   0.030460
   5.75	   3.00	   4.833333	  17.011251	   0.033983
   6.25	   0.50	   1.000000	  60.866319	   0.030357
   6.25	   0.50	   3.000000	  57.454784	   0.030527
   6.25	   0.50	   2.000000	  58.736707	   0.030365
   6.25	   0.50	   4.000000	  56.790553	   0.030830
   6.75	   0.50	   1.000000	  49.132512	   0.030647
   6.75	   0.50	   3.000000	  60.266457	   0.030112
   6.75	   0.50	   2.000000	  56.969799	   0.030258
   6.75	   0.50	   4.000000	  57.733333	   0.030117
   6.75	   1.00	   2.500000	  49.188582	   0.030000
   6.75	   1.00	   3.000000	  50.038506	   0.030008
   6.75	   1.00	   4.500000	  36.648000	   0.030031
   6.75	   1.00	   3.500000	  46.338670	   0.030026
   6.75	   1.00	   4.000000	  40.945383	   0.030205
   6.75	   1.50	   3.333333	  38.385551	   0.030672
   6.75	   1.50	   3.666667	  40.109345	   0.031221
   6.75	   1.50	   4.000000	  37.273252	   0.030497
   6.75	   1.50	   4.333333	  35.965371	   0.030273
   6.75	   1.50	   4.666667	  35.364663	   0.030336
   6.75	   2.00	   3.750000	  34.199887	   0.030802
   6.75	   2.00	   4.000000	  32.283050	   0.035840
   6.75	   2.00	   4.250000	  30.438838	   0.030892
   6.75	   2.00	   4.500000	  28.216572	   0.030601
   6.75	   2.00	   4.750000	  27.515243	   0.031384
   6.75	   3.00	   4.166667	  19.913553	   0.034461
   6.75	   3.00	   4.333333	  18.659708	   0.031122
   6.75	   3.00	   4.500000	  19.319479	   0.031597
   6.75	   3.00	   4.666667	  17.835104	   0.031235
   6.75	   3.00	   4.833333	  17.500644	   0.035808
   6.75	   3.50	   4.285714	  15.878868	   0.037001
   6.75	   3.50	   4.428571	  15.050759	   0.031814
   6.75	   3.50	   4.571429	  14.424062	   0.052591
   6.75	   3.50	   4.714286	  13.927414	   0.048898
   6.75	   3.50	   4.857143	  13.784991	   0.041049
   7.25	   0.50	   1.000000	  58.262685	   0.030187
   7.25	   0.50	   3.000000	  69.226431	   0.030122
   7.25	   0.50	   2.000000	  70.056474	   0.030573
   7.25	   0.50	   4.000000	  49.721398	   0.030415
   7.25	   1.50	   3.333333	  44.336587	   0.030291
   7.25	   1.50	   3.666667	  41.033329	   0.030418
   7.25	   1.50	   4.000000	  39.558401	   0.030417
   7.25	   1.50	   4.333333	  38.746106	   0.031028
   7.25	   1.50	   4.666667	  37.541651	   0.030375
   7.25	   2.50	   4.000000	  26.502361	   0.030158
   7.25	   2.50	   4.200000	  25.427638	   0.030411
   7.25	   2.50	   4.400000	  23.687253	   0.031071
   7.25	   2.50	   4.600000	  23.544293	   0.044042
   7.25	   2.50	   4.800000	  21.990040	   0.035226
   7.75	   0.50	   1.000000	  48.607028	   0.030826
   7.75	   0.50	   3.000000	  47.457986	   0.030142
   7.75	   0.50	   2.000000	  61.900489	   0.030195
   7.75	   0.50	   4.000000	  48.634082	   0.030831
   7.75	   1.00	   2.500000	  54.767340	   0.030166
   7.75	   1.00	   3.000000	  48.079293	   0.030044
   7.75	   1.00	   4.500000	  41.769685	   0.030187
   7.75	   1.00	   3.500000	  41.963910	   0.030072
   7.75	   1.00	   4.000000	  37.991394	   0.030421
   7.75	   2.00	   3.750000	  35.481526	   0.030242
   7.75	   2.00	   4.000000	  32.565919	   0.030827
   7.75	   2.00	   4.250000	  32.023641	   0.030545
   7.75	   2.00	   4.500000	  30.745141	   0.030145
   7.75	   2.00	   4.750000	  30.785357	   0.031755
   7.75	   3.50	   4.285714	  15.525130	   0.056350
   7.75	   3.50	   4.428571	  14.595005	   0.074927
   7.75	   3.50	   4.571429	  13.824978	   0.071944
   7.75	   3.50	   4.714286	  12.835382	   0.032738
   8.25	   0.50	   1.000000	  63.347754	   0.030354
   8.25	   0.50	   3.000000	  56.516762	   0.030298
   8.25	   0.50	   2.000000	  52.556784	   0.030560
   8.25	   0.50	   4.000000	  63.042420	   0.030855
   8.25	   1.50	   3.333333	  45.796134	   0.030394
   8.25	   1.50	   3.666667	  45.066687	   0.030516
   8.25	   1.50	   4.000000	  43.788298	   0.030469
   8.25	   1.50	   4.333333	  43.030090	   0.030242
   8.25	   1.50	   4.666667	  39.999169	   0.031484
   8.25	   2.50	   4.000000	  25.444849	   0.030165
   8.25	   2.50	   4.200000	  25.306311	   0.036005
   8.25	   2.50	   4.400000	  22.985514	   0.031058
   8.25	   2.50	   4.600000	  22.014840	   0.030911
   8.25	   2.50	   4.800000	  21.393139	   0.033211
   8.75	   0.50	   1.000000	  47.361582	   0.031060
   8.75	   0.50	   3.000000	  67.899160	   0.030298
   8.75	   0.50	   2.000000	  56.222150	   0.030309
   8.75	   0.50	   4.000000	  70.422762	   0.031339
   8.75	   1.00	   2.500000	  48.465040	   0.030272
   8.75	   1.00	   3.000000	  43.291666	   0.030622
   8.75	   1.00	   4.500000	  49.141997	   0.030364
   8.75	   1.00	   3.500000	  48.109170	   0.030000
   8.75	   1.00	   4.000000	  53.031712	   0.030127
   8.75	   1.50	   3.333333	  43.755340	   0.030383
   8.75	   1.50	   3.666667	  42.625847	   0.030469
   8.75	   1.50	   4.000000	  41.546026	   0.030000
   8.75	   1.50	   4.333333	  39.046271	   0.030627
   8.75	   1.50	   4.666667	  37.793912	   0.030157
   8.75	   2.00	   3.750000	  33.554219	   0.030153
   8.75	   2.00	   4.000000	  32.495477	   0.030166
   8.75	   2.00	   4.250000	  32.323824	   0.030168
   8.75	   2.00	   4.500000	  29.274351	   0.030183
   8.75	   2.00	   4.750000	  28.661440	   0.031724
   8.75	   3.00	   4.166667	  19.687576	   0.030678
   8.75	   3.00	   4.333333	  19.300652	   0.031085
   8.75	   3.00	   4.500000	  18.338078	   0.038784
   8.75	   3.00	   4.666667	  18.284534	   0.036428
   8.75	   3.00	   4.833333	  16.560644	   0.031072
   9.25	   0.50	   1.000000	  43.438323	   0.030755
   9.25	   0.50	   3.000000	  64.416115	   0.031411
   9.25	   0.50	   2.000000	  60.784693	   0.030572
   9.25	   0.50	   4.000000	  57.304794	   0.030353
   9.75	   0.50	   1.000000	  47.689030	   0.030519
   9.75	   0.50	   3.000000	  57.090527	   0.030472
   9.75	   0.50	   2.000000	  61.446218	   0.030152
   9.75	   0.50	   4.000000	  50.364130	   0.030227
   9.75	   1.00	   2.500000	  47.533437	   0.030647
   9.75	   1.00	   3.000000	  51.881434	   0.031038
   9.75	   1.00	   4.500000	  44.649232	   0.031603
   9.75	   1.00	   3.500000	  48.115999	   0.030602
   9.75	   1.00	   4.000000	  44.991374	   0.030352
   9.75	   1.50	   3.333333	  43.142736	   0.030597
   9.75	   1.50	   3.666667	  40.213226	   0.031624
   9.75	   1.50	   4.000000	  38.994013	   0.030257
   9.75	   1.50	   4.333333	  33.838979	   0.030054
   9.75	   1.50	   4.666667	  35.375152	   0.030126
   9.75	   2.00	   3.750000	  33.928197	   0.030169
   9.75	   2.00	   4.000000	  30.708205	   0.030066
   9.75	   2.00	   4.250000	  29.833537	   0.030546
   9.75	   2.00	   4.500000	  28.128159	   0.030286
   9.75	   2.00	   4.750000	  26.008088	   0.030791
   9.75	   2.50	   4.000000	  23.483181	   0.030713
   9.75	   2.50	   4.200000	  22.517977	   0.030548
   9.75	   2.50	   4.400000	  23.835354	   0.038872
   9.75	   2.50	   4.600000	  21.440336	   0.034406
   9.75	   2.50	   4.800000	  20.107795	   0.031577
   9.75	   3.00	   4.166667	  18.437313	   0.042046
   9.75	   3.00	   4.333333	  18.190245	   0.035418
   9.75	   3.00	   4.500000	  16.390676	   0.030491
   9.75	   3.00	   4.666667	  15.998967	   0.033673
   9.75	   3.00	   4.833333	  15.088081	   0.034273
  10.25	   0.50	   1.000000	  63.104768	   0.030329
  10.25	   0.50	   3.000000	  61.856802	   0.030762
  10.25	   0.50	   2.000000	  68.080407	   0.030334
  10.25	   0.50	   4.000000	  49.410210	   0.030409
  10.25	   1.50	   3.333333	  41.702820	   0.030618
  10.25	   1.50	   3.666667	  40.558545	   0.030020
  10.25	   1.50	   4.000000	  35.129997	   0.030142
  10.25	   1.50	   4.333333	  36.954683	   0.030149
  10.25	   1.50	   4.666667	  35.503116	   0.030042
  10.75	   0.50	   1.000000	  56.974532	   0.030399
  10.75	   0.50	   3.000000	  52.974199	   0.030318
  10.75	   0.50	   2.000000	  63.507456	   0.030274
  10.75	   0.50	   4.000000	  48.191263	   0.030140
  10.75	   1.00	   2.500000	  54.272026	   0.030405
  10.75	   1.00	   3.000000	  49.757800	   0.030541
  10.75	   1.00	   4.500000	  44.692325	   0.030330
  10.75	   1.00	   3.500000	  49.864929	   0.030581
  10.75	   1.00	   4.000000	  48.376958	   0.030000
  10.75	   2.00	   3.750000	  29.880329	   0.030191
  10.75	   2.00	   4.000000	  28.254575	   0.030048
  10.75	   2.00	   4.250000	  26.239565	   0.030946
  10.75	   2.00	   4.500000	  25.406883	   0.031407
  10.75	   2.00	   4.750000	  24.145064	   0.031193
  10.75	   2.50	   4.000000	  23.233858	   0.030000
  10.75	   2.50	   4.200000	  20.819948	   0.031825
  10.75	   2.50	   4.400000	  20.021622	   0.031742
  10.75	   2.50	   4.600000	  19.497928	   0.031210
  10.75	   2.50	   4.800000	  19.036053	   0.035546
  11.25	   0.50	   1.000000	  48.891894	   0.030356
  11.25	   0.50	   3.000000	  46.808043	   0.030216
  11.25	   0.50	   2.000000	  48.454188	   0.030193
  11.25	   0.50	   4.000000	  61.604442	   0.030437
  11.25	   1.50	   3.333333	  33.067156	   0.030341
  11.25	   1.50	   3.666667	  34.775758	   0.030188
  11.25	   1.50	   4.000000	  33.562097	   0.030224
  11.25	   1.50	   4.333333	  34.379352	   0.030000
  11.25	   1.50	   4.666667	  29.812320	   0.030174
  11.75	   0.50	   1.000000	  37.691847	   0.030408
  11.75	   0.50	   3.000000	  58.107112	   0.030058
  11.75	   0.50	   2.000000	  40.832913	   0.030524
  11.75	   0.50	   4.000000	  53.733660	   0.030877
  11.75	   1.00	   2.500000	  45.620551	   0.030096
  11.75	   1.00	   3.000000	  45.058187	   0.030149
  11.75	   1.00	   4.500000	  38.058004	   0.030364
  11.75	   1.00	   3.500000	  41.284253	   0.031170
  11.75	   1.00	   4.000000	  39.977652	   0.030674
  11.75	   1.50	   3.333333	  32.874890	   0.030314
  11.75	   1.50	   3.666667	  31.841096	   0.030333
  11.75	   1.50	   4.000000	  32.738340	   0.030443
  11.75	   1.50	   4.333333	  28.419212	   0.030216
  11.75	   1.50	   4.666667	  28.792264	   0.030103
  11.75	   2.00	   3.750000	  25.257542	   0.030272
  11.75	   2.00	   4.000000	  24.359895	   0.033317
  11.75	   2.00	   4.250000	  23.131368	   0.030168
  11.75	   2.00	   4.500000	  22.498863	   0.030992
  11.75	   2.00	   4.750000	  27.334533	   0.042036
  11.75	   3.00	   4.166667	  16.458519	   0.035398
  11.75	   3.00	   4.333333	  15.413178	   0.030240
  11.75	   3.00	   4.500000	  14.412523	   0.031396
  12.25	   0.50	   1.000000	  28.074165	   0.031263
  12.25	   0.50	   3.000000	  47.310383	   0.031850
  12.25	   0.50	   2.000000	  48.291408	   0.030249
  12.25	   0.50	   4.000000	  47.010406	   0.038165
  12.25	   2.50	   4.000000	  22.223165	   0.030603
  12.25	   2.50	   4.200000	  21.921391	   0.030000
  12.25	   2.50	   4.400000	  20.696455	   0.030511
  12.25	   2.50	   4.600000	  19.219290	   0.030614
  12.25	   2.50	   4.800000	  18.274124	   0.031663
  12.75	   0.50	   1.000000	  37.645711	   0.030489
  12.75	   0.50	   3.000000	  42.948838	   0.049598
  12.75	   0.50	   2.000000	  41.743338	   0.030385
  12.75	   0.50	   4.000000	  43.453557	   0.030620
  12.75	   1.00	   2.500000	  41.350707	   0.030850
  12.75	   1.00	   3.000000	  39.472933	   0.031024
  12.75	   1.00	   4.500000	  31.324697	   0.030400
  12.75	   1.00	   3.500000	  37.021697	   0.030366
  12.75	   1.00	   4.000000	  31.995945	   0.030179
  12.75	   1.50	   3.333333	  37.109978	   0.030391
  12.75	   1.50	   3.666667	  32.176274	   0.030279
  12.75	   1.50	   4.000000	  32.536647	   0.030477
  12.75	   1.50	   4.333333	  31.152713	   0.030118
  12.75	   1.50	   4.666667	  29.497650	   0.030629
  12.75	   2.00	   3.750000	  27.201021	   0.030105
  12.75	   2.00	   4.000000	  26.533942	   0.031142
  12.75	   2.00	   4.250000	  27.733340	   0.034475
  12.75	   2.00	   4.500000	  24.675052	   0.030398
  12.75	   2.00	   4.750000	  23.980595	   0.030944
  12.75	   3.00	   4.166667	  16.158182	   0.033853
  13.25	   0.50	   1.000000	  33.994777	   0.030571
  13.25	   0.50	   3.000000	  46.346172	   0.031235
  13.25	   0.50	   2.000000	  42.774906	   0.030250
  13.25	   0.50	   4.000000	  48.591231	   0.030416
  13.25	   1.50	   3.333333	  35.434555	   0.030209
  13.25	   1.50	   3.666667	  35.800610	   0.030080
  13.25	   1.50	   4.000000	  34.313316	   0.030175
  13.25	   1.50	   4.333333	  32.582297	   0.030545
  13.25	   1.50	   4.666667	  28.653808	   0.030362
  13.25	   2.50	   4.000000	  23.325086	   0.031687
  13.25	   2.50	   4.200000	  21.732489	   0.031267
  13.25	   2.50	   4.400000	  20.600048	   0.030564
  13.25	   2.50	   4.600000	  20.004301	   0.037083
  13.25	   2.50	   4.800000	  18.550821	   0.032845
  13.75	   0.50	   1.000000	  39.935975	   0.030612
  13.75	   0.50	   3.000000	  56.650085	   0.030059
  13.75	   0.50	   2.000000	  51.004707	   0.030105
  13.75	   0.50	   4.000000	  53.952690	   0.030624
  13.75	   1.00	   2.500000	  46.591943	   0.030422
  13.75	   1.00	   3.000000	  38.453970	   0.031401
  13.75	   1.00	   4.500000	  44.215418	   0.030374
  13.75	   1.00	   3.500000	  39.890786	   0.030988
  13.75	   1.00	   4.000000	  42.445882	   0.030912
  13.75	   2.00	   3.750000	  28.336153	   0.033225
  13.75	   2.00	   4.000000	  27.791932	   0.030823
  13.75	   2.00	   4.250000	  26.875020	   0.030894
  13.75	   2.00	   4.500000	  26.107952	   0.031300
  13.75	   2.00	   4.750000	  25.777393	   0.030838
  14.25	   0.50	   1.000000	  41.193959	   0.030211
  14.25	   0.50	   3.000000	  54.438366	   0.030495
  14.25	   0.50	   2.000000	  54.043562	   0.030223
  14.25	   0.50	   4.000000	  49.929215	   0.030000
  14.25	   1.50	   3.333333	  36.090035	   0.030098
  14.25	   1.50	   3.666667	  34.223381	   0.030036
  14.25	   1.50	   4.000000	  30.286529	   0.030264
  14.25	   1.50	   4.333333	  30.579031	   0.031602
  14.25	   1.50	   4.666667	  30.193068	   0.030123
  14.75	   0.50	   1.000000	  40.564140	   0.030478
  14.75	   0.50	   3.000000	  47.446082	   0.030781
  14.75	   0.50	   2.000000	  48.975646	   0.030164
  14.75	   0.50	   4.000000	  49.106258	   0.030380
  14.75	   1.00	   2.500000	  39.503029	   0.030778
  14.75	   1.00	   3.000000	  42.863130	   0.030628
  14.75	   1.00	   4.500000	  37.768636	   0.030474
  14.75	   1.00	   3.500000	  44.649290	   0.030276
  14.75	   1.00	   4.000000	  37.616921	   0.030089
  14.75	   1.50	   3.333333	  36.763534	   0.030070
  14.75	   1.50	   3.666667	  32.530775	   0.030313
  14.75	   1.50	   4.000000	  32.554299	   0.030615
  14.75	   1.50	   4.333333	  32.450993	   0.030076
  14.75	   1.50	   4.666667	  34.899589	   0.032551
  14.75	   2.00	   3.750000	  29.873859	   0.030766
  14.75	   2.00	   4.000000	  29.180340	   0.030807
  14.75	   2.00	   4.250000	  28.615808	   0.030921
  14.75	   2.00	   4.500000	  27.924811	   0.030608
  14.75	   2.00	   4.750000	  25.602734	   0.030844
  14.75	   2.50	   4.000000	  23.091899	   0.038694
  14.75	   2.50	   4.200000	  21.276645	   0.030000
  14.75	   2.50	   4.400000	  20.109804	   0.030999
  14.75	   2.50	   4.600000	  18.033831	   0.030589
  15.25	   0.50	   1.000000	  43.598735	   0.030353
  15.25	   0.50	   3.000000	  51.545749	   0.030065
  15.25	   0.50	   2.000000	  49.008772	   0.030519
  15.25	   0.50	   4.000000	  38.768769	   0.030425
  15.75	   0.50	   1.000000	  44.004739	   0.030791
  15.75	   0.50	   3.000000	  41.806074	   0.030322
  15.75	   0.50	   2.000000	  53.292128	   0.030527
  15.75	   0.50	   4.000000	  47.288407	   0.030456
  15.75	   1.00	   2.500000	  51.899548	   0.030254
  15.75	   1.00	   3.000000	  43.956732	   0.030425
  15.75	   1.00	   4.500000	  41.614250	   0.030193
  15.75	   1.00	   3.500000	  44.312647	   0.030349
  15.75	   1.00	   4.000000	  42.942796	   0.030149
  15.75	   1.50	   3.333333	  35.241437	   0.030366
  15.75	   1.50	   3.666667	  35.157950	   0.030452
  15.75	   1.50	   4.000000	  37.694450	   0.034250
  15.75	   1.50	   4.333333	  33.189837	   0.030277
  15.75	   1.50	   4.666667	  31.343709	   0.030402
  15.75	   2.00	   3.750000	  34.319966	   0.031050
  15.75	   2.00	   4.000000	  33.532141	   0.030964
  15.75	   2.00	   4.250000	  30.433903	   0.031019
  15.75	   2.00	   4.500000	  29.295824	   0.031037
  15.75	   2.00	   4.750000	  27.588746	   0.030373
  15.75	   2.50	   4.000000	  23.799958	   0.030106
  15.75	   2.50	   4.200000	  21.277310	   0.031026
  16.25	   0.50	   1.000000	  39.468455	   0.030517
  16.25	   0.50	   3.000000	  43.322616	   0.030389
  16.25	   0.50	   2.000000	  35.868154	   0.030224
  16.25	   0.50	   4.000000	  40.225251	   0.030335
  16.25	   1.50	   3.333333	  39.996014	   0.030331
  16.25	   1.50	   3.666667	  42.902571	   0.031141
  16.25	   1.50	   4.000000	  37.818533	   0.030450
  16.25	   1.50	   4.333333	  35.667668	   0.030326
  16.25	   1.50	   4.666667	  36.439260	   0.030142
  16.75	   0.50	   1.000000	  27.314215	   0.030735
  16.75	   0.50	   3.000000	  38.158756	   0.030882
  16.75	   0.50	   2.000000	  38.220880	   0.030630
  16.75	   0.50	   4.000000	  55.263654	   0.030381
  16.75	   1.00	   2.500000	  54.629142	   0.030643
  16.75	   1.00	   3.000000	  51.893428	   0.030318
  16.75	   1.00	   4.500000	  38.663098	   0.032315
  16.75	   1.00	   3.500000	  49.688361	   0.030243
  16.75	   1.00	   4.000000	  44.454954	   0.030159
  16.75	   2.00	   3.750000	  33.279698	   0.030550
  16.75	   2.00	   4.000000	  32.043304	   0.030714
  16.75	   2.00	   4.250000	  30.059079	   0.034129
  16.75	   2.00	   4.500000	  28.566943	   0.030000
  16.75	   2.00	   4.750000	  26.898344	   0.034587
  17.25	   0.50	   1.000000	  49.624160	   0.031086
  17.25	   0.50	   3.000000	  77.912620	   0.030519
  17.25	   0.50	   2.000000	  51.458973	   0.030260
  17.25	   0.50	   4.000000	  57.777735	   0.030387
  17.25	   1.50	   3.333333	  40.388528	   0.030288
  17.25	   1.50	   3.666667	  38.324234	   0.030341
  17.25	   1.50	   4.000000	  39.250908	   0.030510
  17.25	   1.50	   4.333333	  38.855802	   0.031260
  17.25	   1.50	   4.666667	  38.107009	   0.030292
  17.75	   0.50	   1.000000	  34.791637	   0.030539
  17.75	   0.50	   3.000000	  44.841538	   0.030225
  17.75	   0.50	   2.000000	  59.384035	   0.030406
  17.75	   0.50	   4.000000	  51.611649	   0.030372
  17.75	   1.00	   2.500000	  47.934029	   0.030183
  17.75	   1.00	   3.000000	  43.199105	   0.030304
  17.75	   1.00	   4.500000	  45.712311	   0.031566
  17.75	   1.00	   3.500000	  37.615603	   0.030514
  17.75	   1.00	   4.000000	  39.792345	   0.030127
  17.75	   1.50	   3.333333	  36.901064	   0.030481
  17.75	   1.50	   3.666667	  38.126937	   0.030856
  17.75	   1.50	   4.000000	  38.728147	   0.042927
  17.75	   1.50	   4.333333	  37.802293	   0.034782
  17.75	   1.50	   4.666667	  36.276153	   0.033680
  17.75	   2.00	   3.750000	  32.720953	   0.030734
  17.75	   2.00	   4.000000	  30.778414	   0.033501
  17.75	   2.00	   4.250000	  28.567098	   0.032172
  17.75	   2.00	   4.500000	  26.066273	   0.030548
  17.75	   2.00	   4.750000	  23.765182	   0.031299
  18.25	   0.50	   1.000000	  55.641775	   0.030415
  18.25	   0.50	   3.000000	  52.717075	   0.030319
  18.25	   0.50	   2.000000	  42.550611	   0.030157
  18.25	   0.50	   4.000000	  50.909712	   0.030347
  18.75	   0.50	   1.000000	  29.742650	   0.030000
  18.75	   0.50	   3.000000	  44.082628	   0.030344
  18.75	   0.50	   2.000000	  42.439310	   0.030008
  18.75	   0.50	   4.000000	  44.627614	   0.030886
  18.75	   1.00	   2.500000	  40.344577	   0.030218
  18.75	   1.00	   3.000000	  41.642444	   0.030251
  18.75	   1.00	   4.500000	  40.120912	   0.030134
  18.75	   1.00	   3.500000	  48.423428	   0.030399
  18.75	   1.00	   4.000000	  42.815515	   0.031258
  18.75	   1.50	   3.333333	  40.873504	   0.030315
  18.75	   1.50	   3.666667	  40.538068	   0.030392
  18.75	   1.50	   4.000000	  38.504641	   0.030325
  18.75	   1.50	   4.333333	  37.017516	   0.030199
  18.75	   1.50	   4.666667	  35.466209	   0.030000
  18.75	   2.00	   3.750000	  31.373324	   0.031456
  18.75	   2.00	   4.000000	  28.433541	   0.030331
  18.75	   2.00	   4.250000	  25.854673	   0.030360
  19.25	   0.50	   1.000000	  41.037808	   0.035707
  19.25	   0.50	   3.000000	  52.604583	   0.030440
  19.25	   0.50	   2.000000	  49.690169	   0.030673
  19.25	   0.50	   4.000000	  51.504201	   0.030637
  19.25	   1.50	   3.333333	  42.843504	   0.031054
  19.25	   1.50	   3.666667	  40.891704	   0.030748
  19.25	   1.50	   4.000000	  39.089551	   0.031280
  19.25	   1.50	   4.333333	  38.007344	   0.033221
  19.25	   1.50	   4.666667	  33.661774	   0.032534
  19.75	   0.50	   1.000000	  36.968805	   0.030398
  19.75	   0.50	   3.000000	  45.958113	   0.030293
  19.75	   0.50	   2.000000	  44.159470	   0.030273
  19.75	   0.50	   4.000000	  40.609588	   0.030091
  19.75	   1.00	   2.500000	  46.356516	   0.030568
  19.75	   1.00	   3.000000	  42.134619	   0.030799
  19.75	   1.00	   4.500000	  42.890094	   0.031252
  19.75	   1.00	   3.500000	  40.484939	   0.030477
  19.75	   1.00	   4.000000	  41.052003	   0.030246
  19.75	   2.00	   3.750000	  30.272501	   0.031587
  20.25	   0.50	   1.000000	  37.286319	   0.030485
  20.25	   0.50	   3.000000	  42.977406	   0.030313
  20.25	   0.50	   2.000000	  46.067393	   0.030378
  20.25	   0.50	   4.000000	  36.668403	   0.030918
  20.25	   1.50	   3.333333	  46.137790	   0.030350
  20.25	   1.50	   3.666667	  44.437692	   0.030735
  20.25	   1.50	   4.000000	  40.711942	   0.030283
  20.25	   1.50	   4.333333	  40.673920	   0.030602
  20.25	   1.50	   4.666667	  35.948884	   0.034128
  20.75	   0.50	   1.000000	  40.864381	   0.030467
  20.75	   0.50	   3.000000	  39.468172	   0.030512
  20.75	   0.50	   2.000000	  44.369569	   0.030090
  20.75	   0.50	   4.000000	  50.686294	   0.030399
  20.75	   1.00	   2.500000	  46.685681	   0.030000
  20.75	   1.00	   3.000000	  48.541285	   0.030246
  20.75	   1.00	   4.500000	  48.722632	   0.030358
  20.75	   1.00	   3.500000	  50.876027	   0.030190
  20.75	   1.00	   4.000000	  51.749926	   0.030221
  20.75	   1.50	   3.333333	  45.038316	   0.030572
  20.75	   1.50	   3.666667	  41.420137	   0.030384
  20.75	   1.50	   4.000000	  40.781376	   0.031964
  20.75	   1.50	   4.333333	  36.829896	   0.030665
  20.75	   1.50	   4.666667	  33.982738	   0.030065
  21.25	   0.50	   1.000000	  40.403252	   0.030480
  21.25	   0.50	   3.000000	  54.140768	   0.030187
  21.25	   0.50	   2.000000	  41.389393	   0.030388
  21.25	   0.50	   4.000000	  48.872156	   0.030827
  21.75	   0.50	   1.000000	  30.808995	   0.030424
  21.75	   0.50	   3.000000	  40.101453	   0.031008
  21.75	   0.50	   2.000000	  41.187811	   0.030097
  21.75	   0.50	   4.000000	  39.414544	   0.030201
  21.75	   1.00	   2.500000	  47.179429	   0.030093
  21.75	   1.00	   3.000000	  47.996040	   0.030281
  21.75	   1.00	   4.500000	  45.605976	   0.030373
  21.75	   1.00	   3.500000	  46.035194	   0.030268
  21.75	   1.00	   4.000000	  47.563046	   0.030262
  21.75	   1.50	   3.333333	  40.577318	   0.030794
  21.75	   1.50	   3.666667	  35.925275	   0.033408
  21.75	   1.50	   4.000000	  33.044065	   0.030076
  21.75	   1.50	   4.333333	  27.618095	   0.030000
  22.25	   0.50	   1.000000	  36.416824	   0.030285
  22.25	   0.50	   3.000000	  39.580066	   0.030425
  22.25	   0.50	   2.000000	  37.999425	   0.030352
  22.25	   0.50	   4.000000	  45.505769	   0.030444
  22.25	   1.50	   3.333333	  45.694478	   0.031128
  22.25	   1.50	   3.666667	  41.971649	   0.030301
  22.25	   1.50	   4.000000	  33.871197	   0.031182
  22.75	   0.50	   1.000000	  24.259034	   0.030593
  22.75	   0.50	   3.000000	  37.677844	   0.030715
  22.75	   0.50	   2.000000	  30.469950	   0.030088
  22.75	   0.50	   4.000000	  41.425152	   0.030325
  22.75	   1.00	   2.500000	  60.395756	   0.030073
  22.75	   1.00	   3.000000	  62.632924	   0.030430
  22.75	   1.00	   4.500000	  55.008127	   0.030309
  22.75	   1.00	   3.500000	  62.380691	   0.030155
  22.75	   1.00	   4.000000	  58.435646	   0.030351
  23.25	   0.50	   1.000000	  38.683662	   0.030190
  23.25	   0.50	   3.000000	  65.039872	   0.030155
  23.25	   0.50	   2.000000	  57.058760	   0.030305
  23.25	   0.50	   4.000000	  71.808361	   0.030094
  23.25	   1.50	   3.333333	  42.030904	   0.030613
  23.75	   0.50	   1.000000	  42.252972	   0.030538
  23.75	   0.50	   3.000000	  62.125823	   0.030379
  23.75	   0.50	   2.000000	  55.031591	   0.030365
  23.75	   0.50	   4.000000	  60.391764	   0.030226
  23.75	   1.00	   2.500000	  71.509768	   0.030368
  23.75	   1.00	   3.000000	  68.451494	   0.030393
  23.75	   1.00	   4.500000	  55.963410	   0.031279
  23.75	   1.00	   3.500000	  65.600940	   0.030203
  23.75	   1.00	   4.000000	  60.909258	   0.030442
  24.25	   0.50	   1.000000	  47.063233	   0.030263
  24.25	   0.50	   3.000000	  60.440249	   0.030279
  24.25	   0.50	   2.000000	  60.269859	   0.030222
  24.25	   0.50	   4.000000	  69.127629	   0.030390
  24.75	   0.50	   1.000000	  47.761430	   0.030182
  24.75	   0.50	   3.000000	  68.451494	   0.030000
  24.75	   0.50	   2.000000	  55.183963	   0.030243
  24.75	   0.50	   4.000000	  77.298385	   0.031045
  24.75	   1.00	   2.500000	  79.695443	   0.030110
  24.75	   1.00	   3.000000	  75.679470	   0.030000
  24.75	   1.00	   4.500000	  48.142202	   0.032231
  24.75	   1.00	   3.500000	  70.722251	   0.030273
  24.75	   1.00	   4.000000	  55.623978	   0.030726
  25.25	   0.50	   1.000000	  42.300052	   0.030356
  25.25	   0.50	   3.000000	  77.857860	   0.030043
  25.25	   0.50	   2.000000	  61.805848	   0.030152
  25.25	   0.50	   4.000000	  80.212428	   0.030168
  25.75	   0.50	   1.000000	  52.085957	   0.030283
  25.75	   0.50	   3.000000	  88.585548	   0.030570
  25.75	   0.50	   2.000000	  77.905824	   0.030292
  25.75	   0.50	   4.000000	  99.677487	   0.030270
  25.75	   1.00	   2.500000	  85.452748	   0.030308
  25.75	   1.00	   3.000000	  68.718139	   0.030392
  25.75	   1.00	   3.500000	  61.970786	   0.031091
  26.25	   0.50	   1.000000	  51.136491	   0.030334
  26.25	   0.50	   3.000000	  84.019255	   0.030120
  26.25	   0.50	   2.000000	  69.438479	   0.030231
  26.25	   0.50	   4.000000	  77.588833	   0.030260
  26.75	   0.50	   1.000000	  54.483160	   0.030405
  26.75	   0.50	   3.000000	  73.555836	   0.030275
  26.75	   0.50	   2.000000	  75.893795	   0.030229
  26.75	   0.50	   4.000000	  90.682993	   0.030371
  26.75	   1.00	   2.500000	  65.196611	   0.030472
  27.25	   0.50	   1.000000	  62.129278	   0.030210
  27.25	   0.50	   3.000000	  90.035429	   0.030374
  27.25	   0.50	   2.000000	  68.141922	   0.030354
  27.25	   0.50	   4.000000	  71.122705	   0.030663
  27.75	   0.50	   1.000000	  42.112433	   0.030207
  27.75	   0.50	   3.000000	  61.573489	   0.030164
  27.75	   0.50	   2.000000	  70.211677	   0.030438
  27.75	   0.50	   4.000000	  71.189363	   0.031419
  28.25	   0.50	   1.000000	  63.090333	   0.030334
  28.25	   0.50	   3.000000	  83.728802	   0.030121
  28.25	   0.50	   2.000000	  68.317007	   0.030059
  28.25	   0.50	   4.000000	  67.018280	   0.030301
  28.75	   0.50	   1.000000	  50.239549	   0.030107
  28.75	   0.50	   3.000000	  67.096842	   0.030151
  28.75	   0.50	   2.000000	  75.763197	   0.030442
  29.25	   0.50	   1.000000	  60.929726	   0.030335
  29.25	   0.50	   2.000000	  65.948193	   0.030446
  29.75	   0.50	   1.000000	  45.981507	   0.030327
