LR09.AMP
0.50
3
790
0
0
Error estimate for data present
Type of error estimate (0=same unit as data)
1
  -0.25	   0.50	   4.000000	  31.414408	   0.030565
  -0.25	   0.50	   1.000000	  58.843176	   0.030603
  -0.25	   0.50	   2.000000	  58.609889	   0.031507
  -0.25	   0.50	   3.000000	  45.793413	   0.030511
  -0.25	   1.00	   3.500000	  13.752855	   0.030440
  -0.25	   1.00	   2.500000	  14.417410	   0.030343
  -0.25	   1.00	   4.500000	  13.314579	   0.030371
  -0.25	   1.00	   4.000000	  14.856339	   0.030586
  -0.25	   1.00	   3.000000	  12.697971	   0.030132
  -0.25	   1.50	   3.666667	  13.051406	   0.030902
  -0.25	   1.50	   4.333333	  15.731491	   0.030740
  -0.25	   1.50	   4.000000	  13.598573	   0.030628
  -0.25	   1.50	   4.666667	  16.797993	   0.030615
  -0.25	   1.50	   3.333333	  15.603839	   0.030620
  -0.25	   2.00	   4.250000	  12.852597	   0.030485
  -0.25	   2.00	   4.750000	  11.922509	   0.043797
  -0.25	   2.00	   4.500000	  11.513921	   0.030390
  -0.25	   2.00	   3.750000	  13.773753	   0.031245
  -0.25	   2.00	   4.000000	  13.372269	   0.030000
  -0.25	   2.50	   4.200000	  11.853467	   0.030239
  -0.25	   2.50	   4.600000	  10.963649	   0.030541
  -0.25	   2.50	   4.800000	  10.240721	   0.030645
  -0.25	   2.50	   4.000000	  11.709024	   0.030358
  -0.25	   2.50	   4.400000	  11.632866	   0.044580
  -0.25	   3.00	   4.666667	   8.626561	   0.030685
  -0.25	   3.00	   4.500000	   8.789280	   0.031379
  -0.25	   3.00	   4.333333	   8.888642	   0.032482
  -0.25	   3.00	   4.833333	   8.564945	   0.033014
  -0.25	   3.00	   4.166667	   9.183501	   0.033510
  -0.25	   3.50	   4.285714	   7.900130	   0.051108
  -0.25	   3.50	   4.571429	   7.022699	   0.030466
  -0.25	   3.50	   4.714286	   7.189469	   0.064953
  -0.25	   3.50	   4.428571	   7.268323	   0.034570
  -0.25	   3.50	   4.857143	   6.554725	   0.031745
  -0.25	   4.00	   4.500000	   6.721270	   0.031603
  -0.25	   4.00	   4.750000	   6.730169	   0.032447
  -0.25	   4.00	   4.875000	   6.646416	   0.043217
  -0.25	   4.00	   4.375000	   6.740209	   0.030248
  -0.25	   4.00	   4.625000	   6.844332	   0.030562
  -0.25	   4.50	   4.444444	   6.328097	   0.030310
  -0.25	   4.50	   4.888889	   5.270475	   0.030945
  -0.25	   4.50	   4.555556	   6.009261	   0.032774
  -0.25	   4.50	   4.777778	   6.507307	   0.092348
  -0.25	   4.50	   4.666667	   5.779399	   0.033448
   0.25	   0.50	   1.000000	  45.374163	   0.032212
   0.25	   0.50	   3.000000	  32.763962	   0.030206
   0.25	   0.50	   2.000000	  42.309283	   0.030506
   0.25	   0.50	   4.000000	  20.418551	   0.030701
   0.75	   0.50	   1.000000	  52.000308	   0.030438
   0.75	   0.50	   3.000000	  33.411528	   0.030806
   0.75	   0.50	   2.000000	  49.712887	   0.030835
   0.75	   0.50	   4.000000	  25.414103	   0.030311
   0.75	   1.00	   2.500000	  20.619458	   0.030426
   0.75	   1.00	   3.000000	  19.397117	   0.030147
   0.75	   1.00	   4.500000	  17.984583	   0.030149
   0.75	   1.00	   3.500000	  16.146128	   0.030464
   0.75	   1.00	   4.000000	  17.064027	   0.030355
   0.75	   1.50	   3.333333	  14.119313	   0.030114
   0.75	   1.50	   3.666667	  16.190823	   0.030428
   0.75	   1.50	   4.000000	  17.077043	   0.030381
   0.75	   1.50	   4.333333	  16.432333	   0.031490
   0.75	   1.50	   4.666667	  14.237224	   0.030990
   0.75	   2.00	   3.750000	  13.005984	   0.030484
   0.75	   2.00	   4.000000	  11.511353	   0.030409
   0.75	   2.00	   4.250000	  12.089455	   0.032567
   0.75	   2.00	   4.500000	  11.772640	   0.031062
   0.75	   2.00	   4.750000	  12.397106	   0.037887
   0.75	   2.50	   4.000000	  12.303061	   0.035439
   0.75	   2.50	   4.200000	  11.353314	   0.030753
   0.75	   2.50	   4.400000	  10.661357	   0.030000
   0.75	   2.50	   4.600000	  10.172760	   0.031392
   0.75	   2.50	   4.800000	  10.087526	   0.042179
   0.75	   3.00	   4.166667	   9.776973	   0.031364
   0.75	   3.00	   4.333333	   9.741330	   0.030506
   0.75	   3.00	   4.500000	   9.409743	   0.030570
   0.75	   3.00	   4.666667	   9.200427	   0.031436
   0.75	   3.00	   4.833333	   9.709248	   0.049918
   0.75	   3.50	   4.285714	   8.445462	   0.030000
   0.75	   3.50	   4.428571	   8.327739	   0.044580
   0.75	   3.50	   4.571429	   7.704000	   0.031268
   0.75	   3.50	   4.714286	   7.560596	   0.030000
   0.75	   3.50	   4.857143	   8.120635	   0.052060
   0.75	   4.00	   4.375000	   8.470532	   0.030988
   0.75	   4.00	   4.500000	   8.114058	   0.033559
   0.75	   4.00	   4.625000	   7.918262	   0.049373
   0.75	   4.00	   4.750000	   7.880085	   0.094101
   0.75	   4.00	   4.875000	   8.274744	   0.046738
   0.75	   4.50	   4.444444	   7.463803	   0.030787
   0.75	   4.50	   4.555556	   7.059861	   0.031186
   0.75	   4.50	   4.666667	   6.676437	   0.033634
   0.75	   4.50	   4.777778	   6.086130	   0.063207
   1.25	   0.50	   1.000000	  58.346675	   0.030043
   1.25	   0.50	   3.000000	  38.209890	   0.030270
   1.25	   0.50	   2.000000	  48.315541	   0.030346
   1.25	   0.50	   4.000000	  29.233232	   0.030072
   1.25	   1.50	   3.333333	  17.115165	   0.030330
   1.25	   1.50	   3.666667	  17.916170	   0.030398
   1.25	   1.50	   4.000000	  16.571571	   0.030981
   1.25	   1.50	   4.333333	  14.605679	   0.030839
   1.25	   1.50	   4.666667	  13.928062	   0.030399
   1.75	   0.50	   1.000000	  55.758181	   0.030366
   1.75	   0.50	   3.000000	  44.470139	   0.030681
   1.75	   0.50	   2.000000	  52.905057	   0.030405
   1.75	   0.50	   4.000000	  34.077128	   0.030237
   1.75	   1.00	   2.500000	  26.511841	   0.030414
   1.75	   1.00	   3.000000	  23.463276	   0.030341
   1.75	   1.00	   4.500000	  14.646392	   0.030076
   1.75	   1.00	   3.500000	  23.115052	   0.030131
   1.75	   1.00	   4.000000	  16.556048	   0.030762
   1.75	   2.00	   3.750000	  15.040456	   0.031519
   1.75	   2.00	   4.000000	  14.371461	   0.030749
   1.75	   2.00	   4.250000	  14.484450	   0.030749
   1.75	   2.00	   4.500000	  14.832313	   0.030301
   1.75	   2.00	   4.750000	  14.685041	   0.032800
   2.25	   0.50	   1.000000	  58.143555	   0.030547
   2.25	   0.50	   3.000000	  52.776600	   0.030383
   2.25	   0.50	   2.000000	  63.991060	   0.030084
   2.25	   0.50	   4.000000	  46.852419	   0.030517
   2.25	   1.50	   3.333333	  22.801674	   0.033391
   2.25	   1.50	   3.666667	  19.136734	   0.030384
   2.25	   1.50	   4.000000	  17.971569	   0.030808
   2.25	   1.50	   4.333333	  17.213510	   0.030178
   2.25	   1.50	   4.666667	  14.903275	   0.031642
   2.25	   2.50	   4.000000	  16.527636	   0.030355
   2.25	   2.50	   4.200000	  15.568763	   0.030000
   2.25	   2.50	   4.400000	  15.282141	   0.043838
   2.25	   2.50	   4.600000	  14.268892	   0.030496
   2.25	   2.50	   4.800000	  14.430233	   0.032746
   2.75	   0.50	   1.000000	  54.457134	   0.030393
   2.75	   0.50	   3.000000	  58.623735	   0.032297
   2.75	   0.50	   2.000000	  59.323468	   0.030000
   2.75	   0.50	   4.000000	  43.082160	   0.030938
   2.75	   1.00	   2.500000	  40.443948	   0.030434
   2.75	   1.00	   3.000000	  28.078634	   0.031199
   2.75	   1.00	   4.500000	  29.364888	   0.030655
   2.75	   1.00	   3.500000	  23.521880	   0.030195
   2.75	   1.00	   4.000000	  24.913737	   0.030297
   2.75	   1.50	   3.333333	  23.082806	   0.030196
   2.75	   1.50	   3.666667	  21.762757	   0.030187
   2.75	   1.50	   4.000000	  20.652673	   0.030194
   2.75	   1.50	   4.333333	  17.831016	   0.031375
   2.75	   1.50	   4.666667	  17.817640	   0.031499
   2.75	   2.00	   3.750000	  21.276786	   0.030591
   2.75	   2.00	   4.000000	  21.873237	   0.030339
   2.75	   2.00	   4.250000	  21.129119	   0.034406
   2.75	   2.00	   4.500000	  20.304993	   0.031012
   2.75	   2.00	   4.750000	  19.386353	   0.031221
   2.75	   3.00	   4.166667	  16.552749	   0.048785
   2.75	   3.00	   4.333333	  15.195465	   0.030081
   2.75	   3.00	   4.500000	  14.080459	   0.030095
   2.75	   3.00	   4.666667	  13.891471	   0.030423
   2.75	   3.00	   4.833333	  13.766164	   0.030000
   3.25	   0.50	   1.000000	  62.688355	   0.030416
   3.25	   0.50	   3.000000	  65.118434	   0.031034
   3.25	   0.50	   2.000000	  80.038033	   0.030502
   3.25	   0.50	   4.000000	  45.929542	   0.030293
   3.25	   2.50	   4.000000	  20.962523	   0.030000
   3.25	   2.50	   4.200000	  20.052755	   0.030805
   3.25	   2.50	   4.400000	  20.197988	   0.031099
   3.25	   2.50	   4.600000	  19.121684	   0.030432
   3.25	   2.50	   4.800000	  19.254011	   0.033293
   3.25	   3.50	   4.285714	  14.887266	   0.032336
   3.25	   3.50	   4.428571	  14.545493	   0.032608
   3.25	   3.50	   4.571429	  14.152790	   0.030460
   3.25	   3.50	   4.714286	  13.827933	   0.040174
   3.25	   3.50	   4.857143	  13.315632	   0.032433
   3.75	   0.50	   1.000000	  60.248800	   0.030450
   3.75	   0.50	   3.000000	  48.050795	   0.030350
   3.75	   0.50	   2.000000	  63.178112	   0.030148
   3.75	   0.50	   4.000000	  59.990285	   0.033480
   3.75	   1.00	   2.500000	  36.340275	   0.030257
   3.75	   1.00	   3.000000	  37.934965	   0.031243
   3.75	   1.00	   4.500000	  30.146029	   0.030846
   3.75	   1.00	   3.500000	  45.315058	   0.030454
   3.75	   1.00	   4.000000	  39.805198	   0.030144
   3.75	   1.50	   3.333333	  31.577613	   0.030470
   3.75	   1.50	   3.666667	  26.858751	   0.030137
   3.75	   1.50	   4.000000	  26.892422	   0.030149
   3.75	   1.50	   4.333333	  27.583463	   0.032663
   3.75	   1.50	   4.666667	  28.024470	   0.030476
   3.75	   2.00	   3.750000	  28.206912	   0.030000
   3.75	   2.00	   4.000000	  27.694834	   0.030778
   3.75	   2.00	   4.250000	  26.375539	   0.030588
   3.75	   2.00	   4.500000	  24.708522	   0.030795
   3.75	   2.00	   4.750000	  23.620363	   0.031612
   3.75	   3.00	   4.166667	  18.111532	   0.030061
   3.75	   3.00	   4.333333	  17.611204	   0.031049
   3.75	   3.00	   4.500000	  16.401759	   0.051383
   3.75	   3.00	   4.666667	  15.559652	   0.031038
   3.75	   3.00	   4.833333	  15.909262	   0.034259
   3.75	   4.00	   4.375000	  11.893304	   0.033237
   3.75	   4.00	   4.500000	  11.178206	   0.030807
   3.75	   4.00	   4.625000	  10.530403	   0.032548
   3.75	   4.00	   4.750000	   9.700463	   0.033376
   3.75	   4.00	   4.875000	  10.062799	   0.030000
   4.25	   0.50	   1.000000	  59.240660	   0.030023
   4.25	   0.50	   3.000000	  71.472676	   0.030801
   4.25	   0.50	   2.000000	  54.494044	   0.030270
   4.25	   0.50	   4.000000	  48.543610	   0.030694
   4.25	   1.50	   3.333333	  28.403065	   0.030238
   4.25	   1.50	   3.666667	  28.438865	   0.030301
   4.25	   1.50	   4.000000	  29.000088	   0.030000
   4.25	   1.50	   4.333333	  29.823663	   0.030390
   4.25	   1.50	   4.666667	  31.649465	   0.030516
   4.25	   3.50	   4.285714	  15.553184	   0.030358
   4.25	   3.50	   4.428571	  14.423300	   0.030000
   4.25	   3.50	   4.571429	  14.143577	   0.031382
   4.25	   3.50	   4.714286	  14.126378	   0.039959
   4.25	   3.50	   4.857143	  13.750906	   0.037484
   4.75	   0.50	   1.000000	  48.982036	   0.030157
   4.75	   0.50	   3.000000	  53.776517	   0.030250
   4.75	   0.50	   2.000000	  75.088419	   0.030071
   4.75	   0.50	   4.000000	  49.134043	   0.030137
   4.75	   1.00	   2.500000	  57.420840	   0.030688
   4.75	   1.00	   3.000000	  50.947316	   0.030254
   4.75	   1.00	   4.500000	  35.651044	   0.030502
   4.75	   1.00	   3.500000	  38.237295	   0.030253
   4.75	   1.00	   4.000000	  39.162636	   0.030163
   4.75	   2.00	   3.750000	  32.157761	   0.030551
   4.75	   2.00	   4.000000	  30.133232	   0.030469
   4.75	   2.00	   4.250000	  28.544533	   0.030163
   4.75	   2.00	   4.500000	  27.111424	   0.030692
   4.75	   2.00	   4.750000	  26.229520	   0.033136
   4.75	   2.50	   4.000000	  25.514718	   0.030755
   4.75	   2.50	   4.200000	  25.161109	   0.030151
   4.75	   2.50	   4.400000	  25.001702	   0.040150
   4.75	   2.50	   4.600000	  22.521226	   0.030838
   4.75	   2.50	   4.800000	  20.503859	   0.033093
   4.75	   4.00	   4.375000	  11.789153	   0.031846
   4.75	   4.00	   4.500000	  10.769823	   0.032514
   4.75	   4.00	   4.625000	   9.708006	   0.037901
   5.25	   0.50	   1.000000	  51.469858	   0.030026
   5.25	   0.50	   3.000000	  43.989227	   0.030536
   5.25	   0.50	   2.000000	  44.365785	   0.030573
   5.25	   0.50	   4.000000	  39.482455	   0.030000
   5.25	   1.50	   3.333333	  33.755954	   0.030000
   5.25	   1.50	   3.666667	  34.473177	   0.030532
   5.25	   1.50	   4.000000	  36.494432	   0.030384
   5.25	   1.50	   4.333333	  35.150302	   0.034180
   5.25	   1.50	   4.666667	  34.594247	   0.030064
   5.75	   0.50	   1.000000	  32.700353	   0.030849
   5.75	   0.50	   3.000000	  39.806240	   0.030507
   5.75	   0.50	   2.000000	  41.674255	   0.030996
   5.75	   0.50	   4.000000	  56.166791	   0.031199
   5.75	   1.00	   2.500000	  52.787676	   0.030915
   5.75	   1.00	   3.000000	  53.979964	   0.030159
   5.75	   1.00	   4.500000	  36.737655	   0.030268
   5.75	   1.00	   3.500000	  48.491746	   0.030398
   5.75	   1.00	   4.000000	  37.315155	   0.030072
   5.75	   1.50	   3.333333	  37.144645	   0.030582
   5.75	   1.50	   3.666667	  39.289092	   0.030426
   5.75	   1.50	   4.000000	  37.751092	   0.033183
   5.75	   1.50	   4.333333	  36.944716	   0.030232
   5.75	   1.50	   4.666667	  35.126038	   0.030274
   5.75	   2.00	   3.750000	  29.531416	   0.030445
   5.75	   2.00	   4.000000	  28.084654	   0.030455
   5.75	   2.00	   4.250000	  27.338404	   0.036810
   5.75	   2.00	   4.500000	  27.403815	   0.030196
   5.75	   2.00	   4.750000	  26.828254	   0.030115
   5.75	   2.50	   4.000000	  25.552512	   0.037857
   5.75	   2.50	   4.200000	  23.277281	   0.031876
   5.75	   2.50	   4.400000	  21.098515	   0.032004
   5.75	   2.50	   4.600000	  20.118604	   0.031525
   5.75	   2.50	   4.800000	  18.790690	   0.034218
   5.75	   3.00	   4.166667	  19.379594	   0.041460
   5.75	   3.00	   4.333333	  19.116033	   0.030322
   5.75	   3.00	   4.500000	  18.671480	   0.031006
   5.75	   3.00	   4.666667	  17.751021	   0.031985
   5.75	   3.00	   4.833333	  17.093746	   0.041314
   6.25	   0.50	   1.000000	  49.702236	   0.031434
   6.25	   0.50	   3.000000	  93.132792	   0.030470
   6.25	   0.50	   2.000000	  60.088150	   0.030045
   6.25	   0.50	   4.000000	 101.091652	   0.030466
   6.75	   0.50	   1.000000	  43.220652	   0.030139
   6.75	   0.50	   3.000000	  92.925665	   0.031377
   6.75	   0.50	   2.000000	  82.532717	   0.030454
   6.75	   0.50	   4.000000	  61.101554	   0.030716
   6.75	   1.00	   2.500000	  50.548725	   0.030174
   6.75	   1.00	   3.000000	  37.787556	   0.030018
   6.75	   1.00	   4.500000	  34.663901	   0.033614
   6.75	   1.00	   3.500000	  36.606063	   0.030086
   6.75	   1.00	   4.000000	  33.236324	   0.030132
   6.75	   1.50	   3.333333	  36.480856	   0.031060
   6.75	   1.50	   3.666667	  35.999930	   0.030567
   6.75	   1.50	   4.000000	  34.322871	   0.030744
   6.75	   1.50	   4.333333	  32.906001	   0.030186
   6.75	   1.50	   4.666667	  30.177336	   0.030074
   6.75	   2.00	   3.750000	  30.468633	   0.031500
   6.75	   2.00	   4.000000	  30.925249	   0.030326
   6.75	   2.00	   4.250000	  30.214044	   0.030180
   6.75	   2.00	   4.500000	  28.746408	   0.030373
   6.75	   2.00	   4.750000	  29.108370	   0.031413
   6.75	   3.00	   4.166667	  21.144140	   0.031945
   6.75	   3.00	   4.333333	  20.120123	   0.032204
   6.75	   3.00	   4.500000	  18.679782	   0.041498
   6.75	   3.00	   4.666667	  18.281473	   0.032489
   6.75	   3.00	   4.833333	  17.688872	   0.031459
   6.75	   3.50	   4.285714	  16.010574	   0.032346
   6.75	   3.50	   4.428571	  14.867319	   0.032143
   6.75	   3.50	   4.571429	  13.868353	   0.031527
   6.75	   3.50	   4.714286	  12.670125	   0.032358
   6.75	   3.50	   4.857143	  11.907391	   0.034161
   7.25	   0.50	   1.000000	  51.377347	   0.030514
   7.25	   0.50	   3.000000	  44.829634	   0.031352
   7.25	   0.50	   2.000000	  66.503721	   0.030503
   7.25	   0.50	   4.000000	  46.930122	   0.030269
   7.25	   1.50	   3.333333	  41.160781	   0.030282
   7.25	   1.50	   3.666667	  39.223037	   0.030395
   7.25	   1.50	   4.000000	  37.342251	   0.030509
   7.25	   1.50	   4.333333	  34.236784	   0.030090
   7.25	   1.50	   4.666667	  32.768114	   0.030023
   7.25	   2.50	   4.000000	  25.668667	   0.030620
   7.25	   2.50	   4.200000	  23.341060	   0.030285
   7.25	   2.50	   4.400000	  22.818538	   0.031853
   7.25	   2.50	   4.600000	  22.498699	   0.030367
   7.25	   2.50	   4.800000	  22.826073	   0.031389
   7.75	   0.50	   1.000000	  56.254328	   0.032308
   7.75	   0.50	   3.000000	  49.457825	   0.032587
   7.75	   0.50	   2.000000	  44.362945	   0.031931
   7.75	   0.50	   4.000000	  62.242484	   0.030216
   7.75	   1.00	   2.500000	  46.198142	   0.030285
   7.75	   1.00	   3.000000	  41.657794	   0.030004
   7.75	   1.00	   4.500000	  45.104837	   0.030794
   7.75	   1.00	   3.500000	  43.299619	   0.030446
   7.75	   1.00	   4.000000	  47.271273	   0.030392
   7.75	   2.00	   3.750000	  36.279616	   0.030063
   7.75	   2.00	   4.000000	  34.780612	   0.030019
   7.75	   2.00	   4.250000	  34.688616	   0.030895
   7.75	   2.00	   4.500000	  33.086154	   0.030378
   7.75	   2.00	   4.750000	  29.801085	   0.030553
   7.75	   3.50	   4.285714	  14.733820	   0.030850
   7.75	   3.50	   4.428571	  13.443772	   0.033385
   7.75	   3.50	   4.571429	  12.465741	   0.031698
   7.75	   3.50	   4.714286	  12.683895	   0.046638
   8.25	   0.50	   1.000000	  39.255755	   0.033989
   8.25	   0.50	   3.000000	  72.153569	   0.030607
   8.25	   0.50	   2.000000	  50.345074	   0.031515
   8.25	   0.50	   4.000000	  50.133960	   0.036581
   8.25	   1.50	   3.333333	  45.674571	   0.030558
   8.25	   1.50	   3.666667	  41.776946	   0.030371
   8.25	   1.50	   4.000000	  39.816000	   0.030214
   8.25	   1.50	   4.333333	  38.190131	   0.030706
   8.25	   1.50	   4.666667	  38.768863	   0.030937
   8.25	   2.50	   4.000000	  25.623491	   0.031306
   8.25	   2.50	   4.200000	  25.349089	   0.030000
   8.25	   2.50	   4.400000	  25.607882	   0.030000
   8.25	   2.50	   4.600000	  25.010607	   0.030094
   8.25	   2.50	   4.800000	  23.338905	   0.031415
   8.75	   0.50	   1.000000	  48.384157	   0.030761
   8.75	   0.50	   3.000000	  59.173682	   0.030853
   8.75	   0.50	   2.000000	  77.187507	   0.031561
   8.75	   0.50	   4.000000	  63.470953	   0.033183
   8.75	   1.00	   2.500000	  50.880994	   0.030086
   8.75	   1.00	   3.000000	  54.752626	   0.030615
   8.75	   1.00	   4.500000	  49.429140	   0.030335
   8.75	   1.00	   3.500000	  51.893961	   0.031117
   8.75	   1.00	   4.000000	  51.772054	   0.030267
   8.75	   1.50	   3.333333	  42.021986	   0.030522
   8.75	   1.50	   3.666667	  39.910407	   0.030460
   8.75	   1.50	   4.000000	  38.387872	   0.030847
   8.75	   1.50	   4.333333	  39.047708	   0.030487
   8.75	   1.50	   4.666667	  38.204557	   0.030563
   8.75	   2.00	   3.750000	  36.930700	   0.032475
   8.75	   2.00	   4.000000	  35.381286	   0.030400
   8.75	   2.00	   4.250000	  31.790347	   0.030537
   8.75	   2.00	   4.500000	  29.843345	   0.030090
   8.75	   2.00	   4.750000	  26.075039	   0.030079
   8.75	   3.00	   4.166667	  19.801554	   0.031179
   8.75	   3.00	   4.333333	  19.092520	   0.031419
   8.75	   3.00	   4.500000	  18.394444	   0.030292
   8.75	   3.00	   4.666667	  17.052399	   0.030086
   8.75	   3.00	   4.833333	  15.467780	   0.031147
   9.25	   0.50	   1.000000	  45.342102	   0.030203
   9.25	   0.50	   3.000000	  50.305370	   0.031673
   9.25	   0.50	   2.000000	  42.540198	   0.030472
   9.25	   0.50	   4.000000	  46.948505	   0.030717
   9.75	   0.50	   1.000000	  35.128788	   0.030048
   9.75	   0.50	   3.000000	  49.733992	   0.030271
   9.75	   0.50	   2.000000	  51.449509	   0.030312
   9.75	   0.50	   4.000000	  47.442622	   0.030057
   9.75	   1.00	   2.500000	  51.852968	   0.030169
   9.75	   1.00	   3.000000	  52.275155	   0.030193
   9.75	   1.00	   4.500000	  43.899801	   0.030581
   9.75	   1.00	   3.500000	  49.779149	   0.030151
   9.75	   1.00	   4.000000	  47.074932	   0.030343
   9.75	   1.50	   3.333333	  35.751119	   0.030262
   9.75	   1.50	   3.666667	  36.575381	   0.030257
   9.75	   1.50	   4.000000	  35.961892	   0.030320
   9.75	   1.50	   4.333333	  35.752169	   0.030137
   9.75	   1.50	   4.666667	  34.773673	   0.035974
   9.75	   2.00	   3.750000	  30.679632	   0.030056
   9.75	   2.00	   4.000000	  28.736259	   0.030047
   9.75	   2.00	   4.250000	  25.347514	   0.030153
   9.75	   2.00	   4.500000	  24.015122	   0.030000
   9.75	   2.00	   4.750000	  25.735173	   0.037990
   9.75	   2.50	   4.000000	  24.485035	   0.030752
   9.75	   2.50	   4.200000	  23.113470	   0.030411
   9.75	   2.50	   4.400000	  20.904532	   0.036070
   9.75	   2.50	   4.600000	  20.538229	   0.030517
   9.75	   2.50	   4.800000	  20.171314	   0.030524
   9.75	   3.00	   4.166667	  18.191710	   0.031894
   9.75	   3.00	   4.333333	  16.930199	   0.030218
   9.75	   3.00	   4.500000	  15.415357	   0.030696
   9.75	   3.00	   4.666667	  13.745103	   0.031388
   9.75	   3.00	   4.833333	  12.924992	   0.033994
  10.25	   0.50	   1.000000	  40.121936	   0.030225
  10.25	   0.50	   3.000000	  44.955814	   0.031273
  10.25	   0.50	   2.000000	  43.595422	   0.030092
  10.25	   0.50	   4.000000	  56.693233	   0.030252
  10.25	   1.50	   3.333333	  36.863616	   0.030350
  10.25	   1.50	   3.666667	  35.937047	   0.030250
  10.25	   1.50	   4.000000	  35.610877	   0.030295
  10.25	   1.50	   4.333333	  35.184932	   0.030000
  10.25	   1.50	   4.666667	  34.635678	   0.030300
  10.75	   0.50	   1.000000	  27.492372	   0.030231
  10.75	   0.50	   3.000000	  44.632032	   0.030528
  10.75	   0.50	   2.000000	  32.951384	   0.030244
  10.75	   0.50	   4.000000	  40.920433	   0.030000
  10.75	   1.00	   2.500000	  44.974637	   0.030098
  10.75	   1.00	   3.000000	  42.705404	   0.030437
  10.75	   1.00	   4.500000	  34.203216	   0.030445
  10.75	   1.00	   3.500000	  39.964818	   0.030545
  10.75	   1.00	   4.000000	  35.922941	   0.030262
  10.75	   2.00	   3.750000	  25.049326	   0.030160
  10.75	   2.00	   4.000000	  23.780928	   0.030028
  10.75	   2.00	   4.250000	  25.341779	   0.033673
  10.75	   2.00	   4.500000	  25.373505	   0.030387
  10.75	   2.00	   4.750000	  25.124607	   0.032540
  10.75	   2.50	   4.000000	  21.814273	   0.036135
  10.75	   2.50	   4.200000	  21.372642	   0.030578
  10.75	   2.50	   4.400000	  20.986416	   0.030302
  10.75	   2.50	   4.600000	  20.235399	   0.030233
  10.75	   2.50	   4.800000	  19.631394	   0.031077
  11.25	   0.50	   1.000000	  27.023437	   0.030186
  11.25	   0.50	   3.000000	  42.508398	   0.031822
  11.25	   0.50	   2.000000	  43.789432	   0.030611
  11.25	   0.50	   4.000000	  47.600409	   0.030014
  11.25	   1.50	   3.333333	  35.437976	   0.030346
  11.25	   1.50	   3.666667	  35.030752	   0.033262
  11.25	   1.50	   4.000000	  34.987043	   0.030172
  11.25	   1.50	   4.333333	  32.688465	   0.030075
  11.25	   1.50	   4.666667	  30.820311	   0.030842
  11.75	   0.50	   1.000000	  30.621846	   0.030852
  11.75	   0.50	   3.000000	  42.775040	   0.030236
  11.75	   0.50	   2.000000	  35.253948	   0.031253
  11.75	   0.50	   4.000000	  44.717333	   0.030056
  11.75	   1.00	   2.500000	  40.321138	   0.030717
  11.75	   1.00	   3.000000	  36.188176	   0.030470
  11.75	   1.00	   4.500000	  34.939766	   0.030474
  11.75	   1.00	   3.500000	  34.187313	   0.030085
  11.75	   1.00	   4.000000	  36.420093	   0.030822
  11.75	   1.50	   3.333333	  37.027658	   0.030348
  11.75	   1.50	   3.666667	  36.963340	   0.030309
  11.75	   1.50	   4.000000	  34.563487	   0.030333
  11.75	   1.50	   4.333333	  32.816733	   0.030336
  11.75	   1.50	   4.666667	  27.322234	   0.030679
  11.75	   2.00	   3.750000	  28.513860	   0.032404
  11.75	   2.00	   4.000000	  28.801466	   0.030304
  11.75	   2.00	   4.250000	  28.279165	   0.030219
  11.75	   2.00	   4.500000	  26.464126	   0.030405
  11.75	   2.00	   4.750000	  23.670543	   0.036949
  11.75	   3.00	   4.166667	  15.380771	   0.030361
  11.75	   3.00	   4.333333	  14.000660	   0.031495
  11.75	   3.00	   4.500000	  12.453188	   0.051414
  12.25	   0.50	   1.000000	  29.100998	   0.030713
  12.25	   0.50	   3.000000	  46.608059	   0.031228
  12.25	   0.50	   2.000000	  41.378980	   0.030162
  12.25	   0.50	   4.000000	  44.558228	   0.030302
  12.25	   2.50	   4.000000	  24.224505	   0.030207
  12.25	   2.50	   4.200000	  23.506393	   0.034849
  12.25	   2.50	   4.400000	  22.142531	   0.030525
  12.25	   2.50	   4.600000	  20.262929	   0.030291
  12.25	   2.50	   4.800000	  17.860309	   0.032663
  12.75	   0.50	   1.000000	  32.284417	   0.030052
  12.75	   0.50	   3.000000	  47.574646	   0.030495
  12.75	   0.50	   2.000000	  45.839314	   0.030058
  12.75	   0.50	   4.000000	  45.936651	   0.030593
  12.75	   1.00	   2.500000	  39.322918	   0.030335
  12.75	   1.00	   3.000000	  41.841639	   0.030563
  12.75	   1.00	   4.500000	  41.871046	   0.030385
  12.75	   1.00	   3.500000	  40.683060	   0.030237
  12.75	   1.00	   4.000000	  39.775686	   0.030313
  12.75	   1.50	   3.333333	  39.744675	   0.030284
  12.75	   1.50	   3.666667	  37.886660	   0.030420
  12.75	   1.50	   4.000000	  31.578074	   0.030158
  12.75	   1.50	   4.333333	  28.822652	   0.030106
  12.75	   1.50	   4.666667	  30.618398	   0.030291
  12.75	   2.00	   3.750000	  32.584960	   0.033506
  12.75	   2.00	   4.000000	  30.264602	   0.030912
  12.75	   2.00	   4.250000	  27.075113	   0.032292
  12.75	   2.00	   4.500000	  26.656736	   0.030503
  12.75	   2.00	   4.750000	  26.227138	   0.030903
  12.75	   3.00	   4.166667	  14.385502	   0.036176
  13.25	   0.50	   1.000000	  40.095439	   0.030108
  13.25	   0.50	   3.000000	  46.660435	   0.031660
  13.25	   0.50	   2.000000	  47.186025	   0.030312
  13.25	   0.50	   4.000000	  45.348639	   0.030000
  13.25	   1.50	   3.333333	  38.786315	   0.030441
  13.25	   1.50	   3.666667	  32.239442	   0.030114
  13.25	   1.50	   4.000000	  29.478696	   0.030356
  13.25	   1.50	   4.333333	  31.289214	   0.030215
  13.25	   1.50	   4.666667	  31.038179	   0.032869
  13.25	   2.50	   4.000000	  25.289715	   0.030695
  13.25	   2.50	   4.200000	  23.144352	   0.031805
  13.25	   2.50	   4.400000	  20.056743	   0.030000
  13.25	   2.50	   4.600000	  18.227376	   0.031230
  13.25	   2.50	   4.800000	  17.356401	   0.033041
  13.75	   0.50	   1.000000	  43.477835	   0.030269
  13.75	   0.50	   3.000000	  51.138635	   0.030395
  13.75	   0.50	   2.000000	  50.507850	   0.030715
  13.75	   0.50	   4.000000	  41.848927	   0.030161
  13.75	   1.00	   2.500000	  42.620791	   0.031546
  13.75	   1.00	   3.000000	  42.615531	   0.031264
  13.75	   1.00	   4.500000	  42.054473	   0.030447
  13.75	   1.00	   3.500000	  44.918742	   0.031075
  13.75	   1.00	   4.000000	  42.714092	   0.030252
  13.75	   2.00	   3.750000	  30.323239	   0.030753
  13.75	   2.00	   4.000000	  29.961409	   0.030629
  13.75	   2.00	   4.250000	  29.349955	   0.030343
  13.75	   2.00	   4.500000	  28.871448	   0.030804
  13.75	   2.00	   4.750000	  28.203688	   0.031277
  14.25	   0.50	   1.000000	  39.383993	   0.030952
  14.25	   0.50	   3.000000	  40.182397	   0.030503
  14.25	   0.50	   2.000000	  46.457305	   0.030951
  14.25	   0.50	   4.000000	  45.441406	   0.030681
  14.25	   1.50	   3.333333	  32.595273	   0.030257
  14.25	   1.50	   3.666667	  34.391258	   0.030154
  14.25	   1.50	   4.000000	  38.147576	   0.030000
  14.25	   1.50	   4.333333	  38.263799	   0.030160
  14.25	   1.50	   4.666667	  36.158745	   0.030821
  14.75	   0.50	   1.000000	  46.903055	   0.030314
  14.75	   0.50	   3.000000	  52.602802	   0.030192
  14.75	   0.50	   2.000000	  44.962011	   0.030149
  14.75	   0.50	   4.000000	  52.806811	   0.030618
  14.75	   1.00	   2.500000	  50.778519	   0.030173
  14.75	   1.00	   3.000000	  48.328523	   0.030602
  14.75	   1.00	   4.500000	  39.130730	   0.030400
  14.75	   1.00	   3.500000	  47.484870	   0.030519
  14.75	   1.00	   4.000000	  48.804138	   0.030552
  14.75	   1.50	   3.333333	  36.099842	   0.030250
  14.75	   1.50	   3.666667	  39.820787	   0.030000
  14.75	   1.50	   4.000000	  40.356327	   0.030397
  14.75	   1.50	   4.333333	  38.284391	   0.031919
  14.75	   1.50	   4.666667	  32.863956	   0.035418
  14.75	   2.00	   3.750000	  31.711006	   0.030902
  14.75	   2.00	   4.000000	  31.375040	   0.030257
  14.75	   2.00	   4.250000	  30.369208	   0.030715
  14.75	   2.00	   4.500000	  28.963017	   0.030586
  14.75	   2.00	   4.750000	  27.466485	   0.030300
  14.75	   2.50	   4.000000	  21.513814	   0.030234
  14.75	   2.50	   4.200000	  19.685522	   0.031158
  14.75	   2.50	   4.400000	  16.710963	   0.030190
  14.75	   2.50	   4.600000	  15.963366	   0.030000
  15.25	   0.50	   1.000000	  40.284716	   0.030174
  15.25	   0.50	   3.000000	  59.247486	   0.030114
  15.25	   0.50	   2.000000	  55.281439	   0.030460
  15.25	   0.50	   4.000000	  46.977076	   0.030287
  15.75	   0.50	   1.000000	  44.896235	   0.030030
  15.75	   0.50	   3.000000	  48.886442	   0.030413
  15.75	   0.50	   2.000000	  60.070169	   0.030334
  15.75	   0.50	   4.000000	  53.262270	   0.030759
  15.75	   1.00	   2.500000	  48.949472	   0.030449
  15.75	   1.00	   3.000000	  50.827729	   0.030530
  15.75	   1.00	   4.500000	  34.431239	   0.030273
  15.75	   1.00	   3.500000	  40.472092	   0.030329
  15.75	   1.00	   4.000000	  33.448130	   0.030292
  15.75	   1.50	   3.333333	  44.129837	   0.030468
  15.75	   1.50	   3.666667	  42.013816	   0.030777
  15.75	   1.50	   4.000000	  35.782826	   0.030560
  15.75	   1.50	   4.333333	  35.403764	   0.030242
  15.75	   1.50	   4.666667	  34.943530	   0.030828
  15.75	   2.00	   3.750000	  35.247031	   0.030422
  15.75	   2.00	   4.000000	  33.610675	   0.030501
  15.75	   2.00	   4.250000	  31.853949	   0.030536
  15.75	   2.00	   4.500000	  27.586322	   0.030550
  15.75	   2.00	   4.750000	  24.356839	   0.030465
  15.75	   2.50	   4.000000	  18.450225	   0.030817
  15.75	   2.50	   4.200000	  17.542486	   0.036497
  16.25	   0.50	   1.000000	  52.187217	   0.030282
  16.25	   0.50	   3.000000	  54.747862	   0.030492
  16.25	   0.50	   2.000000	  47.803072	   0.030252
  16.25	   0.50	   4.000000	  53.759945	   0.030538
  16.25	   1.50	   3.333333	  44.509741	   0.030000
  16.25	   1.50	   3.666667	  38.193330	   0.031282
  16.25	   1.50	   4.000000	  37.683007	   0.030438
  16.25	   1.50	   4.333333	  37.345555	   0.030771
  16.25	   1.50	   4.666667	  37.185551	   0.030120
  16.75	   0.50	   1.000000	  43.193683	   0.030108
  16.75	   0.50	   3.000000	  63.137649	   0.030320
  16.75	   0.50	   2.000000	  60.892582	   0.030264
  16.75	   0.50	   4.000000	  53.343219	   0.030884
  16.75	   1.00	   2.500000	  48.231958	   0.030333
  16.75	   1.00	   3.000000	  39.630633	   0.030217
  16.75	   1.00	   4.500000	  52.128739	   0.030343
  16.75	   1.00	   3.500000	  40.558947	   0.030316
  16.75	   1.00	   4.000000	  46.540659	   0.030253
  16.75	   2.00	   3.750000	  36.503601	   0.030533
  16.75	   2.00	   4.000000	  31.693465	   0.030701
  16.75	   2.00	   4.250000	  28.023120	   0.030802
  16.75	   2.00	   4.500000	  25.076693	   0.030534
  16.75	   2.00	   4.750000	  21.082722	   0.031953
  17.25	   0.50	   1.000000	  42.680737	   0.030455
  17.25	   0.50	   3.000000	  49.398307	   0.030613
  17.25	   0.50	   2.000000	  54.043562	   0.030322
  17.25	   0.50	   4.000000	  63.050183	   0.030416
  17.25	   1.50	   3.333333	  41.379502	   0.030413
  17.25	   1.50	   3.666667	  41.194315	   0.031189
  17.25	   1.50	   4.000000	  41.164870	   0.030620
  17.25	   1.50	   4.333333	  41.631706	   0.030383
  17.25	   1.50	   4.666667	  40.132955	   0.030480
  17.75	   0.50	   1.000000	  42.296735	   0.030641
  17.75	   0.50	   3.000000	  60.023620	   0.030337
  17.75	   0.50	   2.000000	  44.794498	   0.030598
  17.75	   0.50	   4.000000	  51.078442	   0.030346
  17.75	   1.00	   2.500000	  41.458804	   0.030318
  17.75	   1.00	   3.000000	  48.086506	   0.030420
  17.75	   1.00	   4.500000	  42.345901	   0.030845
  17.75	   1.00	   3.500000	  53.977641	   0.031253
  17.75	   1.00	   4.000000	  50.821538	   0.030603
  17.75	   1.50	   3.333333	  43.917372	   0.030293
  17.75	   1.50	   3.666667	  43.948378	   0.030167
  17.75	   1.50	   4.000000	  44.572775	   0.030449
  17.75	   1.50	   4.333333	  43.211227	   0.030383
  17.75	   1.50	   4.666667	  40.565790	   0.030732
  17.75	   2.00	   3.750000	  31.120727	   0.030661
  17.75	   2.00	   4.000000	  27.830963	   0.030145
  17.75	   2.00	   4.250000	  23.042546	   0.030505
  17.75	   2.00	   4.500000	  21.694317	   0.030618
  17.75	   2.00	   4.750000	  21.925784	   0.030000
  18.25	   0.50	   1.000000	  38.752512	   0.030596
  18.25	   0.50	   3.000000	  54.247907	   0.030497
  18.25	   0.50	   2.000000	  60.193199	   0.030689
  18.25	   0.50	   4.000000	  43.370695	   0.030186
  18.75	   0.50	   1.000000	  46.373077	   0.030505
  18.75	   0.50	   3.000000	  43.608305	   0.030540
  18.75	   0.50	   2.000000	  50.463372	   0.030371
  18.75	   0.50	   4.000000	  41.544394	   0.030041
  18.75	   1.00	   2.500000	  55.684957	   0.030000
  18.75	   1.00	   3.000000	  53.405114	   0.030000
  18.75	   1.00	   4.500000	  44.920344	   0.030339
  18.75	   1.00	   3.500000	  44.611313	   0.030433
  18.75	   1.00	   4.000000	  45.168674	   0.030402
  18.75	   1.50	   3.333333	  51.583028	   0.030344
  18.75	   1.50	   3.666667	  50.331999	   0.030349
  18.75	   1.50	   4.000000	  47.295065	   0.030847
  18.75	   1.50	   4.333333	  44.083101	   0.030403
  18.75	   1.50	   4.666667	  39.251355	   0.030624
  18.75	   2.00	   3.750000	  27.371231	   0.030376
  18.75	   2.00	   4.000000	  25.650065	   0.030210
  18.75	   2.00	   4.250000	  25.429543	   0.031220
  19.25	   0.50	   1.000000	  34.845582	   0.030826
  19.25	   0.50	   3.000000	  38.008769	   0.030974
  19.25	   0.50	   2.000000	  37.011393	   0.030217
  19.25	   0.50	   4.000000	  45.234363	   0.030595
  19.25	   1.50	   3.333333	  52.166215	   0.030396
  19.25	   1.50	   3.666667	  49.516284	   0.030659
  19.25	   1.50	   4.000000	  46.031336	   0.030391
  19.25	   1.50	   4.333333	  41.030666	   0.030284
  19.25	   1.50	   4.666667	  35.641572	   0.030125
  19.75	   0.50	   1.000000	  35.552061	   0.030659
  19.75	   0.50	   3.000000	  53.943168	   0.030250
  19.75	   0.50	   2.000000	  43.856628	   0.030214
  19.75	   0.50	   4.000000	  65.013441	   0.030060
  19.75	   1.00	   2.500000	  51.051788	   0.030516
  19.75	   1.00	   3.000000	  51.762397	   0.030390
  19.75	   1.00	   4.500000	  54.731092	   0.030311
  19.75	   1.00	   3.500000	  52.932382	   0.030730
  19.75	   1.00	   4.000000	  53.455324	   0.030365
  19.75	   2.00	   3.750000	  24.151967	   0.030946
  20.25	   0.50	   1.000000	  30.274759	   0.030365
  20.25	   0.50	   3.000000	  53.788420	   0.030313
  20.25	   0.50	   2.000000	  43.514983	   0.030185
  20.25	   0.50	   4.000000	  60.818792	   0.030111
  20.25	   1.50	   3.333333	  41.604612	   0.030434
  20.25	   1.50	   3.666667	  37.219771	   0.030537
  20.25	   1.50	   4.000000	  32.570970	   0.030277
  20.25	   1.50	   4.333333	  25.353775	   0.030048
  20.25	   1.50	   4.666667	  24.078515	   0.030308
  20.75	   0.50	   1.000000	  32.448615	   0.030650
  20.75	   0.50	   3.000000	  47.008027	   0.030215
  20.75	   0.50	   2.000000	  42.730424	   0.030219
  20.75	   0.50	   4.000000	  37.601658	   0.030895
  20.75	   1.00	   2.500000	  40.617846	   0.030000
  20.75	   1.00	   3.000000	  42.034525	   0.030188
  20.75	   1.00	   4.500000	  44.428571	   0.030252
  20.75	   1.00	   3.500000	  43.332632	   0.030123
  20.75	   1.00	   4.000000	  45.600617	   0.030140
  20.75	   1.50	   3.333333	  38.912895	   0.030381
  20.75	   1.50	   3.666667	  33.918493	   0.030313
  20.75	   1.50	   4.000000	  25.978081	   0.030193
  20.75	   1.50	   4.333333	  24.553833	   0.030150
  20.75	   1.50	   4.666667	  24.063305	   0.030031
  21.25	   0.50	   1.000000	  36.386304	   0.030349
  21.25	   0.50	   3.000000	  36.189870	   0.030465
  21.25	   0.50	   2.000000	  43.275542	   0.030526
  21.25	   0.50	   4.000000	  40.084831	   0.030050
  21.75	   0.50	   1.000000	  37.349490	   0.030475
  21.75	   0.50	   3.000000	  44.263015	   0.030152
  21.75	   0.50	   2.000000	  36.920541	   0.030145
  21.75	   0.50	   4.000000	  46.643770	   0.030577
  21.75	   1.00	   2.500000	  55.880591	   0.030393
  21.75	   1.00	   3.000000	  60.274676	   0.030444
  21.75	   1.00	   4.500000	  53.435411	   0.030511
  21.75	   1.00	   3.500000	  59.743767	   0.030417
  21.75	   1.00	   4.000000	  53.367027	   0.030000
  21.75	   1.50	   3.333333	  37.875390	   0.030196
  21.75	   1.50	   3.666667	  34.831430	   0.030129
  21.75	   1.50	   4.000000	  33.943546	   0.030398
  21.75	   1.50	   4.333333	  30.717555	   0.030000
  22.25	   0.50	   1.000000	  32.115484	   0.030198
  22.25	   0.50	   3.000000	  51.871912	   0.030260
  22.25	   0.50	   2.000000	  45.884740	   0.030175
  22.25	   0.50	   4.000000	  55.655139	   0.030330
  22.25	   1.50	   3.333333	  36.306706	   0.030151
  22.25	   1.50	   3.666667	  35.127954	   0.030174
  22.25	   1.50	   4.000000	  31.648047	   0.031898
  22.75	   0.50	   1.000000	  40.820608	   0.030492
  22.75	   0.50	   3.000000	  66.673067	   0.030454
  22.75	   0.50	   2.000000	  57.564129	   0.030395
  22.75	   0.50	   4.000000	  69.579970	   0.030677
  22.75	   1.00	   2.500000	  74.627530	   0.030353
  22.75	   1.00	   3.000000	  68.499109	   0.030983
  22.75	   1.00	   4.500000	  42.560793	   0.030095
  22.75	   1.00	   3.500000	  69.431754	   0.030366
  22.75	   1.00	   4.000000	  63.813784	   0.031477
  23.25	   0.50	   1.000000	  37.353750	   0.030242
  23.25	   0.50	   3.000000	  55.923959	   0.030482
  23.25	   0.50	   2.000000	  52.220815	   0.030333
  23.25	   0.50	   4.000000	  64.732145	   0.030268
  23.25	   1.50	   3.333333	  32.079092	   0.030804
  23.75	   0.50	   1.000000	  44.425646	   0.030565
  23.75	   0.50	   3.000000	  68.661003	   0.030000
  23.75	   0.50	   2.000000	  54.923706	   0.030024
  23.75	   0.50	   4.000000	  79.888646	   0.030169
  23.75	   1.00	   2.500000	  78.453310	   0.030448
  23.75	   1.00	   3.000000	  72.932079	   0.030277
  23.75	   1.00	   4.500000	  40.596870	   0.030319
  23.75	   1.00	   3.500000	  48.516860	   0.030040
  23.75	   1.00	   4.000000	  41.078894	   0.030221
  24.25	   0.50	   1.000000	  39.854583	   0.030126
  24.25	   0.50	   3.000000	  77.393615	   0.030435
  24.25	   0.50	   2.000000	  60.261339	   0.030333
  24.25	   0.50	   4.000000	  75.854268	   0.030129
  24.75	   0.50	   1.000000	  43.372547	   0.030540
  24.75	   0.50	   3.000000	  72.705903	   0.030046
  24.75	   0.50	   2.000000	  67.535288	   0.030297
  24.75	   0.50	   4.000000	  77.579311	   0.030087
  24.75	   1.00	   2.500000	  58.718872	   0.030224
  24.75	   1.00	   3.000000	  48.769034	   0.030231
  24.75	   1.00	   4.500000	  31.132969	   0.030000
  24.75	   1.00	   3.500000	  47.041368	   0.030093
  24.75	   1.00	   4.000000	  39.864455	   0.030017
  25.25	   0.50	   1.000000	  52.713412	   0.030216
  25.25	   0.50	   3.000000	  78.124505	   0.030733
  25.25	   0.50	   2.000000	  67.486078	   0.030178
  25.25	   0.50	   4.000000	 101.610663	   0.030133
  25.75	   0.50	   1.000000	  46.152094	   0.030377
  25.75	   0.50	   3.000000	  96.694404	   0.030313
  25.75	   0.50	   2.000000	  67.697120	   0.030514
  25.75	   0.50	   4.000000	  68.603860	   0.030393
  25.75	   1.00	   2.500000	  52.691409	   0.030000
  25.75	   1.00	   3.000000	  44.392127	   0.030038
  25.75	   1.00	   3.500000	  33.051996	   0.030000
  26.25	   0.50	   1.000000	  52.817989	   0.030545
  26.25	   0.50	   3.000000	  72.458307	   0.030232
  26.25	   0.50	   2.000000	  91.189339	   0.030367
  26.25	   0.50	   4.000000	  56.504858	   0.031073
  26.75	   0.50	   1.000000	  62.157905	   0.030022
  26.75	   0.50	   3.000000	  52.807547	   0.030191
  26.75	   0.50	   2.000000	  62.336770	   0.030043
  26.75	   0.50	   4.000000	  53.390233	   0.030255
  26.75	   1.00	   2.500000	  32.339012	   0.030272
  27.25	   0.50	   1.000000	  47.213232	   0.030092
  27.25	   0.50	   3.000000	  52.957537	   0.030127
  27.25	   0.50	   2.000000	  48.685108	   0.030137
  27.25	   0.50	   4.000000	  51.796923	   0.030062
  27.75	   0.50	   1.000000	  45.837184	   0.030620
  27.75	   0.50	   3.000000	  63.030510	   0.030053
  27.75	   0.50	   2.000000	  59.137975	   0.030317
  27.75	   0.50	   4.000000	  44.772495	   0.030752
  28.25	   0.50	   1.000000	  43.133350	   0.030380
  28.25	   0.50	   3.000000	  40.584747	   0.031244
  28.25	   0.50	   2.000000	  55.795329	   0.030192
  28.25	   0.50	   4.000000	  31.559300	   0.031707
  28.75	   0.50	   1.000000	  47.321594	   0.030247
  28.75	   0.50	   3.000000	  34.599526	   0.030292
  28.75	   0.50	   2.000000	  41.743338	   0.030192
  29.25	   0.50	   1.000000	  46.400517	   0.030361
  29.25	   0.50	   2.000000	  45.799564	   0.030117
  29.75	   0.50	   1.000000	  40.058295	   0.030084
