LR06.AMP
0.50
3
790
0
0
Error estimate for data present
Type of error estimate (0=same unit as data)
1
  -0.25	   0.50	   4.000000	  14.989208	   0.030559
  -0.25	   0.50	   1.000000	  34.186659	   0.030793
  -0.25	   0.50	   2.000000	  26.476188	   0.030303
  -0.25	   0.50	   3.000000	  20.536533	   0.030583
  -0.25	   1.00	   3.500000	  12.088609	   0.030260
  -0.25	   1.00	   2.500000	  17.167268	   0.030378
  -0.25	   1.00	   4.500000	  16.346898	   0.030632
  -0.25	   1.00	   4.000000	  13.416558	   0.030674
  -0.25	   1.00	   3.000000	  14.037684	   0.030322
  -0.25	   1.50	   3.666667	  15.555759	   0.030652
  -0.25	   1.50	   4.333333	  14.363441	   0.030683
  -0.25	   1.50	   4.000000	  16.186697	   0.030931
  -0.25	   1.50	   4.666667	  12.998820	   0.030738
  -0.25	   1.50	   3.333333	  17.406072	   0.030667
  -0.25	   2.00	   4.250000	  11.883202	   0.031376
  -0.25	   2.00	   4.750000	  10.929247	   0.033013
  -0.25	   2.00	   4.500000	  11.348811	   0.032137
  -0.25	   2.00	   3.750000	  12.303712	   0.030093
  -0.25	   2.00	   4.000000	  11.745617	   0.031255
  -0.25	   2.50	   4.200000	   9.590477	   0.030000
  -0.25	   2.50	   4.600000	   7.852150	   0.030604
  -0.25	   2.50	   4.800000	   7.513100	   0.031934
  -0.25	   2.50	   4.000000	  10.475062	   0.032318
  -0.25	   2.50	   4.400000	   8.934119	   0.031069
  -0.25	   3.00	   4.666667	   7.861403	   0.030188
  -0.25	   3.00	   4.500000	   7.887205	   0.032050
  -0.25	   3.00	   4.333333	   8.050564	   0.030457
  -0.25	   3.00	   4.833333	   7.279291	   0.032881
  -0.25	   3.00	   4.166667	   7.965113	   0.032093
  -0.25	   3.50	   4.285714	   6.951325	   0.032601
  -0.25	   3.50	   4.571429	   6.746370	   0.030242
  -0.25	   3.50	   4.714286	   6.608490	   0.030267
  -0.25	   3.50	   4.428571	   6.733448	   0.031570
  -0.25	   3.50	   4.857143	   6.708351	   0.033409
  -0.25	   4.00	   4.500000	   6.488845	   0.032491
  -0.25	   4.00	   4.750000	   5.837956	   0.033173
  -0.25	   4.00	   4.875000	   5.745530	   0.030000
  -0.25	   4.00	   4.375000	   7.005320	   0.030717
  -0.25	   4.00	   4.625000	   6.259230	   0.031845
  -0.25	   4.50	   4.444444	   5.300422	   0.031848
  -0.25	   4.50	   4.888889	   4.616950	   0.038094
  -0.25	   4.50	   4.555556	   5.129533	   0.033656
  -0.25	   4.50	   4.777778	   4.682853	   0.034015
  -0.25	   4.50	   4.666667	   4.896283	   0.031357
   0.25	   0.50	   1.000000	  35.291094	   0.031621
   0.25	   0.50	   3.000000	  23.077026	   0.030492
   0.25	   0.50	   2.000000	  31.236526	   0.030771
   0.25	   0.50	   4.000000	  18.673523	   0.030595
   0.75	   0.50	   1.000000	  26.382495	   0.031116
   0.75	   0.50	   3.000000	  20.543374	   0.030188
   0.75	   0.50	   2.000000	  23.201681	   0.030115
   0.75	   0.50	   4.000000	  21.672733	   0.030505
   0.75	   1.00	   2.500000	  14.802175	   0.030089
   0.75	   1.00	   3.000000	  14.476770	   0.030012
   0.75	   1.00	   4.500000	  16.725586	   0.030669
   0.75	   1.00	   3.500000	  16.758278	   0.031730
   0.75	   1.00	   4.000000	  20.384876	   0.030033
   0.75	   1.50	   3.333333	  16.881504	   0.030382
   0.75	   1.50	   3.666667	  14.691764	   0.030222
   0.75	   1.50	   4.000000	  13.435242	   0.030410
   0.75	   1.50	   4.333333	  13.590799	   0.031127
   0.75	   1.50	   4.666667	  13.051445	   0.031364
   0.75	   2.00	   3.750000	  12.858414	   0.030978
   0.75	   2.00	   4.000000	  12.271478	   0.031316
   0.75	   2.00	   4.250000	  11.848871	   0.031112
   0.75	   2.00	   4.500000	  11.903362	   0.030825
   0.75	   2.00	   4.750000	  11.592222	   0.036659
   0.75	   2.50	   4.000000	   9.452483	   0.030354
   0.75	   2.50	   4.200000	   8.391288	   0.030339
   0.75	   2.50	   4.400000	   7.945573	   0.030798
   0.75	   2.50	   4.600000	   8.074638	   0.030146
   0.75	   2.50	   4.800000	   8.542497	   0.039433
   0.75	   3.00	   4.166667	   8.972837	   0.030867
   0.75	   3.00	   4.333333	   8.905314	   0.032213
   0.75	   3.00	   4.500000	   8.124946	   0.043217
   0.75	   3.00	   4.666667	   7.712871	   0.031903
   0.75	   3.00	   4.833333	   7.938659	   0.043616
   0.75	   3.50	   4.285714	   7.919219	   0.030878
   0.75	   3.50	   4.428571	   7.545762	   0.030804
   0.75	   3.50	   4.571429	   7.972404	   0.038175
   0.75	   3.50	   4.714286	   7.876427	   0.030223
   0.75	   3.50	   4.857143	   8.347032	   0.046896
   0.75	   4.00	   4.375000	   7.097636	   0.031179
   0.75	   4.00	   4.500000	   6.544336	   0.034964
   0.75	   4.00	   4.625000	   6.352124	   0.033319
   0.75	   4.00	   4.750000	   6.216575	   0.037573
   0.75	   4.00	   4.875000	   6.098408	   0.042617
   0.75	   4.50	   4.444444	   5.714539	   0.039597
   0.75	   4.50	   4.555556	   5.367449	   0.037412
   0.75	   4.50	   4.666667	   5.107529	   0.034750
   0.75	   4.50	   4.777778	   5.099708	   0.037332
   1.25	   0.50	   1.000000	  24.734831	   0.030541
   1.25	   0.50	   3.000000	  28.277779	   0.030619
   1.25	   0.50	   2.000000	  26.372085	   0.030203
   1.25	   0.50	   4.000000	  24.864951	   0.030054
   1.25	   1.50	   3.333333	  15.099114	   0.030278
   1.25	   1.50	   3.666667	  13.786040	   0.030355
   1.25	   1.50	   4.000000	  13.866583	   0.030289
   1.25	   1.50	   4.333333	  13.329062	   0.030322
   1.25	   1.50	   4.666667	  13.129063	   0.030904
   1.75	   0.50	   1.000000	  44.578957	   0.030368
   1.75	   0.50	   3.000000	  50.495835	   0.030267
   1.75	   0.50	   2.000000	  54.451454	   0.030492
   1.75	   0.50	   4.000000	  30.478549	   0.030066
   1.75	   1.00	   2.500000	  25.358206	   0.030346
   1.75	   1.00	   3.000000	  28.787189	   0.030222
   1.75	   1.00	   4.500000	  20.315039	   0.030330
   1.75	   1.00	   3.500000	  22.475699	   0.030215
   1.75	   1.00	   4.000000	  18.150192	   0.030074
   1.75	   2.00	   3.750000	  14.380611	   0.031074
   1.75	   2.00	   4.000000	  14.528532	   0.030556
   1.75	   2.00	   4.250000	  13.836932	   0.030280
   1.75	   2.00	   4.500000	  12.563923	   0.030355
   1.75	   2.00	   4.750000	  11.670090	   0.032822
   2.25	   0.50	   1.000000	  50.660932	   0.030363
   2.25	   0.50	   3.000000	  37.624002	   0.030373
   2.25	   0.50	   2.000000	  59.067948	   0.030045
   2.25	   0.50	   4.000000	  29.147850	   0.030202
   2.25	   1.50	   3.333333	  16.628571	   0.030330
   2.25	   1.50	   3.666667	  15.847572	   0.030129
   2.25	   1.50	   4.000000	  15.677575	   0.030192
   2.25	   1.50	   4.333333	  15.842860	   0.030464
   2.25	   1.50	   4.666667	  15.095748	   0.030000
   2.25	   2.50	   4.000000	  11.072503	   0.031361
   2.25	   2.50	   4.200000	  11.084100	   0.031371
   2.25	   2.50	   4.400000	  11.267437	   0.031032
   2.25	   2.50	   4.600000	  11.450820	   0.030412
   2.25	   2.50	   4.800000	  11.384079	   0.032901
   2.75	   0.50	   1.000000	  49.296002	   0.030136
   2.75	   0.50	   3.000000	  32.333046	   0.030729
   2.75	   0.50	   2.000000	  39.558126	   0.030440
   2.75	   0.50	   4.000000	  25.593125	   0.032368
   2.75	   1.00	   2.500000	  30.690075	   0.030143
   2.75	   1.00	   3.000000	  22.044943	   0.030313
   2.75	   1.00	   4.500000	  16.999144	   0.030210
   2.75	   1.00	   3.500000	  24.363065	   0.030447
   2.75	   1.00	   4.000000	  18.968387	   0.030177
   2.75	   1.50	   3.333333	  17.547477	   0.030257
   2.75	   1.50	   3.666667	  17.383841	   0.030164
   2.75	   1.50	   4.000000	  17.562168	   0.030741
   2.75	   1.50	   4.333333	  16.873338	   0.030145
   2.75	   1.50	   4.666667	  16.830101	   0.030132
   2.75	   2.00	   3.750000	  16.603462	   0.030310
   2.75	   2.00	   4.000000	  15.024017	   0.030582
   2.75	   2.00	   4.250000	  13.810066	   0.031123
   2.75	   2.00	   4.500000	  11.996194	   0.031191
   2.75	   2.00	   4.750000	  11.320774	   0.031818
   2.75	   3.00	   4.166667	  12.371747	   0.030449
   2.75	   3.00	   4.333333	  12.302501	   0.030701
   2.75	   3.00	   4.500000	  12.028304	   0.030446
   2.75	   3.00	   4.666667	  11.920173	   0.030616
   2.75	   3.00	   4.833333	  12.307498	   0.030000
   3.25	   0.50	   1.000000	  36.761311	   0.030282
   3.25	   0.50	   3.000000	  32.444941	   0.031660
   3.25	   0.50	   2.000000	  38.112990	   0.031124
   3.25	   0.50	   4.000000	  43.572594	   0.030155
   3.25	   2.50	   4.000000	  16.027300	   0.030731
   3.25	   2.50	   4.200000	  16.229378	   0.030117
   3.25	   2.50	   4.400000	  16.029402	   0.030725
   3.25	   2.50	   4.600000	  14.810316	   0.030080
   3.25	   2.50	   4.800000	  15.042215	   0.054565
   3.25	   3.50	   4.285714	  14.466271	   0.030673
   3.25	   3.50	   4.428571	  13.953331	   0.030326
   3.25	   3.50	   4.571429	  12.970128	   0.030126
   3.25	   3.50	   4.714286	  12.538416	   0.030140
   3.25	   3.50	   4.857143	  11.927604	   0.035273
   3.75	   0.50	   1.000000	  38.581692	   0.030217
   3.75	   0.50	   3.000000	  53.176562	   0.030127
   3.75	   0.50	   2.000000	  38.658109	   0.030138
   3.75	   0.50	   4.000000	  46.919937	   0.031722
   3.75	   1.00	   2.500000	  30.930863	   0.030274
   3.75	   1.00	   3.000000	  22.574816	   0.030268
   3.75	   1.00	   4.500000	  18.366297	   0.030511
   3.75	   1.00	   3.500000	  20.007541	   0.030363
   3.75	   1.00	   4.000000	  20.722816	   0.030292
   3.75	   1.50	   3.333333	  22.855875	   0.030240
   3.75	   1.50	   3.666667	  21.905538	   0.030130
   3.75	   1.50	   4.000000	  21.782863	   0.030184
   3.75	   1.50	   4.333333	  21.972867	   0.030167
   3.75	   1.50	   4.666667	  22.075642	   0.030034
   3.75	   2.00	   3.750000	  19.249212	   0.030802
   3.75	   2.00	   4.000000	  16.651837	   0.030526
   3.75	   2.00	   4.250000	  15.618293	   0.030894
   3.75	   2.00	   4.500000	  15.614124	   0.030286
   3.75	   2.00	   4.750000	  16.937496	   0.033767
   3.75	   3.00	   4.166667	  17.467752	   0.030127
   3.75	   3.00	   4.333333	  17.247189	   0.030500
   3.75	   3.00	   4.500000	  17.920440	   0.041985
   3.75	   3.00	   4.666667	  17.442713	   0.030252
   3.75	   3.00	   4.833333	  17.274770	   0.033269
   3.75	   4.00	   4.375000	  12.390435	   0.054539
   3.75	   4.00	   4.500000	  10.441840	   0.031383
   3.75	   4.00	   4.625000	   9.774165	   0.031961
   3.75	   4.00	   4.750000	   9.493484	   0.032372
   3.75	   4.00	   4.875000	   9.449967	   0.039538
   4.25	   0.50	   1.000000	  38.463389	   0.030391
   4.25	   0.50	   3.000000	  60.673565	   0.030055
   4.25	   0.50	   2.000000	  64.136803	   0.030167
   4.25	   0.50	   4.000000	  29.683264	   0.030907
   4.25	   1.50	   3.333333	  24.946162	   0.030388
   4.25	   1.50	   3.666667	  24.846833	   0.030657
   4.25	   1.50	   4.000000	  24.992969	   0.030120
   4.25	   1.50	   4.333333	  25.201240	   0.030000
   4.25	   1.50	   4.666667	  23.449700	   0.030032
   4.25	   3.50	   4.285714	  15.425313	   0.031623
   4.25	   3.50	   4.428571	  14.852300	   0.030511
   4.25	   3.50	   4.571429	  13.742831	   0.030237
   4.25	   3.50	   4.714286	  12.962121	   0.030271
   4.25	   3.50	   4.857143	  12.542110	   0.033799
   4.75	   0.50	   1.000000	  82.080109	   0.030355
   4.75	   0.50	   3.000000	  50.991033	   0.030528
   4.75	   0.50	   2.000000	  98.349728	   0.030122
   4.75	   0.50	   4.000000	  62.751967	   0.033112
   4.75	   1.00	   2.500000	  33.021857	   0.030356
   4.75	   1.00	   3.000000	  33.016069	   0.030301
   4.75	   1.00	   4.500000	  28.850979	   0.030279
   4.75	   1.00	   3.500000	  28.107363	   0.030077
   4.75	   1.00	   4.000000	  27.894267	   0.030072
   4.75	   2.00	   3.750000	  23.162451	   0.030889
   4.75	   2.00	   4.000000	  22.979392	   0.030791
   4.75	   2.00	   4.250000	  24.672034	   0.030471
   4.75	   2.00	   4.500000	  24.964917	   0.030429
   4.75	   2.00	   4.750000	  25.536510	   0.030967
   4.75	   2.50	   4.000000	  22.449944	   0.030858
   4.75	   2.50	   4.200000	  20.981135	   0.031811
   4.75	   2.50	   4.400000	  20.082152	   0.030316
   4.75	   2.50	   4.600000	  18.986536	   0.030559
   4.75	   2.50	   4.800000	  20.027460	   0.036464
   4.75	   4.00	   4.375000	  10.996187	   0.031674
   4.75	   4.00	   4.500000	  10.716223	   0.032526
   4.75	   4.00	   4.625000	  10.374548	   0.032402
   5.25	   0.50	   1.000000	  62.402783	   0.030134
   5.25	   0.50	   3.000000	  56.728652	   0.030237
   5.25	   0.50	   2.000000	  41.109259	   0.030260
   5.25	   0.50	   4.000000	  38.920599	   0.030000
   5.25	   1.50	   3.333333	  36.514936	   0.030389
   5.25	   1.50	   3.666667	  36.947765	   0.030397
   5.25	   1.50	   4.000000	  34.552518	   0.030348
   5.25	   1.50	   4.333333	  31.583452	   0.030349
   5.25	   1.50	   4.666667	  26.055164	   0.030142
   5.75	   0.50	   1.000000	  43.678235	   0.030368
   5.75	   0.50	   3.000000	  52.802783	   0.030064
   5.75	   0.50	   2.000000	  71.812969	   0.030168
   5.75	   0.50	   4.000000	  43.448796	   0.030775
   5.75	   1.00	   2.500000	  40.372525	   0.030109
   5.75	   1.00	   3.000000	  40.224170	   0.030130
   5.75	   1.00	   4.500000	  38.291080	   0.030280
   5.75	   1.00	   3.500000	  41.760026	   0.030232
   5.75	   1.00	   4.000000	  39.331844	   0.030377
   5.75	   1.50	   3.333333	  36.606847	   0.030573
   5.75	   1.50	   3.666667	  34.240114	   0.030655
   5.75	   1.50	   4.000000	  31.005904	   0.030565
   5.75	   1.50	   4.333333	  25.731646	   0.030238
   5.75	   1.50	   4.666667	  23.912266	   0.032016
   5.75	   2.00	   3.750000	  27.974855	   0.030838
   5.75	   2.00	   4.000000	  28.425926	   0.030900
   5.75	   2.00	   4.250000	  28.991380	   0.030562
   5.75	   2.00	   4.500000	  29.264248	   0.030732
   5.75	   2.00	   4.750000	  27.099702	   0.030380
   5.75	   2.50	   4.000000	  25.213925	   0.030033
   5.75	   2.50	   4.200000	  23.817053	   0.030319
   5.75	   2.50	   4.400000	  24.338922	   0.030608
   5.75	   2.50	   4.600000	  23.815136	   0.030149
   5.75	   2.50	   4.800000	  24.485591	   0.034312
   5.75	   3.00	   4.166667	  22.788571	   0.030146
   5.75	   3.00	   4.333333	  20.463238	   0.030241
   5.75	   3.00	   4.500000	  19.477921	   0.032067
   5.75	   3.00	   4.666667	  18.069709	   0.030081
   5.75	   3.00	   4.833333	  17.879382	   0.032256
   6.25	   0.50	   1.000000	  53.279828	   0.030402
   6.25	   0.50	   3.000000	  41.165650	   0.030900
   6.25	   0.50	   2.000000	  44.461370	   0.030181
   6.25	   0.50	   4.000000	  52.114745	   0.030129
   6.75	   0.50	   1.000000	  28.821104	   0.031358
   6.75	   0.50	   3.000000	  45.722418	   0.031105
   6.75	   0.50	   2.000000	  33.993357	   0.031063
   6.75	   0.50	   4.000000	  35.836910	   0.030315
   6.75	   1.00	   2.500000	  50.033234	   0.030351
   6.75	   1.00	   3.000000	  45.670823	   0.030111
   6.75	   1.00	   4.500000	  42.775527	   0.030335
   6.75	   1.00	   3.500000	  42.695587	   0.030261
   6.75	   1.00	   4.000000	  43.228617	   0.030234
   6.75	   1.50	   3.333333	  39.367900	   0.030238
   6.75	   1.50	   3.666667	  31.424292	   0.030221
   6.75	   1.50	   4.000000	  28.641138	   0.030314
   6.75	   1.50	   4.333333	  28.009273	   0.030044
   6.75	   1.50	   4.666667	  28.874604	   0.030437
   6.75	   2.00	   3.750000	  29.376165	   0.030837
   6.75	   2.00	   4.000000	  29.694865	   0.030091
   6.75	   2.00	   4.250000	  27.377245	   0.030481
   6.75	   2.00	   4.500000	  26.978807	   0.030497
   6.75	   2.00	   4.750000	  25.531616	   0.030000
   6.75	   3.00	   4.166667	  21.703026	   0.037683
   6.75	   3.00	   4.333333	  19.663798	   0.036889
   6.75	   3.00	   4.500000	  19.107907	   0.036320
   6.75	   3.00	   4.666667	  17.823686	   0.037413
   6.75	   3.00	   4.833333	  18.623168	   0.050358
   6.75	   3.50	   4.285714	  14.036424	   0.034955
   6.75	   3.50	   4.428571	  13.699088	   0.031107
   6.75	   3.50	   4.571429	  12.661508	   0.030643
   6.75	   3.50	   4.714286	  12.164413	   0.031445
   6.75	   3.50	   4.857143	  13.502949	   0.058234
   7.25	   0.50	   1.000000	  40.061369	   0.030910
   7.25	   0.50	   3.000000	  57.554772	   0.030643
   7.25	   0.50	   2.000000	  68.022681	   0.030551
   7.25	   0.50	   4.000000	  57.704762	   0.030117
   7.25	   1.50	   3.333333	  31.422294	   0.030175
   7.25	   1.50	   3.666667	  28.355502	   0.030345
   7.25	   1.50	   4.000000	  27.714412	   0.030235
   7.25	   1.50	   4.333333	  28.635882	   0.030556
   7.25	   1.50	   4.666667	  30.569099	   0.030679
   7.25	   2.50	   4.000000	  26.867102	   0.032961
   7.25	   2.50	   4.200000	  28.610640	   0.049918
   7.25	   2.50	   4.400000	  27.396980	   0.032700
   7.25	   2.50	   4.600000	  27.146269	   0.033477
   7.25	   2.50	   4.800000	  26.010475	   0.041935
   7.75	   0.50	   1.000000	  53.966668	   0.030192
   7.75	   0.50	   3.000000	  61.337797	   0.034391
   7.75	   0.50	   2.000000	  54.495936	   0.030123
   7.75	   0.50	   4.000000	  66.975423	   0.030603
   7.75	   1.00	   2.500000	  47.300539	   0.030186
   7.75	   1.00	   3.000000	  47.997130	   0.030210
   7.75	   1.00	   4.500000	  41.825189	   0.030011
   7.75	   1.00	   3.500000	  47.725770	   0.030147
   7.75	   1.00	   4.000000	  46.171068	   0.030000
   7.75	   2.00	   3.750000	  32.653436	   0.030613
   7.75	   2.00	   4.000000	  32.004273	   0.031893
   7.75	   2.00	   4.250000	  30.936717	   0.050060
   7.75	   2.00	   4.500000	  27.199203	   0.030657
   7.75	   2.00	   4.750000	  27.985367	   0.040481
   7.75	   3.50	   4.285714	  13.618381	   0.033575
   7.75	   3.50	   4.428571	  13.178802	   0.031727
   7.75	   3.50	   4.571429	  12.264216	   0.030000
   7.75	   3.50	   4.714286	  12.058798	   0.033643
   8.25	   0.50	   1.000000	  28.334660	   0.030673
   8.25	   0.50	   3.000000	  49.417350	   0.031022
   8.25	   0.50	   2.000000	  41.210524	   0.030227
   8.25	   0.50	   4.000000	  47.072306	   0.031431
   8.25	   1.50	   3.333333	  31.487750	   0.030000
   8.25	   1.50	   3.666667	  32.421454	   0.030252
   8.25	   1.50	   4.000000	  34.066685	   0.030808
   8.25	   1.50	   4.333333	  35.048425	   0.031399
   8.25	   1.50	   4.666667	  35.809395	   0.032900
   8.25	   2.50	   4.000000	  29.205948	   0.031864
   8.25	   2.50	   4.200000	  28.878413	   0.030986
   8.25	   2.50	   4.400000	  25.820124	   0.030205
   8.25	   2.50	   4.600000	  24.485033	   0.032650
   8.25	   2.50	   4.800000	  23.212797	   0.039106
   8.75	   0.50	   1.000000	  43.962149	   0.030000
   8.75	   0.50	   3.000000	  64.580385	   0.031356
   8.75	   0.50	   2.000000	  62.189135	   0.030043
   8.75	   0.50	   4.000000	  61.556827	   0.030000
   8.75	   1.00	   2.500000	  75.720992	   0.030210
   8.75	   1.00	   3.000000	  69.739836	   0.030157
   8.75	   1.00	   4.500000	  36.310400	   0.030062
   8.75	   1.00	   3.500000	  61.064528	   0.030554
   8.75	   1.00	   4.000000	  43.796447	   0.030845
   8.75	   1.50	   3.333333	  34.792531	   0.030464
   8.75	   1.50	   3.666667	  36.647203	   0.030557
   8.75	   1.50	   4.000000	  37.217700	   0.030134
   8.75	   1.50	   4.333333	  38.952809	   0.031416
   8.75	   1.50	   4.666667	  36.522648	   0.031015
   8.75	   2.00	   3.750000	  33.966226	   0.031682
   8.75	   2.00	   4.000000	  30.719151	   0.030329
   8.75	   2.00	   4.250000	  29.825037	   0.030715
   8.75	   2.00	   4.500000	  30.333083	   0.030957
   8.75	   2.00	   4.750000	  32.714202	   0.036285
   8.75	   3.00	   4.166667	  18.668847	   0.031191
   8.75	   3.00	   4.333333	  17.769699	   0.033812
   8.75	   3.00	   4.500000	  16.655378	   0.032014
   8.75	   3.00	   4.666667	  15.929205	   0.032304
   8.75	   3.00	   4.833333	  16.427173	   0.052323
   9.25	   0.50	   1.000000	  95.309687	   0.030895
   9.25	   0.50	   3.000000	  91.230564	   0.030738
   9.25	   0.50	   2.000000	 100.662707	   0.030997
   9.25	   0.50	   4.000000	  85.302479	   0.030395
   9.75	   0.50	   1.000000	  77.131916	   0.030846
   9.75	   0.50	   3.000000	  76.719856	   0.030219
   9.75	   0.50	   2.000000	  79.723834	   0.030168
   9.75	   0.50	   4.000000	  86.420815	   0.030409
   9.75	   1.00	   2.500000	  72.406065	   0.030213
   9.75	   1.00	   3.000000	  47.616116	   0.030000
   9.75	   1.00	   4.500000	  35.793330	   0.030625
   9.75	   1.00	   3.500000	  37.743885	   0.030577
   9.75	   1.00	   4.000000	  34.971953	   0.030577
   9.75	   1.50	   3.333333	  37.624055	   0.030557
   9.75	   1.50	   3.666667	  38.712486	   0.030738
   9.75	   1.50	   4.000000	  36.924006	   0.030407
   9.75	   1.50	   4.333333	  36.493611	   0.030084
   9.75	   1.50	   4.666667	  34.359296	   0.030540
   9.75	   2.00	   3.750000	  28.850974	   0.030991
   9.75	   2.00	   4.000000	  29.376914	   0.031146
   9.75	   2.00	   4.250000	  30.607604	   0.035069
   9.75	   2.00	   4.500000	  32.611819	   0.040963
   9.75	   2.00	   4.750000	  31.212907	   0.032968
   9.75	   2.50	   4.000000	  26.341603	   0.031510
   9.75	   2.50	   4.200000	  23.799597	   0.030399
   9.75	   2.50	   4.400000	  23.299766	   0.032608
   9.75	   2.50	   4.600000	  21.850909	   0.033375
   9.75	   2.50	   4.800000	  21.708870	   0.043996
   9.75	   3.00	   4.166667	  18.283679	   0.030608
   9.75	   3.00	   4.333333	  17.038184	   0.030361
   9.75	   3.00	   4.500000	  15.483666	   0.036932
   9.75	   3.00	   4.666667	  14.870372	   0.031481
   9.75	   3.00	   4.833333	  14.476447	   0.033343
  10.25	   0.50	   1.000000	  76.306191	   0.030066
  10.25	   0.50	   3.000000	 100.444088	   0.043743
  10.25	   0.50	   2.000000	  84.805942	   0.030158
  10.25	   0.50	   4.000000	  94.968350	   0.031064
  10.25	   1.50	   3.333333	  37.214663	   0.030693
  10.25	   1.50	   3.666667	  35.277079	   0.030231
  10.25	   1.50	   4.000000	  35.122919	   0.030285
  10.25	   1.50	   4.333333	  33.338906	   0.030276
  10.25	   1.50	   4.666667	  31.059165	   0.049111
  10.75	   0.50	   1.000000	  58.819277	   0.030597
  10.75	   0.50	   3.000000	  76.838899	   0.030219
  10.75	   0.50	   2.000000	  78.715928	   0.030255
  10.75	   0.50	   4.000000	  81.515348	   0.030279
  10.75	   1.00	   2.500000	  32.907150	   0.030351
  10.75	   1.00	   3.000000	  30.142635	   0.030028
  10.75	   1.00	   4.500000	  34.664308	   0.030000
  10.75	   1.00	   3.500000	  30.969097	   0.030117
  10.75	   1.00	   4.000000	  31.278420	   0.030000
  10.75	   2.00	   3.750000	  33.925838	   0.036734
  10.75	   2.00	   4.000000	  34.282886	   0.045713
  10.75	   2.00	   4.250000	  33.351848	   0.030232
  10.75	   2.00	   4.500000	  30.028374	   0.030595
  10.75	   2.00	   4.750000	  29.146117	   0.034237
  10.75	   2.50	   4.000000	  25.389781	   0.030000
  10.75	   2.50	   4.200000	  23.954011	   0.030396
  10.75	   2.50	   4.400000	  21.414635	   0.030247
  10.75	   2.50	   4.600000	  20.522377	   0.030575
  10.75	   2.50	   4.800000	  19.892013	   0.032324
  11.25	   0.50	   1.000000	  52.907893	   0.030569
  11.25	   0.50	   3.000000	  75.243791	   0.031566
  11.25	   0.50	   2.000000	  61.865471	   0.032163
  11.25	   0.50	   4.000000	  46.278041	   0.030091
  11.25	   1.50	   3.333333	  38.359591	   0.030420
  11.25	   1.50	   3.666667	  36.384716	   0.030785
  11.25	   1.50	   4.000000	  34.055282	   0.038820
  11.25	   1.50	   4.333333	  32.012893	   0.030096
  11.25	   1.50	   4.666667	  30.722237	   0.031448
  11.75	   0.50	   1.000000	  91.957100	   0.032856
  11.75	   0.50	   3.000000	  72.130952	   0.030350
  11.75	   0.50	   2.000000	 114.678723	   0.030759
  11.75	   0.50	   4.000000	  49.906132	   0.030287
  11.75	   1.00	   2.500000	  39.284036	   0.030615
  11.75	   1.00	   3.000000	  38.353131	   0.030592
  11.75	   1.00	   4.500000	  40.203453	   0.030723
  11.75	   1.00	   3.500000	  41.430050	   0.030759
  11.75	   1.00	   4.000000	  43.046795	   0.030860
  11.75	   1.50	   3.333333	  39.854605	   0.030364
  11.75	   1.50	   3.666667	  37.166067	   0.034392
  11.75	   1.50	   4.000000	  35.354689	   0.031345
  11.75	   1.50	   4.333333	  33.399573	   0.030642
  11.75	   1.50	   4.666667	  38.823958	   0.053562
  11.75	   2.00	   3.750000	  39.955124	   0.030644
  11.75	   2.00	   4.000000	  35.631171	   0.030567
  11.75	   2.00	   4.250000	  34.102991	   0.030909
  11.75	   2.00	   4.500000	  30.612526	   0.030729
  11.75	   2.00	   4.750000	  29.932078	   0.031719
  11.75	   3.00	   4.166667	  16.923801	   0.031971
  11.75	   3.00	   4.333333	  15.999695	   0.030962
  11.75	   3.00	   4.500000	  15.583286	   0.031722
  12.25	   0.50	   1.000000	  75.541980	   0.030819
  12.25	   0.50	   3.000000	  43.913043	   0.038051
  12.25	   0.50	   2.000000	  61.387547	   0.030327
  12.25	   0.50	   4.000000	  37.449286	   0.030899
  12.25	   2.50	   4.000000	  24.824316	   0.031518
  12.25	   2.50	   4.200000	  23.369928	   0.031219
  12.25	   2.50	   4.400000	  21.844347	   0.030484
  12.25	   2.50	   4.600000	  20.493179	   0.033742
  12.25	   2.50	   4.800000	  17.991087	   0.049825
  12.75	   0.50	   1.000000	  54.380708	   0.030400
  12.75	   0.50	   3.000000	  39.365800	   0.033849
  12.75	   0.50	   2.000000	  42.497612	   0.030472
  12.75	   0.50	   4.000000	  42.224554	   0.030996
  12.75	   1.00	   2.500000	  45.843938	   0.030456
  12.75	   1.00	   3.000000	  48.437763	   0.030539
  12.75	   1.00	   4.500000	  45.475364	   0.030443
  12.75	   1.00	   3.500000	  45.839429	   0.030316
  12.75	   1.00	   4.000000	  48.427646	   0.030139
  12.75	   1.50	   3.333333	  40.882617	   0.031261
  12.75	   1.50	   3.666667	  38.730945	   0.030590
  12.75	   1.50	   4.000000	  42.792123	   0.030000
  12.75	   1.50	   4.333333	  44.760358	   0.032735
  12.75	   1.50	   4.666667	  46.089125	   0.031175
  12.75	   2.00	   3.750000	  36.651170	   0.030608
  12.75	   2.00	   4.000000	  32.962878	   0.030449
  12.75	   2.00	   4.250000	  31.893425	   0.030438
  12.75	   2.00	   4.500000	  29.755564	   0.030840
  12.75	   2.00	   4.750000	  26.904668	   0.032984
  12.75	   3.00	   4.166667	  16.376705	   0.035430
  13.25	   0.50	   1.000000	  33.939887	   0.030394
  13.25	   0.50	   3.000000	  43.496408	   0.032322
  13.25	   0.50	   2.000000	  37.491213	   0.030535
  13.25	   0.50	   4.000000	  43.758295	   0.030000
  13.25	   1.50	   3.333333	  38.420940	   0.030529
  13.25	   1.50	   3.666667	  42.198493	   0.033095
  13.25	   1.50	   4.000000	  44.406387	   0.031804
  13.25	   1.50	   4.333333	  46.078195	   0.030944
  13.25	   1.50	   4.666667	  39.355721	   0.031281
  13.25	   2.50	   4.000000	  22.733566	   0.030737
  13.25	   2.50	   4.200000	  21.361230	   0.030622
  13.25	   2.50	   4.400000	  20.275710	   0.030990
  13.25	   2.50	   4.600000	  18.878919	   0.031000
  13.25	   2.50	   4.800000	  17.281157	   0.035351
  13.75	   0.50	   1.000000	  25.707484	   0.030013
  13.75	   0.50	   3.000000	  40.399046	   0.030583
  13.75	   0.50	   2.000000	  38.569149	   0.032151
  13.75	   0.50	   4.000000	  40.793787	   0.030586
  13.75	   1.00	   2.500000	  42.871735	   0.030633
  13.75	   1.00	   3.000000	  46.086672	   0.030438
  13.75	   1.00	   4.500000	  40.371615	   0.031773
  13.75	   1.00	   3.500000	  44.575432	   0.030852
  13.75	   1.00	   4.000000	  42.536317	   0.030767
  13.75	   2.00	   3.750000	  31.871919	   0.031256
  13.75	   2.00	   4.000000	  29.670588	   0.030522
  13.75	   2.00	   4.250000	  27.208375	   0.031054
  13.75	   2.00	   4.500000	  26.003753	   0.030446
  13.75	   2.00	   4.750000	  24.463816	   0.033702
  14.25	   0.50	   1.000000	  28.952415	   0.030254
  14.25	   0.50	   3.000000	  35.199477	   0.030861
  14.25	   0.50	   2.000000	  33.596822	   0.030398
  14.25	   0.50	   4.000000	  44.448530	   0.030628
  14.25	   1.50	   3.333333	  42.249622	   0.030610
  14.25	   1.50	   3.666667	  44.095773	   0.030601
  14.25	   1.50	   4.000000	  37.866302	   0.030568
  14.25	   1.50	   4.333333	  36.339775	   0.030472
  14.25	   1.50	   4.666667	  33.552692	   0.030420
  14.75	   0.50	   1.000000	  28.554221	   0.030644
  14.75	   0.50	   3.000000	  41.956061	   0.030883
  14.75	   0.50	   2.000000	  32.998702	   0.030243
  14.75	   0.50	   4.000000	  36.482564	   0.030254
  14.75	   1.00	   2.500000	  43.152986	   0.030469
  14.75	   1.00	   3.000000	  41.620375	   0.030809
  14.75	   1.00	   4.500000	  37.093793	   0.031448
  14.75	   1.00	   3.500000	  39.719782	   0.030486
  14.75	   1.00	   4.000000	  36.396996	   0.030740
  14.75	   1.50	   3.333333	  46.838657	   0.030572
  14.75	   1.50	   3.666667	  40.247600	   0.030507
  14.75	   1.50	   4.000000	  38.762598	   0.030671
  14.75	   1.50	   4.333333	  35.736567	   0.030309
  14.75	   1.50	   4.666667	  34.798259	   0.030213
  14.75	   2.00	   3.750000	  30.306867	   0.030585
  14.75	   2.00	   4.000000	  28.988046	   0.030395
  14.75	   2.00	   4.250000	  27.773103	   0.030195
  14.75	   2.00	   4.500000	  25.939340	   0.030585
  14.75	   2.00	   4.750000	  23.883077	   0.030862
  14.75	   2.50	   4.000000	  23.653709	   0.030142
  14.75	   2.50	   4.200000	  22.386391	   0.030382
  14.75	   2.50	   4.400000	  21.203141	   0.030100
  14.75	   2.50	   4.600000	  20.013490	   0.030118
  15.25	   0.50	   1.000000	  27.856971	   0.030577
  15.25	   0.50	   3.000000	  37.285019	   0.030090
  15.25	   0.50	   2.000000	  40.602942	   0.030494
  15.25	   0.50	   4.000000	  44.669022	   0.030411
  15.75	   0.50	   1.000000	  36.325735	   0.030442
  15.75	   0.50	   3.000000	  47.803199	   0.030493
  15.75	   0.50	   2.000000	  37.483643	   0.030678
  15.75	   0.50	   4.000000	  50.065223	   0.030531
  15.75	   1.00	   2.500000	  48.607887	   0.030271
  15.75	   1.00	   3.000000	  44.382052	   0.030455
  15.75	   1.00	   4.500000	  54.093844	   0.030405
  15.75	   1.00	   3.500000	  45.028050	   0.030644
  15.75	   1.00	   4.000000	  51.738590	   0.031302
  15.75	   1.50	   3.333333	  50.536406	   0.030523
  15.75	   1.50	   3.666667	  46.272683	   0.030317
  15.75	   1.50	   4.000000	  45.228809	   0.030310
  15.75	   1.50	   4.333333	  41.429771	   0.030089
  15.75	   1.50	   4.666667	  37.333969	   0.030377
  15.75	   2.00	   3.750000	  34.421446	   0.030465
  15.75	   2.00	   4.000000	  32.280814	   0.030521
  15.75	   2.00	   4.250000	  29.489768	   0.030263
  15.75	   2.00	   4.500000	  29.367816	   0.030243
  15.75	   2.00	   4.750000	  27.916120	   0.032946
  15.75	   2.50	   4.000000	  24.803591	   0.030270
  15.75	   2.50	   4.200000	  23.665325	   0.030080
  16.25	   0.50	   1.000000	  33.224417	   0.030121
  16.25	   0.50	   3.000000	  53.693191	   0.030188
  16.25	   0.50	   2.000000	  48.532736	   0.030496
  16.25	   0.50	   4.000000	  49.576862	   0.031902
  16.25	   1.50	   3.333333	  47.960775	   0.030330
  16.25	   1.50	   3.666667	  47.058126	   0.030355
  16.25	   1.50	   4.000000	  43.033186	   0.030267
  16.25	   1.50	   4.333333	  38.864839	   0.030300
  16.25	   1.50	   4.666667	  38.648239	   0.030441
  16.75	   0.50	   1.000000	  49.037399	   0.030430
  16.75	   0.50	   3.000000	  62.487698	   0.030054
  16.75	   0.50	   2.000000	  62.293240	   0.030387
  16.75	   0.50	   4.000000	  67.757411	   0.030395
  16.75	   1.00	   2.500000	  54.265814	   0.030243
  16.75	   1.00	   3.000000	  62.009168	   0.030543
  16.75	   1.00	   4.500000	  55.063157	   0.030487
  16.75	   1.00	   3.500000	  65.656679	   0.030387
  16.75	   1.00	   4.000000	  59.191961	   0.030529
  16.75	   2.00	   3.750000	  33.113530	   0.030639
  16.75	   2.00	   4.000000	  33.135182	   0.030244
  16.75	   2.00	   4.250000	  31.265830	   0.032977
  16.75	   2.00	   4.500000	  29.353923	   0.030243
  16.75	   2.00	   4.750000	  27.797608	   0.030111
  17.25	   0.50	   1.000000	  39.224997	   0.030802
  17.25	   0.50	   3.000000	  55.233538	   0.030488
  17.25	   0.50	   2.000000	  47.561748	   0.030450
  17.25	   0.50	   4.000000	  48.629318	   0.030692
  17.25	   1.50	   3.333333	  45.234621	   0.030357
  17.25	   1.50	   3.666667	  40.586236	   0.030362
  17.25	   1.50	   4.000000	  40.210188	   0.030535
  17.25	   1.50	   4.333333	  38.356534	   0.030256
  17.25	   1.50	   4.666667	  36.528417	   0.030467
  17.75	   0.50	   1.000000	  40.124776	   0.031509
  17.75	   0.50	   3.000000	  53.631290	   0.030314
  17.75	   0.50	   2.000000	  57.489365	   0.030326
  17.75	   0.50	   4.000000	  56.438200	   0.031551
  17.75	   1.00	   2.500000	  65.597200	   0.030268
  17.75	   1.00	   3.000000	  59.337963	   0.030454
  17.75	   1.00	   4.500000	  53.285192	   0.030739
  17.75	   1.00	   3.500000	  56.323632	   0.030528
  17.75	   1.00	   4.000000	  50.497644	   0.030400
  17.75	   1.50	   3.333333	  40.881621	   0.030268
  17.75	   1.50	   3.666667	  40.535470	   0.030101
  17.75	   1.50	   4.000000	  38.787368	   0.030310
  17.75	   1.50	   4.333333	  36.923050	   0.030365
  17.75	   1.50	   4.666667	  33.673315	   0.030242
  17.75	   2.00	   3.750000	  32.084150	   0.031424
  17.75	   2.00	   4.000000	  29.990440	   0.030471
  17.75	   2.00	   4.250000	  28.536856	   0.030489
  17.75	   2.00	   4.500000	  25.765673	   0.030139
  17.75	   2.00	   4.750000	  26.287679	   0.030000
  18.25	   0.50	   1.000000	  39.866887	   0.030445
  18.25	   0.50	   3.000000	  51.729062	   0.031041
  18.25	   0.50	   2.000000	  45.402080	   0.030236
  18.25	   0.50	   4.000000	  55.495420	   0.031092
  18.75	   0.50	   1.000000	  33.403284	   0.030341
  18.75	   0.50	   3.000000	  50.717242	   0.030465
  18.75	   0.50	   2.000000	  47.034601	   0.030825
  18.75	   0.50	   4.000000	  65.308899	   0.030000
  18.75	   1.00	   2.500000	  55.045255	   0.030479
  18.75	   1.00	   3.000000	  49.568666	   0.030465
  18.75	   1.00	   4.500000	  41.445373	   0.030151
  18.75	   1.00	   3.500000	  52.733551	   0.030536
  18.75	   1.00	   4.000000	  48.288897	   0.030355
  18.75	   1.50	   3.333333	  38.470205	   0.030327
  18.75	   1.50	   3.666667	  36.817388	   0.030199
  18.75	   1.50	   4.000000	  33.472929	   0.030284
  18.75	   1.50	   4.333333	  32.935901	   0.030093
  18.75	   1.50	   4.666667	  32.015005	   0.030208
  18.75	   2.00	   3.750000	  28.246545	   0.030182
  18.75	   2.00	   4.000000	  25.381142	   0.030186
  18.75	   2.00	   4.250000	  25.627011	   0.034843
  19.25	   0.50	   1.000000	  34.514345	   0.030368
  19.25	   0.50	   3.000000	  62.994799	   0.030214
  19.25	   0.50	   2.000000	  45.389780	   0.030147
  19.25	   0.50	   4.000000	  54.419401	   0.030377
  19.25	   1.50	   3.333333	  36.403407	   0.030328
  19.25	   1.50	   3.666667	  33.216412	   0.030442
  19.25	   1.50	   4.000000	  32.591493	   0.030215
  19.25	   1.50	   4.333333	  31.960022	   0.030134
  19.25	   1.50	   4.666667	  31.310996	   0.031896
  19.75	   0.50	   1.000000	  32.696805	   0.030430
  19.75	   0.50	   3.000000	  48.136503	   0.030629
  19.75	   0.50	   2.000000	  52.657101	   0.030407
  19.75	   0.50	   4.000000	  55.265086	   0.030679
  19.75	   1.00	   2.500000	  49.943183	   0.030440
  19.75	   1.00	   3.000000	  46.698205	   0.030447
  19.75	   1.00	   4.500000	  39.074435	   0.030286
  19.75	   1.00	   3.500000	  39.584403	   0.030385
  19.75	   1.00	   4.000000	  38.441302	   0.030193
  19.75	   2.00	   3.750000	  32.746513	   0.030698
  20.25	   0.50	   1.000000	  37.337188	   0.030349
  20.25	   0.50	   3.000000	  49.941119	   0.030742
  20.25	   0.50	   2.000000	  40.056875	   0.030468
  20.25	   0.50	   4.000000	  42.451357	   0.030182
  20.25	   1.50	   3.333333	  45.140197	   0.030214
  20.25	   1.50	   3.666667	  43.808192	   0.030149
  20.25	   1.50	   4.000000	  42.423957	   0.031888
  20.25	   1.50	   4.333333	  39.752318	   0.030015
  20.25	   1.50	   4.666667	  34.895280	   0.030361
  20.75	   0.50	   1.000000	  38.531295	   0.030729
  20.75	   0.50	   3.000000	  52.345679	   0.030322
  20.75	   0.50	   2.000000	  56.468210	   0.030450
  20.75	   0.50	   4.000000	  61.602038	   0.030645
  20.75	   1.00	   2.500000	  62.432861	   0.030352
  20.75	   1.00	   3.000000	  60.410802	   0.030382
  20.75	   1.00	   4.500000	  51.388314	   0.030191
  20.75	   1.00	   3.500000	  60.915783	   0.030294
  20.75	   1.00	   4.000000	  56.529143	   0.030345
  20.75	   1.50	   3.333333	  46.532357	   0.030444
  20.75	   1.50	   3.666667	  45.314903	   0.031441
  20.75	   1.50	   4.000000	  42.298243	   0.030450
  20.75	   1.50	   4.333333	  37.177852	   0.030132
  20.75	   1.50	   4.666667	  34.563815	   0.030859
  21.25	   0.50	   1.000000	  55.933266	   0.030413
  21.25	   0.50	   3.000000	  78.495902	   0.030558
  21.25	   0.50	   2.000000	  62.577154	   0.030299
  21.25	   0.50	   4.000000	  87.749901	   0.030384
  21.75	   0.50	   1.000000	  38.328769	   0.030210
  21.75	   0.50	   3.000000	  67.522999	   0.030698
  21.75	   0.50	   2.000000	  55.492486	   0.030917
  21.75	   0.50	   4.000000	  55.104979	   0.031344
  21.75	   1.00	   2.500000	  58.914510	   0.030447
  21.75	   1.00	   3.000000	  55.352187	   0.030417
  21.75	   1.00	   4.500000	  46.945616	   0.030305
  21.75	   1.00	   3.500000	  50.299761	   0.030433
  21.75	   1.00	   4.000000	  50.059987	   0.030343
  21.75	   1.50	   3.333333	  41.863703	   0.030370
  21.75	   1.50	   3.666667	  36.154246	   0.030440
  21.75	   1.50	   4.000000	  32.710061	   0.031224
  21.75	   1.50	   4.333333	  34.486820	   0.030107
  22.25	   0.50	   1.000000	  48.506711	   0.030842
  22.25	   0.50	   3.000000	  63.149559	   0.030373
  22.25	   0.50	   2.000000	  71.666278	   0.030784
  22.25	   0.50	   4.000000	  60.331554	   0.030538
  22.25	   1.50	   3.333333	  37.476263	   0.030318
  22.25	   1.50	   3.666667	  33.472547	   0.031951
  22.25	   1.50	   4.000000	  34.672472	   0.030303
  22.75	   0.50	   1.000000	  51.213390	   0.030693
  22.75	   0.50	   3.000000	  51.821916	   0.030325
  22.75	   0.50	   2.000000	  53.676364	   0.030274
  22.75	   0.50	   4.000000	  53.038970	   0.030416
  22.75	   1.00	   2.500000	  49.070583	   0.030179
  22.75	   1.00	   3.000000	  48.729312	   0.030276
  22.75	   1.00	   4.500000	  46.003392	   0.030389
  22.75	   1.00	   3.500000	  46.664372	   0.030150
  22.75	   1.00	   4.000000	  47.163702	   0.030164
  23.25	   0.50	   1.000000	  41.468651	   0.030202
  23.25	   0.50	   3.000000	  53.819368	   0.030250
  23.25	   0.50	   2.000000	  48.715389	   0.030192
  23.25	   0.50	   4.000000	  58.050228	   0.030130
  23.25	   1.50	   3.333333	  32.141637	   0.030050
  23.75	   0.50	   1.000000	  38.153684	   0.030456
  23.75	   0.50	   3.000000	  54.683580	   0.030062
  23.75	   0.50	   2.000000	  48.234625	   0.030083
  23.75	   0.50	   4.000000	  47.677870	   0.030032
  23.75	   1.00	   2.500000	  45.828605	   0.030192
  23.75	   1.00	   3.000000	  46.962965	   0.030176
  23.75	   1.00	   4.500000	  32.664307	   0.031644
  23.75	   1.00	   3.500000	  46.688164	   0.030414
  23.75	   1.00	   4.000000	  38.741403	   0.030009
  24.25	   0.50	   1.000000	  34.625783	   0.030319
  24.25	   0.50	   3.000000	  41.567999	   0.030486
  24.25	   0.50	   2.000000	  45.445614	   0.030236
  24.25	   0.50	   4.000000	  47.134204	   0.030143
  24.75	   0.50	   1.000000	  39.368138	   0.030314
  24.75	   0.50	   3.000000	  48.281729	   0.030558
  24.75	   0.50	   2.000000	  41.286236	   0.030227
  24.75	   0.50	   4.000000	  48.257607	   0.030192
  24.75	   1.00	   2.500000	  51.924388	   0.030592
  24.75	   1.00	   3.000000	  44.716619	   0.030207
  24.75	   1.00	   4.500000	  30.647286	   0.030263
  24.75	   1.00	   3.500000	  36.495197	   0.030000
  24.75	   1.00	   4.000000	  30.675125	   0.030077
  25.25	   0.50	   1.000000	  32.879694	   0.030214
  25.25	   0.50	   3.000000	  47.600836	   0.030283
  25.25	   0.50	   2.000000	  44.478407	   0.030060
  25.25	   0.50	   4.000000	  48.369695	   0.030233
  25.75	   0.50	   1.000000	  35.210178	   0.030447
  25.75	   0.50	   3.000000	  47.129446	   0.030143
  25.75	   0.50	   2.000000	  43.733598	   0.030214
  25.75	   0.50	   4.000000	  57.889946	   0.030209
  25.75	   1.00	   2.500000	  38.099418	   0.030576
  25.75	   1.00	   3.000000	  30.434403	   0.030282
  25.75	   1.00	   3.500000	  28.491194	   0.030051
  26.25	   0.50	   1.000000	  29.936898	   0.030346
  26.25	   0.50	   3.000000	  48.674557	   0.030346
  26.25	   0.50	   2.000000	  37.117389	   0.030216
  26.25	   0.50	   4.000000	  47.581786	   0.030991
  26.75	   0.50	   1.000000	  32.426848	   0.030320
  26.75	   0.50	   3.000000	  54.985936	   0.030245
  26.75	   0.50	   2.000000	  50.803125	   0.030132
  26.75	   0.50	   4.000000	  49.348310	   0.030273
  26.75	   1.00	   2.500000	  32.260953	   0.030170
  27.25	   0.50	   1.000000	  37.734907	   0.030213
  27.25	   0.50	   3.000000	  52.343297	   0.030257
  27.25	   0.50	   2.000000	  51.029312	   0.030367
  27.25	   0.50	   4.000000	  41.404100	   0.030370
  27.75	   0.50	   1.000000	  38.229162	   0.030341
  27.75	   0.50	   3.000000	  43.929708	   0.030460
  27.75	   0.50	   2.000000	  50.127403	   0.030133
  27.75	   0.50	   4.000000	  35.599639	   0.030279
  28.25	   0.50	   1.000000	  43.685565	   0.030023
  28.25	   0.50	   3.000000	  40.794253	   0.030248
  28.25	   0.50	   2.000000	  47.323252	   0.030566
  28.25	   0.50	   4.000000	  40.237972	   0.030197
  28.75	   0.50	   1.000000	  37.592476	   0.030694
  28.75	   0.50	   3.000000	  38.689665	   0.030087
  28.75	   0.50	   2.000000	  39.479578	   0.030678
  29.25	   0.50	   1.000000	  36.206015	   0.030739
  29.25	   0.50	   2.000000	  36.549557	   0.030073
  29.75	   0.50	   1.000000	  41.946102	   0.030534
