LR07.AMP
0.50
3
790
0
0
Error estimate for data present
Type of error estimate (0=same unit as data)
1
  -0.25	0.50	4.000000	32.924884	0.030406
  -0.25	0.50	1.000000	48.919573	0.030089
  -0.25	0.50	2.000000	52.242584	0.030000
  -0.25	0.50	3.000000	45.476373	0.030515
  -0.25	1.00	3.500000	11.115776	0.030065
  -0.25	1.00	2.500000	14.781659	0.030119
  -0.25	1.00	4.500000	17.920847	0.030702
  -0.25	1.00	4.000000	13.408268	0.030550
  -0.25	1.00	3.000000	12.461717	0.030309
  -0.25	1.50	3.666667	15.362565	0.030423
  -0.25	1.50	4.333333	14.008175	0.038741
  -0.25	1.50	4.000000	14.481768	0.030590
  -0.25	1.50	4.666667	13.309894	0.030721
  -0.25	1.50	3.333333	16.262741	0.030615
  -0.25	2.00	4.250000	10.951241	0.032275
  -0.25	2.00	4.750000	11.891324	0.031558
  -0.25	2.00	4.500000	11.212277	0.032083
  -0.25	2.00	3.750000	11.308613	0.038081
  -0.25	2.00	4.000000	11.375600	0.032353
  -0.25	2.50	4.200000	9.990025	0.031135
  -0.25	2.50	4.600000	8.311870	0.030285
  -0.25	2.50	4.800000	8.127749	0.030488
  -0.25	2.50	4.000000	11.169016	0.031275
  -0.25	2.50	4.400000	8.923614	0.031070
  -0.25	3.00	4.666667	8.278951	0.030535
  -0.25	3.00	4.500000	8.281565	0.033579
  -0.25	3.00	4.333333	8.285434	0.030888
  -0.25	3.00	4.833333	8.124606	0.030794
  -0.25	3.00	4.166667	8.396658	0.031059
  -0.25	3.50	4.285714	7.330023	0.031518
  -0.25	3.50	4.571429	7.807673	0.038368
  -0.25	3.50	4.714286	6.803408	0.030779
  -0.25	3.50	4.428571	7.077220	0.031067
  -0.25	3.50	4.857143	6.878149	0.033325
  -0.25	4.00	4.500000	6.720000	0.031871
  -0.25	4.00	4.750000	6.130509	0.036715
  -0.25	4.00	4.875000	6.708533	0.067037
  -0.25	4.00	4.375000	6.935492	0.032413
  -0.25	4.00	4.625000	6.667441	0.032886
  -0.25	4.50	4.444444	5.700263	0.043730
  -0.25	4.50	4.888889	4.537682	0.050862
  -0.25	4.50	4.555556	5.240460	0.045890
  -0.25	4.50	4.777778	4.116868	0.128550
  -0.25	4.50	4.666667	4.911941	0.034959
   0.25	0.50	1.000000	44.569731	0.030480
   0.25	0.50	3.000000	40.194301	0.030419
   0.25	0.50	2.000000	49.393007	0.030298
   0.25	0.50	4.000000	21.657742	0.031018
   0.75	0.50	1.000000	46.077330	0.030290
   0.75	0.50	3.000000	27.577923	0.030937
   0.75	0.50	2.000000	47.960171	0.030084
   0.75	0.50	4.000000	20.887143	0.031136
   0.75	1.00	2.500000	14.076506	0.031560
   0.75	1.00	3.000000	14.774013	0.030011
   0.75	1.00	4.500000	17.513051	0.030383
   0.75	1.00	3.500000	19.009745	0.030178
   0.75	1.00	4.000000	20.210670	0.030366
   0.75	1.50	3.333333	15.589926	0.030476
   0.75	1.50	3.666667	15.062646	0.031084
   0.75	1.50	4.000000	14.255107	0.030842
   0.75	1.50	4.333333	13.177393	0.032465
   0.75	1.50	4.666667	12.276765	0.042087
   0.75	2.00	3.750000	12.418129	0.030046
   0.75	2.00	4.000000	12.715083	0.031271
   0.75	2.00	4.250000	13.338546	0.030116
   0.75	2.00	4.500000	13.145850	0.030000
   0.75	2.00	4.750000	12.894882	0.037263
   0.75	2.50	4.000000	9.692289	0.031123
   0.75	2.50	4.200000	8.949857	0.030106
   0.75	2.50	4.400000	8.845354	0.030478
   0.75	2.50	4.600000	8.674459	0.030544
   0.75	2.50	4.800000	8.983399	0.038088
   0.75	3.00	4.166667	8.838422	0.030252
   0.75	3.00	4.333333	8.637092	0.031141
   0.75	3.00	4.500000	8.608995	0.030312
   0.75	3.00	4.666667	8.281734	0.030000
   0.75	3.00	4.833333	8.072132	0.038394
   0.75	3.50	4.285714	8.293171	0.050107
   0.75	3.50	4.428571	7.698094	0.033942
   0.75	3.50	4.571429	7.659089	0.035316
   0.75	3.50	4.714286	8.107745	0.038676
   0.75	3.50	4.857143	8.263481	0.045221
   0.75	4.00	4.375000	7.859830	0.031065
   0.75	4.00	4.500000	7.182434	0.031508
   0.75	4.00	4.625000	7.375915	0.067009
   0.75	4.00	4.750000	6.388815	0.031922
   0.75	4.00	4.875000	6.584300	0.048868
   0.75	4.50	4.444444	6.087659	0.048182
   0.75	4.50	4.555556	5.441483	0.031924
   0.75	4.50	4.666667	5.492059	0.069365
   0.75	4.50	4.777778	4.895365	0.071284
   1.25	0.50	1.000000	59.971273	0.030056
   1.25	0.50	3.000000	33.290110	0.031113
   1.25	0.50	2.000000	40.827237	0.030983
   1.25	0.50	4.000000	25.865798	0.030293
   1.25	1.50	3.333333	17.114926	0.031506
   1.25	1.50	3.666667	16.044004	0.030407
   1.25	1.50	4.000000	14.731386	0.030340
   1.25	1.50	4.333333	13.454080	0.031820
   1.25	1.50	4.666667	12.839042	0.030520
   1.75	0.50	1.000000	50.176968	0.030784
   1.75	0.50	3.000000	41.319022	0.030193
   1.75	0.50	2.000000	49.862886	0.030738
   1.75	0.50	4.000000	23.689658	0.030568
   1.75	1.00	2.500000	27.594051	0.030955
   1.75	1.00	3.000000	28.126659	0.030353
   1.75	1.00	4.500000	18.832451	0.030166
   1.75	1.00	3.500000	23.683620	0.030337
   1.75	1.00	4.000000	21.718783	0.030263
   1.75	2.00	3.750000	14.416998	0.030516
   1.75	2.00	4.000000	14.379765	0.031873
   1.75	2.00	4.250000	13.520027	0.030516
   1.75	2.00	4.500000	11.802952	0.034994
   1.75	2.00	4.750000	10.359425	0.030298
   2.25	0.50	1.000000	54.364862	0.030000
   2.25	0.50	3.000000	34.468585	0.030977
   2.25	0.50	2.000000	57.625644	0.030557
   2.25	0.50	4.000000	25.068191	0.030228
   2.25	1.50	3.333333	14.976866	0.030625
   2.25	1.50	3.666667	13.573694	0.030000
   2.25	1.50	4.000000	13.100502	0.030344
   2.25	1.50	4.333333	14.648845	0.033343
   2.25	1.50	4.666667	13.067702	0.030170
   2.25	2.50	4.000000	11.640931	0.032446
   2.25	2.50	4.200000	11.479529	0.030579
   2.25	2.50	4.400000	11.608219	0.031730
   2.25	2.50	4.600000	11.797864	0.030600
   2.25	2.50	4.800000	11.413971	0.030347
   2.75	0.50	1.000000	43.379176	0.030031
   2.75	0.50	3.000000	24.362274	0.031520
   2.75	0.50	2.000000	31.680382	0.030296
   2.75	0.50	4.000000	25.726448	0.031309
   2.75	1.00	2.500000	23.505762	0.030383
   2.75	1.00	3.000000	20.896068	0.030258
   2.75	1.00	4.500000	16.958610	0.032111
   2.75	1.00	3.500000	18.062730	0.030040
   2.75	1.00	4.000000	16.722756	0.030040
   2.75	1.50	3.333333	15.237569	0.031692
   2.75	1.50	3.666667	14.639556	0.030139
   2.75	1.50	4.000000	14.910690	0.036715
   2.75	1.50	4.333333	14.821913	0.030165
   2.75	1.50	4.666667	16.327679	0.030045
   2.75	2.00	3.750000	17.133097	0.031568
   2.75	2.00	4.000000	15.006882	0.030763
   2.75	2.00	4.250000	13.331418	0.030989
   2.75	2.00	4.500000	12.428780	0.030790
   2.75	2.00	4.750000	12.104553	0.030765
   2.75	3.00	4.166667	13.347243	0.030666
   2.75	3.00	4.333333	12.782339	0.030578
   2.75	3.00	4.500000	12.308187	0.030763
   2.75	3.00	4.666667	12.134281	0.030000
   2.75	3.00	4.833333	12.354603	0.039924
   3.25	0.50	1.000000	24.454699	0.031149
   3.25	0.50	3.000000	25.578842	0.032106
   3.25	0.50	2.000000	23.154361	0.031156
   3.25	0.50	4.000000	30.945065	0.030218
   3.25	2.50	4.000000	16.310329	0.030616
   3.25	2.50	4.200000	16.589226	0.031145
   3.25	2.50	4.400000	16.223706	0.030326
   3.25	2.50	4.600000	16.243546	0.030944
   3.25	2.50	4.800000	16.262971	0.036986
   3.25	3.50	4.285714	15.268915	0.030091
   3.25	3.50	4.428571	14.992832	0.030810
   3.25	3.50	4.571429	13.802713	0.030472
   3.25	3.50	4.714286	13.362217	0.030000
   3.25	3.50	4.857143	13.461906	0.041314
   3.75	0.50	1.000000	32.753824	0.030684
   3.75	0.50	3.000000	48.338866	0.030000
   3.75	0.50	2.000000	40.376755	0.030133
   3.75	0.50	4.000000	38.720615	0.032783
   3.75	1.00	2.500000	28.171756	0.030125
   3.75	1.00	3.000000	24.937536	0.030121
   3.75	1.00	4.500000	18.186209	0.032952
   3.75	1.00	3.500000	23.501213	0.030822
   3.75	1.00	4.000000	20.574311	0.030458
   3.75	1.50	3.333333	17.989809	0.038597
   3.75	1.50	3.666667	19.532195	0.030188
   3.75	1.50	4.000000	21.882999	0.030526
   3.75	1.50	4.333333	22.683199	0.030000
   3.75	1.50	4.666667	22.703409	0.030653
   3.75	2.00	3.750000	19.346649	0.030887
   3.75	2.00	4.000000	18.099741	0.030855
   3.75	2.00	4.250000	17.471477	0.030888
   3.75	2.00	4.500000	17.710743	0.030454
   3.75	2.00	4.750000	17.850813	0.035016
   3.75	3.00	4.166667	17.598237	0.030253
   3.75	3.00	4.333333	17.388760	0.038502
   3.75	3.00	4.500000	16.691431	0.030241
   3.75	3.00	4.666667	16.851013	0.030087
   3.75	3.00	4.833333	18.278912	0.047634
   3.75	4.00	4.375000	11.066267	0.069477
   3.75	4.00	4.500000	10.554146	0.033762
   3.75	4.00	4.625000	9.656258	0.032977
   3.75	4.00	4.750000	9.386572	0.051383
   3.75	4.00	4.875000	10.559727	0.046638
   4.25	0.50	1.000000	41.137176	0.030049
   4.25	0.50	3.000000	47.498460	0.030638
   4.25	0.50	2.000000	55.223708	0.030242
   4.25	0.50	4.000000	37.844496	0.030712
   4.25	1.50	3.333333	23.288074	0.030332
   4.25	1.50	3.666667	25.986775	0.030314
   4.25	1.50	4.000000	27.215904	0.031472
   4.25	1.50	4.333333	27.213231	0.030113
   4.25	1.50	4.666667	24.196516	0.030582
   4.25	3.50	4.285714	16.784690	0.031326
   4.25	3.50	4.428571	16.153553	0.030751
   4.25	3.50	4.571429	15.299643	0.047039
   4.25	3.50	4.714286	13.827933	0.040174
   4.25	3.50	4.857143	13.492168	0.040735
   4.75	0.50	1.000000	56.544394	0.030426
   4.75	0.50	3.000000	49.536387	0.030476
   4.75	0.50	2.000000	62.085977	0.030582
   4.75	0.50	4.000000	41.667990	0.030162
   4.75	1.00	2.500000	37.860304	0.030464
   4.75	1.00	3.000000	31.018181	0.030353
   4.75	1.00	4.500000	24.473428	0.030073
   4.75	1.00	3.500000	26.158762	0.030369
   4.75	1.00	4.000000	25.787382	0.030144
   4.75	2.00	3.750000	24.037359	0.030904
   4.75	2.00	4.000000	24.281173	0.031109
   4.75	2.00	4.250000	23.962011	0.030712
   4.75	2.00	4.500000	23.852825	0.030187
   4.75	2.00	4.750000	25.240318	0.033303
   4.75	2.50	4.000000	25.874722	0.030485
   4.75	2.50	4.200000	24.956344	0.030342
   4.75	2.50	4.400000	22.997471	0.030414
   4.75	2.50	4.600000	21.876356	0.030162
   4.75	2.50	4.800000	21.261428	0.033293
   4.75	4.00	4.375000	11.022224	0.030759
   4.75	4.00	4.500000	9.907040	0.044580
   4.75	4.00	4.625000	10.467291	0.037328
   5.25	0.50	1.000000	63.897839	0.030628
   5.25	0.50	3.000000	53.857461	0.030375
   5.25	0.50	2.000000	58.595696	0.030708
   5.25	0.50	4.000000	44.377291	0.030910
   5.25	1.50	3.333333	37.200812	0.032079
   5.25	1.50	3.666667	37.330246	0.030372
   5.25	1.50	4.000000	33.032388	0.030061
   5.25	1.50	4.333333	28.493314	0.030108
   5.25	1.50	4.666667	26.737998	0.030028
   5.75	0.50	1.000000	65.268450	0.030231
   5.75	0.50	3.000000	63.263826	0.030479
   5.75	0.50	2.000000	69.037207	0.030155
   5.75	0.50	4.000000	65.451743	0.030206
   5.75	1.00	2.500000	35.627565	0.030123
   5.75	1.00	3.000000	34.612235	0.030083
   5.75	1.00	4.500000	35.608004	0.030301
   5.75	1.00	3.500000	32.825689	0.030059
   5.75	1.00	4.000000	34.435253	0.033129
   5.75	1.50	3.333333	40.773057	0.030301
   5.75	1.50	3.666667	35.493992	0.030115
   5.75	1.50	4.000000	30.464870	0.030493
   5.75	1.50	4.333333	28.409679	0.030518
   5.75	1.50	4.666667	27.709277	0.030509
   5.75	2.00	3.750000	27.570147	0.030456
   5.75	2.00	4.000000	27.537288	0.030709
   5.75	2.00	4.250000	28.995767	0.030669
   5.75	2.00	4.500000	28.777353	0.030776
   5.75	2.00	4.750000	28.872486	0.030998
   5.75	2.50	4.000000	25.542251	0.030082
   5.75	2.50	4.200000	24.397106	0.030389
   5.75	2.50	4.400000	23.277347	0.030568
   5.75	2.50	4.600000	21.523470	0.030548
   5.75	2.50	4.800000	23.515124	0.052448
   5.75	3.00	4.166667	23.399996	0.039491
   5.75	3.00	4.333333	22.281573	0.031105
   5.75	3.00	4.500000	21.482638	0.030062
   5.75	3.00	4.666667	19.905206	0.038857
   5.75	3.00	4.833333	19.211807	0.030756
   6.25	0.50	1.000000	39.849617	0.030336
   6.25	0.50	3.000000	48.315058	0.030557
   6.25	0.50	2.000000	43.923823	0.030427
   6.25	0.50	4.000000	43.191673	0.033586
   6.75	0.50	1.000000	50.113916	0.030421
   6.75	0.50	3.000000	59.414143	0.030907
   6.75	0.50	2.000000	65.421999	0.030164
   6.75	0.50	4.000000	46.334271	0.031308
   6.75	1.00	2.500000	40.669454	0.030100
   6.75	1.00	3.000000	40.644266	0.030663
   6.75	1.00	4.500000	46.175229	0.030116
   6.75	1.00	3.500000	42.652846	0.030091
   6.75	1.00	4.000000	44.320151	0.030608
   6.75	1.50	3.333333	31.240750	0.030423
   6.75	1.50	3.666667	28.935570	0.030155
   6.75	1.50	4.000000	28.126999	0.030053
   6.75	1.50	4.333333	28.003641	0.030022
   6.75	1.50	4.666667	28.022371	0.030529
   6.75	2.00	3.750000	30.232477	0.030246
   6.75	2.00	4.000000	30.095630	0.030403
   6.75	2.00	4.250000	30.022694	0.030413
   6.75	2.00	4.500000	30.318241	0.030324
   6.75	2.00	4.750000	27.621495	0.031677
   6.75	3.00	4.166667	22.984298	0.031451
   6.75	3.00	4.333333	19.340201	0.042741
   6.75	3.00	4.500000	20.246412	0.033976
   6.75	3.00	4.666667	18.415386	0.030000
   6.75	3.00	4.833333	18.731540	0.046364
   6.75	3.50	4.285714	14.813493	0.036573
   6.75	3.50	4.428571	14.595005	0.107816
   6.75	3.50	4.571429	12.327552	0.031982
   6.75	3.50	4.714286	11.251151	0.033905
   6.75	3.50	4.857143	14.538858	0.086575
   7.25	0.50	1.000000	49.416192	0.030447
   7.25	0.50	3.000000	44.141596	0.030839
   7.25	0.50	2.000000	52.359934	0.030256
   7.25	0.50	4.000000	44.710597	0.035422
   7.25	1.50	3.333333	30.117033	0.030257
   7.25	1.50	3.666667	29.352953	0.030473
   7.25	1.50	4.000000	29.098662	0.030327
   7.25	1.50	4.333333	29.041486	0.030127
   7.25	1.50	4.666667	28.604513	0.030311
   7.25	2.50	4.000000	24.504574	0.031196
   7.25	2.50	4.200000	27.133097	0.070014
   7.25	2.50	4.400000	24.430098	0.030865
   7.25	2.50	4.600000	24.960552	0.030000
   7.25	2.50	4.800000	29.113962	0.048131
   7.75	0.50	1.000000	42.116927	0.030755
   7.75	0.50	3.000000	44.867725	0.030150
   7.75	0.50	2.000000	41.766051	0.031154
   7.75	0.50	4.000000	43.744010	0.030770
   7.75	1.00	2.500000	51.101476	0.030000
   7.75	1.00	3.000000	51.429088	0.030393
   7.75	1.00	4.500000	34.555205	0.030505
   7.75	1.00	3.500000	53.171494	0.030182
   7.75	1.00	4.000000	42.897102	0.030683
   7.75	2.00	3.750000	33.508532	0.030853
   7.75	2.00	4.000000	33.922438	0.030595
   7.75	2.00	4.250000	30.352760	0.030766
   7.75	2.00	4.500000	29.554741	0.030302
   7.75	2.00	4.750000	28.611226	0.034496
   7.75	3.50	4.285714	12.575732	0.030553
   7.75	3.50	4.428571	11.550895	0.032298
   7.75	3.50	4.571429	11.290399	0.053565
   7.75	3.50	4.714286	11.440376	0.075254
   8.25	0.50	1.000000	36.752082	0.031311
   8.25	0.50	3.000000	51.562410	0.030522
   8.25	0.50	2.000000	47.831461	0.030364
   8.25	0.50	4.000000	50.862468	0.031853
   8.25	1.50	3.333333	33.144702	0.030438
   8.25	1.50	3.666667	33.102189	0.030493
   8.25	1.50	4.000000	32.559293	0.030231
   8.25	1.50	4.333333	33.962913	0.030090
   8.25	1.50	4.666667	35.164325	0.030844
   8.25	2.50	4.000000	26.618414	0.030472
   8.25	2.50	4.200000	27.119458	0.030875
   8.25	2.50	4.400000	28.111960	0.030000
   8.25	2.50	4.600000	26.349566	0.030224
   8.25	2.50	4.800000	25.758264	0.049232
   8.75	0.50	1.000000	44.149062	0.030061
   8.75	0.50	3.000000	64.706562	0.045454
   8.75	0.50	2.000000	59.380251	0.030451
   8.75	0.50	4.000000	71.394108	0.033395
   8.75	1.00	2.500000	64.431755	0.030853
   8.75	1.00	3.000000	51.304293	0.030705
   8.75	1.00	4.500000	34.058691	0.030197
   8.75	1.00	3.500000	40.366600	0.030120
   8.75	1.00	4.000000	35.104034	0.030911
   8.75	1.50	3.333333	33.645320	0.030288
   8.75	1.50	3.666667	33.178627	0.030922
   8.75	1.50	4.000000	34.526685	0.030217
   8.75	1.50	4.333333	35.930269	0.030085
   8.75	1.50	4.666667	37.044473	0.030300
   8.75	2.00	3.750000	33.043587	0.030000
   8.75	2.00	4.000000	31.602078	0.030107
   8.75	2.00	4.250000	29.873013	0.030130
   8.75	2.00	4.500000	27.385500	0.030489
   8.75	2.00	4.750000	28.807714	0.044469
   8.75	3.00	4.166667	18.169701	0.032264
   8.75	3.00	4.333333	17.000738	0.032318
   8.75	3.00	4.500000	16.401759	0.049642
   8.75	3.00	4.666667	14.764490	0.032088
   8.75	3.00	4.833333	14.039664	0.048366
   9.25	0.50	1.000000	43.533907	0.030538
   9.25	0.50	3.000000	64.149464	0.030787
   9.25	0.50	2.000000	54.379531	0.030492
   9.25	0.50	4.000000	60.590239	0.032778
   9.75	0.50	1.000000	59.552729	0.030309
   9.75	0.50	3.000000	71.517909	0.030471
   9.75	0.50	2.000000	73.761591	0.030363
   9.75	0.50	4.000000	76.315967	0.030375
   9.75	1.00	2.500000	40.727971	0.030162
   9.75	1.00	3.000000	34.829162	0.030048
   9.75	1.00	4.500000	33.179510	0.030202
   9.75	1.00	3.500000	33.709788	0.030323
   9.75	1.00	4.000000	34.551908	0.030049
   9.75	1.50	3.333333	32.129774	0.030954
   9.75	1.50	3.666667	33.435344	0.030061
   9.75	1.50	4.000000	34.583302	0.030217
   9.75	1.50	4.333333	34.625919	0.030088
   9.75	1.50	4.666667	32.751853	0.030453
   9.75	2.00	3.750000	29.410936	0.030292
   9.75	2.00	4.000000	27.101775	0.032484
   9.75	2.00	4.250000	26.202282	0.031184
   9.75	2.00	4.500000	27.773879	0.033859
   9.75	2.00	4.750000	27.603302	0.032237
   9.75	2.50	4.000000	27.397044	0.030306
   9.75	2.50	4.200000	24.041287	0.030790
   9.75	2.50	4.400000	23.211956	0.031366
   9.75	2.50	4.600000	21.264854	0.031110
   9.75	2.50	4.800000	20.419789	0.040998
   9.75	3.00	4.166667	20.416105	0.068717
   9.75	3.00	4.333333	16.210877	0.031140
   9.75	3.00	4.500000	17.085167	0.085925
   9.75	3.00	4.666667	15.167851	0.049373
   9.75	3.00	4.833333	15.042496	0.030000
   10.25	0.50	1.000000	82.421048	0.030081
   10.25	0.50	3.000000	92.182866	0.030730
   10.25	0.50	2.000000	90.276079	0.030445
   10.25	0.50	4.000000	72.470211	0.034646
   10.25	1.50	3.333333	33.709185	0.030287
   10.25	1.50	3.666667	35.037670	0.030699
   10.25	1.50	4.000000	35.175997	0.030142
   10.25	1.50	4.333333	33.286904	0.030828
   10.25	1.50	4.666667	31.650514	0.031172
   10.75	0.50	1.000000	61.449058	0.030599
   10.75	0.50	3.000000	59.518895	0.032828
   10.75	0.50	2.000000	77.343668	0.030433
   10.75	0.50	4.000000	36.048834	0.030700
   10.75	1.00	2.500000	32.536840	0.030439
   10.75	1.00	3.000000	32.520107	0.030957
   10.75	1.00	4.500000	31.372134	0.030713
   10.75	1.00	3.500000	30.682720	0.030630
   10.75	1.00	4.000000	29.984969	0.030842
   10.75	2.00	3.750000	30.029517	0.030476
   10.75	2.00	4.000000	30.983318	0.030978
   10.75	2.00	4.250000	31.622025	0.034046
   10.75	2.00	4.500000	31.490325	0.032411
   10.75	2.00	4.750000	32.423410	0.030000
   10.75	2.50	4.000000	28.465806	0.031030
   10.75	2.50	4.200000	25.971437	0.030548
   10.75	2.50	4.400000	23.551988	0.030673
   10.75	2.50	4.600000	24.045237	0.049642
   10.75	2.50	4.800000	19.364238	0.042962
   11.25	0.50	1.000000	82.221592	0.030777
   11.25	0.50	3.000000	42.456019	0.030079
   11.25	0.50	2.000000	76.027243	0.031373
   11.25	0.50	4.000000	38.340873	0.030114
   11.25	1.50	3.333333	41.989369	0.030499
   11.25	1.50	3.666667	39.983093	0.030153
   11.25	1.50	4.000000	38.135935	0.030197
   11.25	1.50	4.333333	36.805614	0.030749
   11.25	1.50	4.666667	32.877722	0.030677
   11.75	0.50	1.000000	63.702648	0.031392
   11.75	0.50	3.000000	40.077331	0.030168
   11.75	0.50	2.000000	39.582731	0.031860
   11.75	0.50	4.000000	37.377387	0.030653
   11.75	1.00	2.500000	40.515032	0.030705
   11.75	1.00	3.000000	38.888595	0.030238
   11.75	1.00	4.500000	43.667986	0.030102
   11.75	1.00	3.500000	40.004993	0.030272
   11.75	1.00	4.000000	39.679301	0.030254
   11.75	1.50	3.333333	45.783589	0.030345
   11.75	1.50	3.666667	43.913473	0.030251
   11.75	1.50	4.000000	42.304967	0.030272
   11.75	1.50	4.333333	37.434821	0.030540
   11.75	1.50	4.666667	36.824730	0.030846
   11.75	2.00	3.750000	39.919403	0.031717
   11.75	2.00	4.000000	40.049608	0.030521
   11.75	2.00	4.250000	40.854020	0.033038
   11.75	2.00	4.500000	35.417953	0.033028
   11.75	2.00	4.750000	33.067197	0.031743
   11.75	3.00	4.166667	15.579058	0.035702
   11.75	3.00	4.333333	15.332774	0.036428
   11.75	3.00	4.500000	13.981789	0.031439
   12.25	0.50	1.000000	33.309355	0.030552
   12.25	0.50	3.000000	44.091599	0.030764
   12.25	0.50	2.000000	43.680599	0.031072
   12.25	0.50	4.000000	46.900893	0.032871
   12.25	2.50	4.000000	26.025706	0.036428
   12.25	2.50	4.200000	23.898620	0.030497
   12.25	2.50	4.400000	22.406710	0.030118
   12.25	2.50	4.600000	19.869584	0.030742
   12.25	2.50	4.800000	17.356401	0.045207
   12.75	0.50	1.000000	36.090555	0.030371
   12.75	0.50	3.000000	52.745647	0.030319
   12.75	0.50	2.000000	46.141213	0.030290
   12.75	0.50	4.000000	53.654991	0.030580
   12.75	1.00	2.500000	50.582206	0.030261
   12.75	1.00	3.000000	48.970548	0.030524
   12.75	1.00	4.500000	50.814478	0.030022
   12.75	1.00	3.500000	53.496004	0.030825
   12.75	1.00	4.000000	55.711186	0.030846
   12.75	1.50	3.333333	44.650414	0.031029
   12.75	1.50	3.666667	39.762436	0.030359
   12.75	1.50	4.000000	39.112551	0.030512
   12.75	1.50	4.333333	37.904129	0.031455
   12.75	1.50	4.666667	42.076777	0.033527
   12.75	2.00	3.750000	40.832173	0.036994
   12.75	2.00	4.000000	35.568495	0.043252
   12.75	2.00	4.250000	33.425865	0.030812
   12.75	2.00	4.500000	30.397811	0.031028
   12.75	2.00	4.750000	28.352309	0.037252
   12.75	3.00	4.166667	14.714982	0.033022
   13.25	0.50	1.000000	33.359988	0.030251
   13.25	0.50	3.000000	52.071894	0.031293
   13.25	0.50	2.000000	47.379086	0.030706
   13.25	0.50	4.000000	48.348393	0.030557
   13.25	1.50	3.333333	37.121381	0.030426
   13.25	1.50	3.666667	36.581727	0.030413
   13.25	1.50	4.000000	35.523828	0.030380
   13.25	1.50	4.333333	39.167479	0.035002
   13.25	1.50	4.666667	38.593110	0.032307
   13.25	2.50	4.000000	22.426852	0.030747
   13.25	2.50	4.200000	19.979578	0.031045
   13.25	2.50	4.400000	18.272775	0.032315
   13.25	2.50	4.600000	16.698081	0.052627
   13.25	2.50	4.800000	16.288192	0.035921
   13.75	0.50	1.000000	26.379183	0.030710
   13.75	0.50	3.000000	35.639917	0.031134
   13.75	0.50	2.000000	35.325874	0.034130
   13.75	0.50	4.000000	39.975122	0.030446
   13.75	1.00	2.500000	40.720321	0.031186
   13.75	1.00	3.000000	43.429750	0.031395
   13.75	1.00	4.500000	40.738553	0.030648
   13.75	1.00	3.500000	40.256667	0.030330
   13.75	1.00	4.000000	41.801655	0.030193
   13.75	2.00	3.750000	32.892376	0.030800
   13.75	2.00	4.000000	30.018048	0.030426
   13.75	2.00	4.250000	27.184818	0.037990
   13.75	2.00	4.500000	26.038895	0.030000
   13.75	2.00	4.750000	25.502538	0.034838
   14.25	0.50	1.000000	28.877887	0.030637
   14.25	0.50	3.000000	38.996782	0.030345
   14.25	0.50	2.000000	33.343189	0.031445
   14.25	0.50	4.000000	36.580613	0.030382
   14.25	1.50	3.333333	35.907122	0.030476
   14.25	1.50	3.666667	39.809246	0.032050
   14.25	1.50	4.000000	40.285768	0.030497
   14.25	1.50	4.333333	41.352202	0.030370
   14.25	1.50	4.666667	36.497474	0.030203
   14.75	0.50	1.000000	29.225923	0.030023
   14.75	0.50	3.000000	37.244544	0.030181
   14.75	0.50	2.000000	39.472006	0.030475
   14.75	0.50	4.000000	37.193306	0.030697
   14.75	1.00	2.500000	43.952983	0.030799
   14.75	1.00	3.000000	46.241510	0.030138
   14.75	1.00	4.500000	38.365717	0.030233
   14.75	1.00	3.500000	45.555787	0.030165
   14.75	1.00	4.000000	40.150515	0.030268
   14.75	1.50	3.333333	41.474986	0.030932
   14.75	1.50	3.666667	41.771431	0.031954
   14.75	1.50	4.000000	43.410032	0.030576
   14.75	1.50	4.333333	38.275067	0.030064
   14.75	1.50	4.666667	37.438886	0.031585
   14.75	2.00	3.750000	30.840202	0.033704
   14.75	2.00	4.000000	29.464234	0.030914
   14.75	2.00	4.250000	28.764565	0.031079
   14.75	2.00	4.500000	25.484651	0.030385
   14.75	2.00	4.750000	23.703326	0.031346
   14.75	2.50	4.000000	19.235362	0.031740
   14.75	2.50	4.200000	18.606652	0.030663
   14.75	2.50	4.400000	16.989716	0.030000
   14.75	2.50	4.600000	16.928460	0.030000
   15.25	0.50	1.000000	42.977904	0.030405
   15.25	0.50	3.000000	43.529740	0.030309
   15.25	0.50	2.000000	45.132359	0.030445
   15.25	0.50	4.000000	51.941857	0.030671
   15.75	0.50	1.000000	40.829839	0.030270
   15.75	0.50	3.000000	51.640978	0.030326
   15.75	0.50	2.000000	42.493828	0.030661
   15.75	0.50	4.000000	47.053260	0.030572
   15.75	1.00	2.500000	53.371478	0.030082
   15.75	1.00	3.000000	46.758535	0.030457
   15.75	1.00	4.500000	42.272054	0.030339
   15.75	1.00	3.500000	44.538157	0.030309
   15.75	1.00	4.000000	41.853298	0.030410
   15.75	1.50	3.333333	50.488120	0.031532
   15.75	1.50	3.666667	43.973182	0.030353
   15.75	1.50	4.000000	42.990367	0.030932
   15.75	1.50	4.333333	37.174386	0.030165
   15.75	1.50	4.666667	33.052828	0.034490
   15.75	2.00	3.750000	32.778823	0.030697
   15.75	2.00	4.000000	29.085146	0.030162
   15.75	2.00	4.250000	27.026894	0.030516
   15.75	2.00	4.500000	24.243981	0.040323
   15.75	2.00	4.750000	21.693152	0.030000
   15.75	2.50	4.000000	20.768345	0.032298
   15.75	2.50	4.200000	20.651605	0.030690
   16.25	0.50	1.000000	35.397563	0.031503
   16.25	0.50	3.000000	50.179193	0.030470
   16.25	0.50	2.000000	51.193036	0.031281
   16.25	0.50	4.000000	52.306923	0.030267
   16.25	1.50	3.333333	47.530175	0.030509
   16.25	1.50	3.666667	46.653806	0.031400
   16.25	1.50	4.000000	40.371187	0.030397
   16.25	1.50	4.333333	36.119965	0.032712
   16.25	1.50	4.666667	35.019574	0.030254
   16.75	0.50	1.000000	40.253958	0.030740
   16.75	0.50	3.000000	49.755418	0.030338
   16.75	0.50	2.000000	44.527617	0.030000
   16.75	0.50	4.000000	59.344271	0.030085
   16.75	1.00	2.500000	50.440038	0.030261
   16.75	1.00	3.000000	46.515208	0.030434
   16.75	1.00	4.500000	55.862166	0.030641
   16.75	1.00	3.500000	45.965951	0.030452
   16.75	1.00	4.000000	53.881268	0.031500
   16.75	2.00	3.750000	31.551031	0.030724
   16.75	2.00	4.000000	28.302426	0.031903
   16.75	2.00	4.250000	25.297898	0.031227
   16.75	2.00	4.500000	25.061537	0.030748
   16.75	2.00	4.750000	22.033883	0.031541
   17.25	0.50	1.000000	33.673716	0.030944
   17.25	0.50	3.000000	61.571107	0.030984
   17.25	0.50	2.000000	47.131134	0.030767
   17.25	0.50	4.000000	53.525174	0.030821
   17.25	1.50	3.333333	46.494723	0.030284
   17.25	1.50	3.666667	41.113522	0.030794
   17.25	1.50	4.000000	40.113233	0.030262
   17.25	1.50	4.333333	40.223789	0.030137
   17.25	1.50	4.666667	34.941561	0.034247
   17.75	0.50	1.000000	44.539683	0.030608
   17.75	0.50	3.000000	62.263909	0.031244
   17.75	0.50	2.000000	66.773447	0.030401
   17.75	0.50	4.000000	66.118283	0.030285
   17.75	1.00	2.500000	51.334374	0.030257
   17.75	1.00	3.000000	60.514053	0.031224
   17.75	1.00	4.500000	59.000771	0.030607
   17.75	1.00	3.500000	64.826456	0.031043
   17.75	1.00	4.000000	56.348751	0.030776
   17.75	1.50	3.333333	41.948881	0.030307
   17.75	1.50	3.666667	40.729308	0.030120
   17.75	1.50	4.000000	41.007760	0.030305
   17.75	1.50	4.333333	38.388285	0.031914
   17.75	1.50	4.666667	33.388539	0.030133
   17.75	2.00	3.750000	28.497704	0.033207
   17.75	2.00	4.000000	28.416702	0.033791
   17.75	2.00	4.250000	24.813490	0.030219
   17.75	2.00	4.500000	25.266148	0.030247
   17.75	2.00	4.750000	26.025966	0.037901
   18.25	0.50	1.000000	43.397867	0.030270
   18.25	0.50	3.000000	56.954823	0.030059
   18.25	0.50	2.000000	49.482911	0.030541
   18.25	0.50	4.000000	51.714782	0.030911
   18.75	0.50	1.000000	42.252972	0.030839
   18.75	0.50	3.000000	55.071644	0.030122
   18.75	0.50	2.000000	59.900765	0.030134
   18.75	0.50	4.000000	50.399830	0.030080
   18.75	1.00	2.500000	71.214762	0.030555
   18.75	1.00	3.000000	59.690310	0.031128
   18.75	1.00	4.500000	45.066869	0.031986
   18.75	1.00	3.500000	65.079230	0.030297
   18.75	1.00	4.000000	55.738257	0.030242
   18.75	1.50	3.333333	41.913422	0.030046
   18.75	1.50	3.666667	38.389547	0.033402
   18.75	1.50	4.000000	34.532347	0.030275
   18.75	1.50	4.333333	32.518359	0.033012
   18.75	1.50	4.666667	29.233390	0.031015
   18.75	2.00	3.750000	24.716183	0.030162
   18.75	2.00	4.000000	25.157435	0.030294
   18.75	2.00	4.250000	25.473425	0.033654
   19.25	0.50	1.000000	55.158171	0.030042
   19.25	0.50	3.000000	56.914354	0.030118
   19.25	0.50	2.000000	60.869869	0.030000
   19.25	0.50	4.000000	57.740726	0.030052
   19.25	1.50	3.333333	40.700350	0.031267
   19.25	1.50	3.666667	35.110935	0.030232
   19.25	1.50	4.000000	32.993264	0.030000
   19.25	1.50	4.333333	29.540107	0.033316
   19.25	1.50	4.666667	28.729729	0.031033
   19.75	0.50	1.000000	41.398620	0.030574
   19.75	0.50	3.000000	46.031914	0.030951
   19.75	0.50	2.000000	43.639905	0.030368
   19.75	0.50	4.000000	68.641953	0.030785
   19.75	1.00	2.500000	63.097399	0.030487
   19.75	1.00	3.000000	54.186006	0.030994
   19.75	1.00	4.500000	42.424804	0.030348
   19.75	1.00	3.500000	43.108331	0.030448
   19.75	1.00	4.000000	40.947052	0.030107
   19.75	2.00	3.750000	26.656016	0.036857
   20.25	0.50	1.000000	35.299848	0.030360
   20.25	0.50	3.000000	70.834628	0.030238
   20.25	0.50	2.000000	44.619417	0.030450
   20.25	0.50	4.000000	54.233621	0.030248
   20.25	1.50	3.333333	34.931580	0.031845
   20.25	1.50	3.666667	31.267974	0.031566
   20.25	1.50	4.000000	30.246185	0.030000
   20.25	1.50	4.333333	26.902960	0.030068
   20.25	1.50	4.666667	26.388189	0.030169
   20.75	0.50	1.000000	33.614093	0.030428
   20.75	0.50	3.000000	53.995541	0.030624
   20.75	0.50	2.000000	61.815312	0.030411
   20.75	0.50	4.000000	69.460197	0.030642
   20.75	1.00	2.500000	50.741255	0.030173
   20.75	1.00	3.000000	46.591706	0.030264
   20.75	1.00	4.500000	41.257513	0.030868
   20.75	1.00	3.500000	48.111311	0.030462
   20.75	1.00	4.000000	45.053426	0.031495
   20.75	1.50	3.333333	32.680576	0.030789
   20.75	1.50	3.666667	31.360314	0.032603
   20.75	1.50	4.000000	28.141859	0.030160
   20.75	1.50	4.333333	27.441601	0.030223
   20.75	1.50	4.666667	28.226064	0.031051
   21.25	0.50	1.000000	47.074590	0.030405
   21.25	0.50	3.000000	74.474808	0.030543
   21.25	0.50	2.000000	51.672856	0.030155
   21.25	0.50	4.000000	72.913030	0.030831
   21.75	0.50	1.000000	38.563473	0.030000
   21.75	0.50	3.000000	74.896202	0.030674
   21.75	0.50	2.000000	69.818926	0.030422
   21.75	0.50	4.000000	59.485565	0.030340
   21.75	1.00	2.500000	65.547520	0.030536
   21.75	1.00	3.000000	61.932982	0.030109
   21.75	1.00	4.500000	44.383463	0.031210
   21.75	1.00	3.500000	55.801719	0.030000
   21.75	1.00	4.000000	48.057103	0.030413
   21.75	1.50	3.333333	34.126783	0.030236
   21.75	1.50	3.666667	33.071325	0.030160
   21.75	1.50	4.000000	33.361433	0.030000
   21.75	1.50	4.333333	33.073268	0.030556
   22.25	0.50	1.000000	71.665329	0.030644
   22.25	0.50	3.000000	83.452635	0.030444
   22.25	0.50	2.000000	95.640209	0.030700
   22.25	0.50	4.000000	68.770518	0.031273
   22.25	1.50	3.333333	36.691693	0.030149
   22.25	1.50	3.666667	37.073730	0.030881
   22.25	1.50	4.000000	35.943493	0.030320
   22.75	0.50	1.000000	57.303638	0.030730
   22.75	0.50	3.000000	56.559619	0.030417
   22.75	0.50	2.000000	63.470546	0.030084
   22.75	0.50	4.000000	62.347235	0.030216
   22.75	1.00	2.500000	62.796186	0.030420
   22.75	1.00	3.000000	53.100382	0.030254
   22.75	1.00	4.500000	37.220349	0.031443
   22.75	1.00	3.500000	48.348281	0.030600
   22.75	1.00	4.000000	46.872322	0.030000
   23.25	0.50	1.000000	61.439593	0.030044
   23.25	0.50	3.000000	76.169904	0.030088
   23.25	0.50	2.000000	65.570583	0.030225
   23.25	0.50	4.000000	75.584241	0.030178
   23.25	1.50	3.333333	34.339803	0.030009
   23.75	0.50	1.000000	44.567367	0.030676
   23.75	0.50	3.000000	65.842184	0.030716
   23.75	0.50	2.000000	60.986275	0.030022
   23.75	0.50	4.000000	65.189856	0.030723
   23.75	1.00	2.500000	48.173139	0.030820
   23.75	1.00	3.000000	47.443706	0.030568
   23.75	1.00	4.500000	35.271375	0.031522
   23.75	1.00	3.500000	36.932430	0.030523
   23.75	1.00	4.000000	36.425329	0.030157
   24.25	0.50	1.000000	42.311885	0.030229
   24.25	0.50	3.000000	58.240434	0.030173
   24.25	0.50	2.000000	54.046402	0.030644
   24.25	0.50	4.000000	54.633589	0.030740
   24.75	0.50	1.000000	43.732416	0.030926
   24.75	0.50	3.000000	57.326220	0.030881
   24.75	0.50	2.000000	57.081473	0.030258
   24.75	0.50	4.000000	47.562743	0.030991
   24.75	1.00	2.500000	42.524524	0.030000
   24.75	1.00	3.000000	41.420402	0.030195
   24.75	1.00	4.500000	34.062803	0.030131
   24.75	1.00	3.500000	39.186907	0.030493
   24.75	1.00	4.000000	34.385315	0.030069
   25.25	0.50	1.000000	49.518873	0.030230
   25.25	0.50	3.000000	53.369403	0.030442
   25.25	0.50	2.000000	59.999190	0.030312
   25.25	0.50	4.000000	66.332623	0.030508
   25.75	0.50	1.000000	44.586292	0.030270
   25.75	0.50	3.000000	64.561342	0.030313
   25.75	0.50	2.000000	48.054812	0.030473
   25.75	0.50	4.000000	47.304951	0.030139
   25.75	1.00	2.500000	41.474922	0.030635
   25.75	1.00	3.000000	35.299538	0.030110
   25.75	1.00	3.500000	33.689100	0.030115
   26.25	0.50	1.000000	30.643377	0.030251
   26.25	0.50	3.000000	40.308577	0.030084
   26.25	0.50	2.000000	51.372853	0.030339
   26.25	0.50	4.000000	39.330089	0.031027
   26.75	0.50	1.000000	42.276867	0.030324
   26.75	0.50	3.000000	40.437139	0.030083
   26.75	0.50	2.000000	39.366956	0.030102
   26.75	0.50	4.000000	47.010406	0.030430
   26.75	1.00	2.500000	32.009843	0.031372
   27.25	0.50	1.000000	28.133788	0.030285
   27.25	0.50	3.000000	45.553384	0.030148
   27.25	0.50	2.000000	35.746070	0.030337
   27.25	0.50	4.000000	37.406424	0.030166
   27.75	0.50	1.000000	32.360364	0.030248
   27.75	0.50	3.000000	47.510364	0.030142
   27.75	0.50	2.000000	51.740995	0.030414
   27.75	0.50	4.000000	43.729724	0.030308
   28.25	0.50	1.000000	43.268446	0.030278
   28.25	0.50	3.000000	47.074688	0.030787
   28.25	0.50	2.000000	48.236517	0.030139
   28.25	0.50	4.000000	43.243372	0.030249
   28.75	0.50	1.000000	45.420061	0.030560
   28.75	0.50	3.000000	54.014591	0.030374
   28.75	0.50	2.000000	54.300035	0.030246
   29.25	0.50	1.000000	46.908969	0.030121
   29.25	0.50	2.000000	59.196654	0.030317
   29.75	0.50	1.000000	55.889260	0.030545
