LR01---.AMP
0.50
3
790
0
0
Error estimate for data present
Type of error estimate (0=same unit as data)
1
  -0.25	   0.50	   4.000000	  64.538186	   0.030305
  -0.25	   0.50	   1.000000	  65.999413	   0.030418
  -0.25	   0.50	   2.000000	  75.848378	   0.030088
  -0.25	   0.50	   3.000000	  86.665596	   0.030386
  -0.25	   1.00	   3.500000	  25.512939	   0.030403
  -0.25	   1.00	   2.500000	  39.324644	   0.030231
  -0.25	   1.00	   4.500000	  18.078812	   0.030683
  -0.25	   1.00	   4.000000	  22.823567	   0.030881
  -0.25	   1.00	   3.000000	  31.291068	   0.030308
  -0.25	   1.50	   3.666667	  18.574533	   0.031202
  -0.25	   1.50	   4.333333	  16.456033	   0.030372
  -0.25	   1.50	   4.000000	  18.312635	   0.035481
  -0.25	   1.50	   4.666667	  16.232214	   0.031364
  -0.25	   1.50	   3.333333	  18.609042	   0.031083
  -0.25	   2.00	   4.250000	  12.922508	   0.033012
  -0.25	   2.00	   4.750000	  11.777113	   0.048858
  -0.25	   2.00	   4.500000	  11.849858	   0.031516
  -0.25	   2.00	   3.750000	  14.455811	   0.030396
  -0.25	   2.00	   4.000000	  13.564111	   0.030741
  -0.25	   2.50	   4.200000	   9.806620	   0.030241
  -0.25	   2.50	   4.600000	   9.218305	   0.057773
  -0.25	   2.50	   4.800000	   8.428067	   0.030392
  -0.25	   2.50	   4.000000	   9.790580	   0.033421
  -0.25	   2.50	   4.400000	   9.056422	   0.030000
  -0.25	   3.00	   4.666667	   7.187061	   0.033081
  -0.25	   3.00	   4.500000	   7.491893	   0.036293
  -0.25	   3.00	   4.333333	   7.550925	   0.032029
  -0.25	   3.00	   4.833333	   6.491015	   0.030000
  -0.25	   3.00	   4.166667	   8.068872	   0.032755
  -0.25	   3.50	   4.285714	   5.823100	   0.031194
  -0.25	   3.50	   4.571429	   5.749156	   0.037821
  -0.25	   3.50	   4.714286	   5.881918	   0.030751
  -0.25	   3.50	   4.428571	   5.778466	   0.033266
  -0.25	   3.50	   4.857143	   5.996818	   0.031589
  -0.25	   4.00	   4.500000	   6.280551	   0.045729
  -0.25	   4.00	   4.750000	   6.073017	   0.037626
  -0.25	   4.00	   4.875000	   5.790611	   0.031898
  -0.25	   4.00	   4.375000	   6.180991	   0.033385
  -0.25	   4.00	   4.625000	   6.160579	   0.044837
  -0.25	   4.50	   4.444444	   5.519253	   0.033549
  -0.25	   4.50	   4.888889	   4.861802	   0.057134
  -0.25	   4.50	   4.555556	   5.323309	   0.038808
  -0.25	   4.50	   4.777778	   5.055920	   0.054403
  -0.25	   4.50	   4.666667	   5.084963	   0.033266
   0.25	   0.50	   1.000000	  65.600158	   0.030281
   0.25	   0.50	   3.000000	  86.534526	   0.030292
   0.25	   0.50	   2.000000	 100.009690	   0.030000
   0.25	   0.50	   4.000000	  57.247978	   0.030088
   0.75	   0.50	   1.000000	  78.359852	   0.030021
   0.75	   0.50	   3.000000	  67.680068	   0.030174
   0.75	   0.50	   2.000000	  89.237415	   0.030412
   0.75	   0.50	   4.000000	  59.068565	   0.030285
   0.75	   1.00	   2.500000	  40.485871	   0.030814
   0.75	   1.00	   3.000000	  34.979090	   0.030265
   0.75	   1.00	   4.500000	  20.276455	   0.030110
   0.75	   1.00	   3.500000	  25.284690	   0.030024
   0.75	   1.00	   4.000000	  22.170123	   0.030266
   0.75	   1.50	   3.333333	  20.732937	   0.033108
   0.75	   1.50	   3.666667	  18.232740	   0.032014
   0.75	   1.50	   4.000000	  17.496000	   0.031287
   0.75	   1.50	   4.333333	  17.401997	   0.037036
   0.75	   1.50	   4.666667	  15.675788	   0.035678
   0.75	   2.00	   3.750000	  14.528585	   0.031377
   0.75	   2.00	   4.000000	  13.142743	   0.033457
   0.75	   2.00	   4.250000	  13.054856	   0.072296
   0.75	   2.00	   4.500000	  12.134632	   0.061823
   0.75	   2.00	   4.750000	  10.896135	   0.034959
   0.75	   2.50	   4.000000	   9.917883	   0.030844
   0.75	   2.50	   4.200000	   9.805524	   0.050925
   0.75	   2.50	   4.400000	   9.111775	   0.033190
   0.75	   2.50	   4.600000	   8.824206	   0.033677
   0.75	   2.50	   4.800000	   9.506972	   0.052580
   0.75	   3.00	   4.166667	   8.112105	   0.032056
   0.75	   3.00	   4.333333	   7.842006	   0.031570
   0.75	   3.00	   4.500000	   7.023152	   0.040985
   0.75	   3.00	   4.666667	   6.576182	   0.046743
   0.75	   3.00	   4.833333	   7.030032	   0.052375
   0.75	   3.50	   4.285714	   6.373934	   0.043095
   0.75	   3.50	   4.428571	   6.543809	   0.031159
   0.75	   3.50	   4.571429	   6.647436	   0.047762
   0.75	   3.50	   4.714286	   6.604071	   0.045965
   0.75	   3.50	   4.857143	   7.580248	   0.052364
   0.75	   4.00	   4.375000	   6.885192	   0.047624
   0.75	   4.00	   4.500000	   6.738318	   0.031339
   0.75	   4.00	   4.625000	   6.281650	   0.033051
   0.75	   4.00	   4.750000	   7.822143	   0.107099
   0.75	   4.00	   4.875000	   7.205230	   0.056997
   0.75	   4.50	   4.444444	   5.882817	   0.035827
   0.75	   4.50	   4.555556	   5.515516	   0.062336
   0.75	   4.50	   4.666667	   5.438934	   0.031014
   0.75	   4.50	   4.777778	   4.928671	   0.052523
   1.25	   0.50	   1.000000	  67.177676	   0.030087
   1.25	   0.50	   3.000000	  63.777253	   0.030175
   1.25	   0.50	   2.000000	  65.449916	   0.030153
   1.25	   0.50	   4.000000	  58.898110	   0.030036
   1.25	   1.50	   3.333333	  21.844827	   0.030664
   1.25	   1.50	   3.666667	  20.491283	   0.030100
   1.25	   1.50	   4.000000	  18.726864	   0.038020
   1.25	   1.50	   4.333333	  17.578381	   0.032092
   1.25	   1.50	   4.666667	  16.841202	   0.043217
   1.75	   0.50	   1.000000	  58.123094	   0.030360
   1.75	   0.50	   3.000000	  76.236540	   0.030155
   1.75	   0.50	   2.000000	  71.745778	   0.030093
   1.75	   0.50	   4.000000	  59.089687	   0.030036
   1.75	   1.00	   2.500000	  48.505408	   0.030000
   1.75	   1.00	   3.000000	  39.553169	   0.030191
   1.75	   1.00	   4.500000	  28.397000	   0.030748
   1.75	   1.00	   3.500000	  33.415716	   0.030109
   1.75	   1.00	   4.000000	  31.696083	   0.030478
   1.75	   2.00	   3.750000	  15.549344	   0.041020
   1.75	   2.00	   4.000000	  14.427380	   0.053337
   1.75	   2.00	   4.250000	  12.444576	   0.031402
   1.75	   2.00	   4.500000	  12.205541	   0.030915
   1.75	   2.00	   4.750000	  11.542007	   0.040700
   2.25	   0.50	   1.000000	  69.957694	   0.030155
   2.25	   0.50	   3.000000	  80.648107	   0.031044
   2.25	   0.50	   2.000000	  96.323507	   0.030069
   2.25	   0.50	   4.000000	  90.432662	   0.030558
   2.25	   1.50	   3.333333	  27.545186	   0.038188
   2.25	   1.50	   3.666667	  24.171146	   0.031561
   2.25	   1.50	   4.000000	  20.992496	   0.041924
   2.25	   1.50	   4.333333	  19.467736	   0.038814
   2.25	   1.50	   4.666667	  17.924364	   0.030517
   2.25	   2.50	   4.000000	  13.149338	   0.032706
   2.25	   2.50	   4.200000	  12.658432	   0.031125
   2.25	   2.50	   4.400000	  11.609714	   0.030455
   2.25	   2.50	   4.600000	  11.424958	   0.031549
   2.25	   2.50	   4.800000	  10.891800	   0.043342
   2.75	   0.50	   1.000000	  66.625807	   0.030100
   2.75	   0.50	   3.000000	  89.343812	   0.030094
   2.75	   0.50	   2.000000	  74.024211	   0.030045
   2.75	   0.50	   4.000000	  63.804768	   0.030099
   2.75	   1.00	   2.500000	  53.490296	   0.030401
   2.75	   1.00	   3.000000	  50.320521	   0.030343
   2.75	   1.00	   4.500000	  33.517901	   0.030534
   2.75	   1.00	   3.500000	  44.828554	   0.030391
   2.75	   1.00	   4.000000	  37.973058	   0.032660
   2.75	   1.50	   3.333333	  31.086343	   0.030208
   2.75	   1.50	   3.666667	  27.008884	   0.036044
   2.75	   1.50	   4.000000	  23.949295	   0.030993
   2.75	   1.50	   4.333333	  22.120851	   0.030346
   2.75	   1.50	   4.666667	  14.060568	   0.243308
   2.75	   2.00	   3.750000	  17.848913	   0.032002
   2.75	   2.00	   4.000000	  17.226571	   0.030293
   2.75	   2.00	   4.250000	  15.520425	   0.030125
   2.75	   2.00	   4.500000	  15.737099	   0.035680
   2.75	   2.00	   4.750000	  15.135241	   0.043430
   2.75	   3.00	   4.166667	  11.154145	   0.032492
   2.75	   3.00	   4.333333	  10.918284	   0.033666
   2.75	   3.00	   4.500000	  10.512195	   0.030638
   2.75	   3.00	   4.666667	  10.279502	   0.032499
   2.75	   3.00	   4.833333	  11.387795	   0.051605
   3.25	   0.50	   1.000000	  65.604302	   0.030166
   3.25	   0.50	   3.000000	  80.207665	   0.032938
   3.25	   0.50	   2.000000	 102.032594	   0.030361
   3.25	   0.50	   4.000000	  75.660427	   0.031335
   3.25	   2.50	   4.000000	  17.998738	   0.030814
   3.25	   2.50	   4.200000	  17.676824	   0.032686
   3.25	   2.50	   4.400000	  16.624274	   0.032225
   3.25	   2.50	   4.600000	  15.696196	   0.052145
   3.25	   2.50	   4.800000	  13.649780	   0.043307
   3.25	   3.50	   4.285714	  13.911011	   0.032750
   3.25	   3.50	   4.428571	  14.045051	   0.044852
   3.25	   3.50	   4.571429	  13.291992	   0.037045
   3.25	   3.50	   4.714286	  11.741952	   0.033741
   3.25	   3.50	   4.857143	  12.741555	   0.053932
   3.75	   0.50	   1.000000	  81.652704	   0.030174
   3.75	   0.50	   3.000000	  88.403420	   0.030095
   3.75	   0.50	   2.000000	  82.494392	   0.030365
   3.75	   0.50	   4.000000	  76.362740	   0.031984
   3.75	   1.00	   2.500000	  78.558547	   0.030409
   3.75	   1.00	   3.000000	  66.458800	   0.030253
   3.75	   1.00	   4.500000	  47.052663	   0.030119
   3.75	   1.00	   3.500000	  60.295150	   0.030080
   3.75	   1.00	   4.000000	  53.209891	   0.039491
   3.75	   1.50	   3.333333	  43.457020	   0.030520
   3.75	   1.50	   3.666667	  38.766568	   0.030710
   3.75	   1.50	   4.000000	  32.285256	   0.056679
   3.75	   1.50	   4.333333	  31.687885	   0.030387
   3.75	   1.50	   4.666667	  27.701416	   0.035357
   3.75	   2.00	   3.750000	  25.431595	   0.031293
   3.75	   2.00	   4.000000	  25.283626	   0.037990
   3.75	   2.00	   4.250000	  23.253909	   0.030750
   3.75	   2.00	   4.500000	  21.777677	   0.030410
   3.75	   2.00	   4.750000	  21.919624	   0.037043
   3.75	   3.00	   4.166667	  15.817426	   0.035798
   3.75	   3.00	   4.333333	  15.176743	   0.030609
   3.75	   3.00	   4.500000	  15.723229	   0.034480
   3.75	   3.00	   4.666667	  16.414524	   0.074454
   3.75	   3.00	   4.833333	  16.495620	   0.044670
   3.75	   4.00	   4.375000	  11.998046	   0.034534
   3.75	   4.00	   4.500000	  11.490124	   0.076259
   3.75	   4.00	   4.625000	  11.389281	   0.092994
   3.75	   4.00	   4.750000	   9.816977	   0.032606
   3.75	   4.00	   4.875000	   9.925651	   0.048827
   4.25	   0.50	   1.000000	  61.912196	   0.030230
   4.25	   0.50	   3.000000	  82.713414	   0.030509
   4.25	   0.50	   2.000000	  88.385660	   0.030644
   4.25	   0.50	   4.000000	  88.587924	   0.031140
   4.25	   1.50	   3.333333	  48.092600	   0.030570
   4.25	   1.50	   3.666667	  42.273515	   0.030965
   4.25	   1.50	   4.000000	  38.891396	   0.030515
   4.25	   1.50	   4.333333	  34.544259	   0.040633
   4.25	   1.50	   4.666667	  31.826204	   0.030932
   4.25	   3.50	   4.285714	  17.938985	   0.032520
   4.25	   3.50	   4.428571	  16.574073	   0.030458
   4.25	   3.50	   4.571429	  15.808170	   0.030258
   4.25	   3.50	   4.714286	  15.295286	   0.041498
   4.25	   3.50	   4.857143	  14.864024	   0.042180
   4.75	   0.50	   1.000000	  79.762869	   0.030105
   4.75	   0.50	   3.000000	 109.830219	   0.030077
   4.75	   0.50	   2.000000	  95.202036	   0.030351
   4.75	   0.50	   4.000000	 122.204186	   0.031653
   4.75	   1.00	   2.500000	 102.085136	   0.030213
   4.75	   1.00	   3.000000	  92.111449	   0.030000
   4.75	   1.00	   4.500000	  63.056914	   0.030710
   4.75	   1.00	   3.500000	  82.625871	   0.030644
   4.75	   1.00	   4.000000	  72.043531	   0.030245
   4.75	   2.00	   3.750000	  35.794858	   0.030160
   4.75	   2.00	   4.000000	  33.007381	   0.030561
   4.75	   2.00	   4.250000	  32.393729	   0.030419
   4.75	   2.00	   4.500000	  30.645680	   0.031967
   4.75	   2.00	   4.750000	  31.038250	   0.030663
   4.75	   2.50	   4.000000	  26.853797	   0.036230
   4.75	   2.50	   4.200000	  23.759317	   0.032198
   4.75	   2.50	   4.400000	  21.906395	   0.034827
   4.75	   2.50	   4.600000	  21.129289	   0.030140
   4.75	   2.50	   4.800000	  20.928883	   0.032525
   4.75	   4.00	   4.375000	  13.359917	   0.042515
   4.75	   4.00	   4.500000	  11.195434	   0.030403
   4.75	   4.00	   4.625000	  10.547344	   0.030454
   5.25	   0.50	   1.000000	  67.179442	   0.030722
   5.25	   0.50	   3.000000	 117.865271	   0.032785
   5.25	   0.50	   2.000000	  96.008831	   0.032893
   5.25	   0.50	   4.000000	 109.657613	   0.030614
   5.25	   1.50	   3.333333	  59.857746	   0.031778
   5.25	   1.50	   3.666667	  50.526232	   0.032423
   5.25	   1.50	   4.000000	  48.084358	   0.030052
   5.25	   1.50	   4.333333	  42.205013	   0.030073
   5.25	   1.50	   4.666667	  41.499662	   0.031788
   5.75	   0.50	   1.000000	  75.329037	   0.030244
   5.75	   0.50	   3.000000	 122.210141	   0.030482
   5.75	   0.50	   2.000000	 117.808907	   0.030199
   5.75	   0.50	   4.000000	 130.263057	   0.030388
   5.75	   1.00	   2.500000	 123.421928	   0.030508
   5.75	   1.00	   3.000000	 110.001298	   0.030057
   5.75	   1.00	   4.500000	  76.851608	   0.031747
   5.75	   1.00	   3.500000	  97.164541	   0.030249
   5.75	   1.00	   4.000000	  83.268108	   0.030414
   5.75	   1.50	   3.333333	  62.905095	   0.034610
   5.75	   1.50	   3.666667	  56.689230	   0.030594
   5.75	   1.50	   4.000000	  49.697026	   0.030227
   5.75	   1.50	   4.333333	  48.569749	   0.032521
   5.75	   1.50	   4.666667	  46.784808	   0.030357
   5.75	   2.00	   3.750000	  42.417320	   0.030270
   5.75	   2.00	   4.000000	  40.092210	   0.030378
   5.75	   2.00	   4.250000	  40.356122	   0.030192
   5.75	   2.00	   4.500000	  37.862278	   0.030236
   5.75	   2.00	   4.750000	  33.305170	   0.031545
   5.75	   2.50	   4.000000	  27.090395	   0.036176
   5.75	   2.50	   4.200000	  25.065104	   0.030379
   5.75	   2.50	   4.400000	  23.938728	   0.030993
   5.75	   2.50	   4.600000	  23.043352	   0.055102
   5.75	   2.50	   4.800000	  23.649496	   0.031257
   5.75	   3.00	   4.166667	  24.312733	   0.032286
   5.75	   3.00	   4.333333	  23.930965	   0.032059
   5.75	   3.00	   4.500000	  23.270565	   0.031009
   5.75	   3.00	   4.666667	  23.479002	   0.063504
   5.75	   3.00	   4.833333	  20.893309	   0.032703
   6.25	   0.50	   1.000000	  90.813742	   0.030046
   6.25	   0.50	   3.000000	 138.905215	   0.030000
   6.25	   0.50	   2.000000	 116.573869	   0.030086
   6.25	   0.50	   4.000000	 138.714733	   0.030364
   6.75	   0.50	   1.000000	  78.895745	   0.030254
   6.75	   0.50	   3.000000	 134.697213	   0.030187
   6.75	   0.50	   2.000000	 119.997427	   0.031060
   6.75	   0.50	   4.000000	 140.997705	   0.030594
   6.75	   1.00	   2.500000	 113.445833	   0.030290
   6.75	   1.00	   3.000000	  99.554934	   0.031010
   6.75	   1.00	   4.500000	  69.375271	   0.030081
   6.75	   1.00	   3.500000	  92.109034	   0.030787
   6.75	   1.00	   4.000000	  80.786514	   0.030229
   6.75	   1.50	   3.333333	  52.898668	   0.030351
   6.75	   1.50	   3.666667	  50.987923	   0.030800
   6.75	   1.50	   4.000000	  50.090678	   0.030200
   6.75	   1.50	   4.333333	  45.459384	   0.030404
   6.75	   1.50	   4.666667	  42.951085	   0.030993
   6.75	   2.00	   3.750000	  42.259646	   0.030676
   6.75	   2.00	   4.000000	  39.785205	   0.030296
   6.75	   2.00	   4.250000	  34.758184	   0.030892
   6.75	   2.00	   4.500000	  31.663804	   0.038468
   6.75	   2.00	   4.750000	  28.638515	   0.033684
   6.75	   3.00	   4.166667	  24.857077	   0.031901
   6.75	   3.00	   4.333333	  24.218814	   0.048105
   6.75	   3.00	   4.500000	  21.892501	   0.031532
   6.75	   3.00	   4.666667	  20.738072	   0.030531
   6.75	   3.00	   4.833333	  20.054842	   0.031207
   6.75	   3.50	   4.285714	  16.933220	   0.030000
   6.75	   3.50	   4.428571	  14.380373	   0.105123
   6.75	   3.50	   4.571429	  14.138395	   0.032016
   6.75	   3.50	   4.714286	  12.872658	   0.037508
   6.75	   3.50	   4.857143	  12.205884	   0.042101
   7.25	   0.50	   1.000000	  76.852734	   0.030044
   7.25	   0.50	   3.000000	 123.650506	   0.030749
   7.25	   0.50	   2.000000	 107.341852	   0.030218
   7.25	   0.50	   4.000000	 122.132775	   0.030000
   7.25	   1.50	   3.333333	  51.558940	   0.031875
   7.25	   1.50	   3.666667	  49.974901	   0.030245
   7.25	   1.50	   4.000000	  45.227039	   0.030885
   7.25	   1.50	   4.333333	  42.754268	   0.030394
   7.25	   1.50	   4.666667	  41.658318	   0.030401
   7.25	   2.50	   4.000000	  25.729960	   0.046255
   7.25	   2.50	   4.200000	  25.630722	   0.031760
   7.25	   2.50	   4.400000	  26.467114	   0.030000
   7.25	   2.50	   4.600000	  26.533098	   0.031556
   7.25	   2.50	   4.800000	  26.293048	   0.033894
   7.75	   0.50	   1.000000	  64.750178	   0.030142
   7.75	   0.50	   3.000000	  97.146745	   0.050393
   7.75	   0.50	   2.000000	  90.576553	   0.030924
   7.75	   0.50	   4.000000	 100.702330	   0.030142
   7.75	   1.00	   2.500000	  86.010155	   0.030383
   7.75	   1.00	   3.000000	  76.303766	   0.030072
   7.75	   1.00	   4.500000	  52.085807	   0.030150
   7.75	   1.00	   3.500000	  64.817373	   0.030168
   7.75	   1.00	   4.000000	  62.328192	   0.030000
   7.75	   2.00	   3.750000	  35.605851	   0.030682
   7.75	   2.00	   4.000000	  32.283050	   0.050859
   7.75	   2.00	   4.250000	  28.835397	   0.031681
   7.75	   2.00	   4.500000	  28.756546	   0.033108
   7.75	   2.00	   4.750000	  26.235143	   0.031961
   7.75	   3.50	   4.285714	  14.240529	   0.031709
   7.75	   3.50	   4.428571	  13.165392	   0.036626
   7.75	   3.50	   4.571429	  11.682673	   0.032788
   7.75	   3.50	   4.714286	  11.440376	   0.108382
   8.25	   0.50	   1.000000	  74.412815	   0.031383
   8.25	   0.50	   3.000000	 105.229412	   0.030160
   8.25	   0.50	   2.000000	  95.573490	   0.030035
   8.25	   0.50	   4.000000	  92.075732	   0.032743
   8.25	   1.50	   3.333333	  47.469961	   0.030034
   8.25	   1.50	   3.666667	  44.849199	   0.030546
   8.25	   1.50	   4.000000	  43.034956	   0.030407
   8.25	   1.50	   4.333333	  45.758391	   0.030603
   8.25	   1.50	   4.666667	  44.288428	   0.030461
   8.25	   2.50	   4.000000	  27.977634	   0.032990
   8.25	   2.50	   4.200000	  28.040893	   0.031778
   8.25	   2.50	   4.400000	  27.290488	   0.032808
   8.25	   2.50	   4.600000	  27.181724	   0.032062
   8.25	   2.50	   4.800000	  26.092213	   0.032911
   8.75	   0.50	   1.000000	  71.083889	   0.030035
   8.75	   0.50	   3.000000	  94.379119	   0.030089
   8.75	   0.50	   2.000000	  95.041147	   0.030141
   8.75	   0.50	   4.000000	  89.933054	   0.030187
   8.75	   1.00	   2.500000	  71.149024	   0.030000
   8.75	   1.00	   3.000000	  68.815751	   0.030245
   8.75	   1.00	   4.500000	  53.748498	   0.030582
   8.75	   1.00	   3.500000	  57.294587	   0.030422
   8.75	   1.00	   4.000000	  56.209648	   0.031797
   8.75	   1.50	   3.333333	  45.745733	   0.030599
   8.75	   1.50	   3.666667	  43.825929	   0.030256
   8.75	   1.50	   4.000000	  46.505317	   0.030942
   8.75	   1.50	   4.333333	  45.392217	   0.030203
   8.75	   1.50	   4.666667	  38.638800	   0.030864
   8.75	   2.00	   3.750000	  30.693580	   0.030419
   8.75	   2.00	   4.000000	  29.759447	   0.032263
   8.75	   2.00	   4.250000	  27.563386	   0.031196
   8.75	   2.00	   4.500000	  26.424023	   0.030760
   8.75	   2.00	   4.750000	  27.181208	   0.030000
   8.75	   3.00	   4.166667	  21.539918	   0.037612
   8.75	   3.00	   4.333333	  21.169682	   0.035820
   8.75	   3.00	   4.500000	  18.567117	   0.033252
   8.75	   3.00	   4.666667	  17.245642	   0.047039
   8.75	   3.00	   4.833333	  16.295984	   0.041385
   9.25	   0.50	   1.000000	  73.931341	   0.030079
   9.25	   0.50	   3.000000	  91.915035	   0.031374
   9.25	   0.50	   2.000000	  91.553702	   0.030585
   9.25	   0.50	   4.000000	  98.515677	   0.031025
   9.75	   0.50	   1.000000	  67.379366	   0.030521
   9.75	   0.50	   3.000000	  95.486169	   0.030441
   9.75	   0.50	   2.000000	  82.733360	   0.030243
   9.75	   0.50	   4.000000	  68.988689	   0.030091
   9.75	   1.00	   2.500000	  60.903115	   0.030550
   9.75	   1.00	   3.000000	  59.530804	   0.031414
   9.75	   1.00	   4.500000	  48.289209	   0.030440
   9.75	   1.00	   3.500000	  57.290743	   0.030200
   9.75	   1.00	   4.000000	  53.859663	   0.030156
   9.75	   1.50	   3.333333	  48.634848	   0.030879
   9.75	   1.50	   3.666667	  47.647137	   0.030171
   9.75	   1.50	   4.000000	  40.368714	   0.030620
   9.75	   1.50	   4.333333	  35.048425	   0.030175
   9.75	   1.50	   4.666667	  32.876413	   0.030959
   9.75	   2.00	   3.750000	  28.927790	   0.031186
   9.75	   2.00	   4.000000	  27.838341	   0.030665
   9.75	   2.00	   4.250000	  28.141823	   0.031447
   9.75	   2.00	   4.500000	  29.641362	   0.033015
   9.75	   2.00	   4.750000	  30.827204	   0.032337
   9.75	   2.50	   4.000000	  30.632939	   0.032324
   9.75	   2.50	   4.200000	  29.141918	   0.032525
   9.75	   2.50	   4.400000	  27.289538	   0.033875
   9.75	   2.50	   4.600000	  25.342217	   0.032677
   9.75	   2.50	   4.800000	  23.941411	   0.030828
   9.75	   3.00	   4.166667	  20.225238	   0.030550
   9.75	   3.00	   4.333333	  18.991730	   0.061781
   9.75	   3.00	   4.500000	  16.612683	   0.030000
   9.75	   3.00	   4.666667	  14.896324	   0.030986
   9.75	   3.00	   4.833333	  13.620864	   0.044213
  10.25	   0.50	   1.000000	  60.212839	   0.030445
  10.25	   0.50	   3.000000	  68.297937	   0.031602
  10.25	   0.50	   2.000000	  88.473205	   0.032042
  10.25	   0.50	   4.000000	  79.624383	   0.031903
  10.25	   1.50	   3.333333	  50.245042	   0.030401
  10.25	   1.50	   3.666667	  42.645459	   0.030622
  10.25	   1.50	   4.000000	  36.628543	   0.030068
  10.25	   1.50	   4.333333	  34.378920	   0.030267
  10.25	   1.50	   4.666667	  32.310009	   0.031435
  10.75	   0.50	   1.000000	  66.773685	   0.030075
  10.75	   0.50	   3.000000	  74.416481	   0.030339
  10.75	   0.50	   2.000000	  61.084700	   0.030110
  10.75	   0.50	   4.000000	  60.756886	   0.032217
  10.75	   1.00	   2.500000	  61.264102	   0.030215
  10.75	   1.00	   3.000000	  57.597219	   0.030146
  10.75	   1.00	   4.500000	  52.171982	   0.030643
  10.75	   1.00	   3.500000	  51.845270	   0.030082
  10.75	   1.00	   4.000000	  44.501479	   0.030208
  10.75	   2.00	   3.750000	  29.832418	   0.030335
  10.75	   2.00	   4.000000	  30.759367	   0.049334
  10.75	   2.00	   4.250000	  32.229246	   0.030902
  10.75	   2.00	   4.500000	  31.711355	   0.031127
  10.75	   2.00	   4.750000	  32.388211	   0.032065
  10.75	   2.50	   4.000000	  30.225308	   0.032768
  10.75	   2.50	   4.200000	  27.807596	   0.030341
  10.75	   2.50	   4.400000	  25.898591	   0.032653
  10.75	   2.50	   4.600000	  24.153420	   0.031587
  10.75	   2.50	   4.800000	  25.288092	   0.035218
  11.25	   0.50	   1.000000	  51.428571	   0.030049
  11.25	   0.50	   3.000000	  65.913325	   0.031487
  11.25	   0.50	   2.000000	  75.006088	   0.030268
  11.25	   0.50	   4.000000	  65.316039	   0.031289
  11.25	   1.50	   3.333333	  39.232540	   0.030349
  11.25	   1.50	   3.666667	  37.079500	   0.031101
  11.25	   1.50	   4.000000	  33.978223	   0.030663
  11.25	   1.50	   4.333333	  32.293260	   0.033791
  11.25	   1.50	   4.666667	  29.852473	   0.037456
  11.75	   0.50	   1.000000	  56.479922	   0.030044
  11.75	   0.50	   3.000000	  66.417140	   0.030887
  11.75	   0.50	   2.000000	  61.718779	   0.030867
  11.75	   0.50	   4.000000	  70.617109	   0.030268
  11.75	   1.00	   2.500000	  55.284921	   0.030363
  11.75	   1.00	   3.000000	  46.249187	   0.030391
  11.75	   1.00	   4.500000	  49.318609	   0.030385
  11.75	   1.00	   3.500000	  55.139053	   0.030471
  11.75	   1.00	   4.000000	  58.461701	   0.030101
  11.75	   1.50	   3.333333	  41.192473	   0.031564
  11.75	   1.50	   3.666667	  37.426015	   0.030327
  11.75	   1.50	   4.000000	  34.515486	   0.037252
  11.75	   1.50	   4.333333	  32.336546	   0.031893
  11.75	   1.50	   4.666667	  33.361527	   0.033501
  11.75	   2.00	   3.750000	  35.331933	   0.030485
  11.75	   2.00	   4.000000	  34.992182	   0.030529
  11.75	   2.00	   4.250000	  35.346215	   0.031371
  11.75	   2.00	   4.500000	  34.289500	   0.030065
  11.75	   2.00	   4.750000	  31.154688	   0.030000
  11.75	   3.00	   4.166667	  15.679867	   0.032659
  11.75	   3.00	   4.333333	  13.590414	   0.076225
  11.75	   3.00	   4.500000	  12.879336	   0.031042
  12.25	   0.50	   1.000000	  42.516541	   0.031653
  12.25	   0.50	   3.000000	  62.119874	   0.041517
  12.25	   0.50	   2.000000	  54.989958	   0.030243
  12.25	   0.50	   4.000000	  55.566842	   0.037271
  12.25	   2.50	   4.000000	  27.009212	   0.030155
  12.25	   2.50	   4.200000	  26.595805	   0.037142
  12.25	   2.50	   4.400000	  23.326946	   0.048131
  12.25	   2.50	   4.600000	  21.371219	   0.031518
  12.25	   2.50	   4.800000	  19.121367	   0.032073
  12.75	   0.50	   1.000000	  54.160673	   0.030216
  12.75	   0.50	   3.000000	  71.351251	   0.030708
  12.75	   0.50	   2.000000	  73.070724	   0.030549
  12.75	   0.50	   4.000000	  79.883068	   0.030384
  12.75	   1.00	   2.500000	  62.179381	   0.030499
  12.75	   1.00	   3.000000	  68.331249	   0.030499
  12.75	   1.00	   4.500000	  42.629104	   0.030367
  12.75	   1.00	   3.500000	  57.620715	   0.030745
  12.75	   1.00	   4.000000	  46.587423	   0.030307
  12.75	   1.50	   3.333333	  35.656092	   0.032711
  12.75	   1.50	   3.666667	  32.895434	   0.034962
  12.75	   1.50	   4.000000	  34.307303	   0.030875
  12.75	   1.50	   4.333333	  34.699590	   0.033709
  12.75	   1.50	   4.666667	  36.226335	   0.030614
  12.75	   2.00	   3.750000	  38.846325	   0.030184
  12.75	   2.00	   4.000000	  37.771846	   0.030579
  12.75	   2.00	   4.250000	  34.373020	   0.030282
  12.75	   2.00	   4.500000	  32.991025	   0.040837
  12.75	   2.00	   4.750000	  31.260239	   0.043155
  12.75	   3.00	   4.166667	  14.616724	   0.033803
  13.25	   0.50	   1.000000	  45.743725	   0.030439
  13.25	   0.50	   3.000000	  66.095734	   0.032165
  13.25	   0.50	   2.000000	  54.646888	   0.036796
  13.25	   0.50	   4.000000	  45.770036	   0.033310
  13.25	   1.50	   3.333333	  33.901768	   0.031901
  13.25	   1.50	   3.666667	  35.184776	   0.030290
  13.25	   1.50	   4.000000	  35.608577	   0.030808
  13.25	   1.50	   4.333333	  37.104618	   0.030165
  13.25	   1.50	   4.666667	  38.417219	   0.030048
  13.25	   2.50	   4.000000	  26.084854	   0.039621
  13.25	   2.50	   4.200000	  23.999326	   0.030692
  13.25	   2.50	   4.400000	  21.250222	   0.031492
  13.25	   2.50	   4.600000	  18.522280	   0.030159
  13.25	   2.50	   4.800000	  16.516575	   0.037990
  13.75	   0.50	   1.000000	  41.160838	   0.030325
  13.75	   0.50	   3.000000	  48.228165	   0.030524
  13.75	   0.50	   2.000000	  65.324518	   0.030410
  13.75	   0.50	   4.000000	  55.455355	   0.030440
  13.75	   1.00	   2.500000	  64.996151	   0.030503
  13.75	   1.00	   3.000000	  52.487675	   0.030305
  13.75	   1.00	   4.500000	  39.222286	   0.030656
  13.75	   1.00	   3.500000	  47.989833	   0.030214
  13.75	   1.00	   4.000000	  45.996206	   0.031464
  13.75	   2.00	   3.750000	  38.567356	   0.030556
  13.75	   2.00	   4.000000	  37.235025	   0.037234
  13.75	   2.00	   4.250000	  34.173006	   0.050430
  13.75	   2.00	   4.500000	  31.834500	   0.030140
  13.75	   2.00	   4.750000	  31.107384	   0.032481
  14.25	   0.50	   1.000000	  55.505735	   0.030422
  14.25	   0.50	   3.000000	  58.701173	   0.030007
  14.25	   0.50	   2.000000	  49.325811	   0.030543
  14.25	   0.50	   4.000000	  81.001297	   0.030405
  14.25	   1.50	   3.333333	  40.902599	   0.031735
  14.25	   1.50	   3.666667	  42.746416	   0.030525
  14.25	   1.50	   4.000000	  44.192036	   0.030566
  14.25	   1.50	   4.333333	  45.587219	   0.030403
  14.25	   1.50	   4.666667	  44.782721	   0.030000
  14.75	   0.50	   1.000000	  40.391900	   0.030704
  14.75	   0.50	   3.000000	  87.349933	   0.030578
  14.75	   0.50	   2.000000	  57.746310	   0.030058
  14.75	   0.50	   4.000000	  83.243716	   0.030445
  14.75	   1.00	   2.500000	  58.585463	   0.030389
  14.75	   1.00	   3.000000	  55.293051	   0.030304
  14.75	   1.00	   4.500000	  40.122810	   0.030056
  14.75	   1.00	   3.500000	  46.127945	   0.030066
  14.75	   1.00	   4.000000	  40.330003	   0.030000
  14.75	   1.50	   3.333333	  42.117091	   0.030498
  14.75	   1.50	   3.666667	  43.572096	   0.030632
  14.75	   1.50	   4.000000	  44.872309	   0.030641
  14.75	   1.50	   4.333333	  44.203786	   0.030451
  14.75	   1.50	   4.666667	  40.718241	   0.030546
  14.75	   2.00	   3.750000	  37.237645	   0.033068
  14.75	   2.00	   4.000000	  34.083074	   0.030741
  14.75	   2.00	   4.250000	  33.070855	   0.030645
  14.75	   2.00	   4.500000	  29.679466	   0.031580
  14.75	   2.00	   4.750000	  28.250991	   0.031639
  14.75	   2.50	   4.000000	  22.122803	   0.030852
  14.75	   2.50	   4.200000	  20.148337	   0.055240
  14.75	   2.50	   4.400000	  17.590192	   0.030150
  14.75	   2.50	   4.600000	  16.109232	   0.030000
  15.25	   0.50	   1.000000	  41.041947	   0.030020
  15.25	   0.50	   3.000000	  80.564781	   0.033134
  15.25	   0.50	   2.000000	  74.890154	   0.030402
  15.25	   0.50	   4.000000	  64.715663	   0.030111
  15.75	   0.50	   1.000000	  54.823739	   0.030778
  15.75	   0.50	   3.000000	  61.628845	   0.030495
  15.75	   0.50	   2.000000	  72.237898	   0.030926
  15.75	   0.50	   4.000000	  59.640325	   0.030536
  15.75	   1.00	   2.500000	  53.209937	   0.030129
  15.75	   1.00	   3.000000	  44.793923	   0.031879
  15.75	   1.00	   4.500000	  44.161337	   0.030304
  15.75	   1.00	   3.500000	  43.052150	   0.030660
  15.75	   1.00	   4.000000	  43.734488	   0.036929
  15.75	   1.50	   3.333333	  52.480158	   0.030599
  15.75	   1.50	   3.666667	  51.780580	   0.030355
  15.75	   1.50	   4.000000	  47.707513	   0.030315
  15.75	   1.50	   4.333333	  45.223213	   0.030203
  15.75	   1.50	   4.666667	  42.913061	   0.030173
  15.75	   2.00	   3.750000	  38.859467	   0.030368
  15.75	   2.00	   4.000000	  34.651865	   0.032380
  15.75	   2.00	   4.250000	  32.634972	   0.031366
  15.75	   2.00	   4.500000	  29.175837	   0.030306
  15.75	   2.00	   4.750000	  25.299993	   0.032237
  15.75	   2.50	   4.000000	  19.889058	   0.032737
  15.75	   2.50	   4.200000	  18.072924	   0.030263
  16.25	   0.50	   1.000000	  60.494384	   0.030194
  16.25	   0.50	   3.000000	  70.821534	   0.030357
  16.25	   0.50	   2.000000	  66.216499	   0.030859
  16.25	   0.50	   4.000000	  74.856519	   0.030191
  16.25	   1.50	   3.333333	  56.455471	   0.030528
  16.25	   1.50	   3.666667	  52.372614	   0.030448
  16.25	   1.50	   4.000000	  49.503290	   0.030455
  16.25	   1.50	   4.333333	  46.942489	   0.031599
  16.25	   1.50	   4.666667	  43.270997	   0.030214
  16.75	   0.50	   1.000000	  48.395388	   0.030709
  16.75	   0.50	   3.000000	  80.225613	   0.030176
  16.75	   0.50	   2.000000	  66.294571	   0.030303
  16.75	   0.50	   4.000000	  70.946525	   0.030949
  16.75	   1.00	   2.500000	  54.787937	   0.030236
  16.75	   1.00	   3.000000	  54.804999	   0.030614
  16.75	   1.00	   4.500000	  59.619711	   0.030750
  16.75	   1.00	   3.500000	  55.515190	   0.030207
  16.75	   1.00	   4.000000	  54.796730	   0.030138
  16.75	   2.00	   3.750000	  36.157720	   0.030435
  16.75	   2.00	   4.000000	  32.235118	   0.030522
  16.75	   2.00	   4.250000	  27.300212	   0.030781
  16.75	   2.00	   4.500000	  23.953254	   0.048657
  16.75	   2.00	   4.750000	  21.834118	   0.035303
  17.25	   0.50	   1.000000	  48.115029	   0.030574
  17.25	   0.50	   3.000000	  71.101273	   0.030474
  17.25	   0.50	   2.000000	  76.054207	   0.030044
  17.25	   0.50	   4.000000	  58.745154	   0.030860
  17.25	   1.50	   3.333333	  53.598853	   0.030436
  17.25	   1.50	   3.666667	  50.286421	   0.030081
  17.25	   1.50	   4.000000	  45.696774	   0.030739
  17.25	   1.50	   4.333333	  43.902617	   0.030384
  17.25	   1.50	   4.666667	  39.873250	   0.030000
  17.75	   0.50	   1.000000	  69.842349	   0.030431
  17.75	   0.50	   3.000000	  69.916852	   0.030843
  17.75	   0.50	   2.000000	  78.152828	   0.030086
  17.75	   0.50	   4.000000	  68.848878	   0.030275
  17.75	   1.00	   2.500000	  61.655979	   0.030209
  17.75	   1.00	   3.000000	  59.547511	   0.030254
  17.75	   1.00	   4.500000	  57.946733	   0.030502
  17.75	   1.00	   3.500000	  63.725714	   0.030398
  17.75	   1.00	   4.000000	  63.478436	   0.030517
  17.75	   1.50	   3.333333	  55.092163	   0.030146
  17.75	   1.50	   3.666667	  49.753518	   0.030553
  17.75	   1.50	   4.000000	  47.430625	   0.030290
  17.75	   1.50	   4.333333	  42.812373	   0.031430
  17.75	   1.50	   4.666667	  43.021141	   0.033449
  17.75	   2.00	   3.750000	  30.629904	   0.030467
  17.75	   2.00	   4.000000	  26.664467	   0.040102
  17.75	   2.00	   4.250000	  23.641817	   0.030820
  17.75	   2.00	   4.500000	  20.817780	   0.030214
  17.75	   2.00	   4.750000	  20.000202	   0.032959
  18.25	   0.50	   1.000000	  49.739860	   0.030168
  18.25	   0.50	   3.000000	  59.584368	   0.030141
  18.25	   0.50	   2.000000	  55.664254	   0.030421
  18.25	   0.50	   4.000000	  59.176254	   0.030569
  18.75	   0.50	   1.000000	  52.935109	   0.030632
  18.75	   0.50	   3.000000	  75.904450	   0.031885
  18.75	   0.50	   2.000000	  70.860906	   0.030378
  18.75	   0.50	   4.000000	  78.695888	   0.030214
  18.75	   1.00	   2.500000	  78.832885	   0.030359
  18.75	   1.00	   3.000000	  78.524759	   0.030391
  18.75	   1.00	   4.500000	  65.328833	   0.030428
  18.75	   1.00	   3.500000	  72.252111	   0.030318
  18.75	   1.00	   4.000000	  71.994153	   0.030023
  18.75	   1.50	   3.333333	  53.413543	   0.030181
  18.75	   1.50	   3.666667	  48.015790	   0.031700
  18.75	   1.50	   4.000000	  46.976463	   0.037460
  18.75	   1.50	   4.333333	  40.790160	   0.030676
  18.75	   1.50	   4.666667	  34.502205	   0.030161
  18.75	   2.00	   3.750000	  25.262797	   0.031018
  18.75	   2.00	   4.000000	  22.255201	   0.030681
  18.75	   2.00	   4.250000	  21.034747	   0.030737
  19.25	   0.50	   1.000000	  53.986779	   0.030403
  19.25	   0.50	   3.000000	  77.940000	   0.030972
  19.25	   0.50	   2.000000	  70.539125	   0.030190
  19.25	   0.50	   4.000000	  76.014903	   0.030232
  19.25	   1.50	   3.333333	  49.576779	   0.031300
  19.25	   1.50	   3.666667	  49.631706	   0.036578
  19.25	   1.50	   4.000000	  41.971644	   0.030238
  19.25	   1.50	   4.333333	  35.516430	   0.030604
  19.25	   1.50	   4.666667	  29.957405	   0.047337
  19.75	   0.50	   1.000000	  48.649142	   0.030172
  19.75	   0.50	   3.000000	  68.221335	   0.030274
  19.75	   0.50	   2.000000	  67.281184	   0.030149
  19.75	   0.50	   4.000000	  70.287496	   0.030293
  19.75	   1.00	   2.500000	  70.754046	   0.030245
  19.75	   1.00	   3.000000	  72.145856	   0.030292
  19.75	   1.00	   4.500000	  56.635083	   0.030691
  19.75	   1.00	   3.500000	  66.073599	   0.030521
  19.75	   1.00	   4.000000	  61.447312	   0.030548
  19.75	   2.00	   3.750000	  21.503801	   0.031662
  20.25	   0.50	   1.000000	  52.143688	   0.030353
  20.25	   0.50	   3.000000	  70.791783	   0.030713
  20.25	   0.50	   2.000000	  65.158902	   0.030205
  20.25	   0.50	   4.000000	  80.083268	   0.030420
  20.25	   1.50	   3.333333	  44.718834	   0.030343
  20.25	   1.50	   3.666667	  37.326498	   0.030328
  20.25	   1.50	   4.000000	  30.692233	   0.034893
  20.25	   1.50	   4.333333	  27.450916	   0.030167
  20.25	   1.50	   4.666667	  23.785085	   0.032884
  20.75	   0.50	   1.000000	  42.582195	   0.030177
  20.75	   0.50	   3.000000	  69.057853	   0.030332
  20.75	   0.50	   2.000000	  57.034155	   0.030117
  20.75	   0.50	   4.000000	  64.677581	   0.030137
  20.75	   1.00	   2.500000	  70.413586	   0.030936
  20.75	   1.00	   3.000000	  65.554113	   0.031284
  20.75	   1.00	   4.500000	  54.035497	   0.030062
  20.75	   1.00	   3.500000	  61.497519	   0.030187
  20.75	   1.00	   4.000000	  52.995624	   0.032541
  20.75	   1.50	   3.333333	  38.120681	   0.030063
  20.75	   1.50	   3.666667	  31.221807	   0.032614
  20.75	   1.50	   4.000000	  27.248925	   0.030046
  20.75	   1.50	   4.333333	  23.545452	   0.031041
  20.75	   1.50	   4.666667	  21.619110	   0.030943
  21.25	   0.50	   1.000000	  45.536705	   0.030220
  21.25	   0.50	   3.000000	  61.655629	   0.030410
  21.25	   0.50	   2.000000	  63.412815	   0.030422
  21.25	   0.50	   4.000000	  75.422347	   0.030893
  21.75	   0.50	   1.000000	  52.723941	   0.030301
  21.75	   0.50	   3.000000	  74.529563	   0.030000
  21.75	   0.50	   2.000000	  59.132766	   0.030057
  21.75	   0.50	   4.000000	  80.600487	   0.032298
  21.75	   1.00	   2.500000	  82.019793	   0.030134
  21.75	   1.00	   3.000000	  69.649016	   0.030725
  21.75	   1.00	   4.500000	  49.320985	   0.030408
  21.75	   1.00	   3.500000	  69.713169	   0.030156
  21.75	   1.00	   4.000000	  63.328103	   0.031063
  21.75	   1.50	   3.333333	  35.182535	   0.030138
  21.75	   1.50	   3.666667	  29.036526	   0.030632
  21.75	   1.50	   4.000000	  25.665455	   0.030341
  21.75	   1.50	   4.333333	  24.391549	   0.031696
  22.25	   0.50	   1.000000	  56.799923	   0.030707
  22.25	   0.50	   3.000000	 102.920070	   0.030164
  22.25	   0.50	   2.000000	  90.479553	   0.030222
  22.25	   0.50	   4.000000	  94.245780	   0.030250
  22.25	   1.50	   3.333333	  30.037778	   0.031315
  22.25	   1.50	   3.666667	  26.146285	   0.030312
  22.25	   1.50	   4.000000	  24.442912	   0.030256
  22.75	   0.50	   1.000000	  74.338878	   0.030090
  22.75	   0.50	   3.000000	 105.782937	   0.030557
  22.75	   0.50	   2.000000	 105.893858	   0.030095
  22.75	   0.50	   4.000000	 121.025736	   0.030139
  22.75	   1.00	   2.500000	  88.604147	   0.030267
  22.75	   1.00	   3.000000	  82.743171	   0.030203
  22.75	   1.00	   4.500000	  40.583743	   0.030028
  22.75	   1.00	   3.500000	  64.130919	   0.030226
  22.75	   1.00	   4.000000	  49.591148	   0.030679
  23.25	   0.50	   1.000000	  57.065501	   0.030073
  23.25	   0.50	   3.000000	  94.914792	   0.030089
  23.25	   0.50	   2.000000	  73.477668	   0.030364
  23.25	   0.50	   4.000000	  78.410199	   0.030644
  23.25	   1.50	   3.333333	  23.416248	   0.030689
  23.75	   0.50	   1.000000	  46.732114	   0.030340
  23.75	   0.50	   3.000000	  72.743996	   0.030231
  23.75	   0.50	   2.000000	  78.136272	   0.030300
  23.75	   0.50	   4.000000	  81.219350	   0.030285
  23.75	   1.00	   2.500000	  73.241305	   0.030281
  23.75	   1.00	   3.000000	  55.185923	   0.032440
  23.75	   1.00	   4.500000	  27.851468	   0.030120
  23.75	   1.00	   3.500000	  45.052953	   0.031342
  23.75	   1.00	   4.000000	  34.400196	   0.030122
  24.25	   0.50	   1.000000	  66.864771	   0.030350
  24.25	   0.50	   3.000000	  91.426978	   0.030460
  24.25	   0.50	   2.000000	  77.982475	   0.030000
  24.25	   0.50	   4.000000	 102.615720	   0.030156
  24.75	   0.50	   1.000000	  54.039418	   0.030015
  24.75	   0.50	   3.000000	  97.372921	   0.030346
  24.75	   0.50	   2.000000	  78.588170	   0.030511
  24.75	   0.50	   4.000000	  90.623469	   0.030557
  24.75	   1.00	   2.500000	  58.554769	   0.030042
  24.75	   1.00	   3.000000	  43.957386	   0.030048
  24.75	   1.00	   4.500000	  25.564470	   0.033501
  24.75	   1.00	   3.500000	  34.773595	   0.034168
  24.75	   1.00	   4.000000	  28.429735	   0.030592
  25.25	   0.50	   1.000000	  64.659092	   0.030298
  25.25	   0.50	   3.000000	 100.015555	   0.030168
  25.25	   0.50	   2.000000	  96.564831	   0.030208
  25.25	   0.50	   4.000000	  77.493603	   0.031738
  25.75	   0.50	   1.000000	  50.938221	   0.030197
  25.75	   0.50	   3.000000	  56.162033	   0.030000
  25.75	   0.50	   2.000000	  66.415237	   0.030050
  25.75	   0.50	   4.000000	  52.459115	   0.030080
  25.75	   1.00	   2.500000	  31.263010	   0.031054
  25.75	   1.00	   3.000000	  25.551004	   0.030016
  25.75	   1.00	   3.500000	  22.664325	   0.031066
  26.25	   0.50	   1.000000	  53.255102	   0.030330
  26.25	   0.50	   3.000000	  55.935935	   0.030139
  26.25	   0.50	   2.000000	  55.018342	   0.030487
  26.25	   0.50	   4.000000	  45.212463	   0.030149
  26.75	   0.50	   1.000000	  43.016944	   0.030156
  26.75	   0.50	   3.000000	  44.836148	   0.030169
  26.75	   0.50	   2.000000	  52.157880	   0.030192
  26.75	   0.50	   4.000000	  34.229733	   0.030012
  26.75	   1.00	   2.500000	  22.808722	   0.030000
  27.25	   0.50	   1.000000	  46.653445	   0.030323
  27.25	   0.50	   3.000000	  36.591888	   0.030052
  27.25	   0.50	   2.000000	  46.957474	   0.030214
  27.25	   0.50	   4.000000	  30.842693	   0.030546
  27.75	   0.50	   1.000000	  44.689098	   0.030019
  27.75	   0.50	   3.000000	  33.943625	   0.031240
  27.75	   0.50	   2.000000	  38.958116	   0.030172
  27.75	   0.50	   4.000000	  23.258312	   0.030253
  28.25	   0.50	   1.000000	  37.371734	   0.030224
  28.25	   0.50	   3.000000	  26.354968	   0.030000
  28.25	   0.50	   2.000000	  37.103194	   0.030721
  28.25	   0.50	   4.000000	  26.563333	   0.030317
  28.75	   0.50	   1.000000	  34.046358	   0.030049
  28.75	   0.50	   3.000000	  27.242038	   0.030100
  28.75	   0.50	   2.000000	  26.898751	   0.030622
  29.25	   0.50	   1.000000	  20.861969	   0.030561
  29.25	   0.50	   2.000000	  25.201787	   0.030336
  29.75	   0.50	   1.000000	  26.367591	   0.030444
