LR04.AMP
0.50
3
790
0
0
Error estimate for data present
Type of error estimate (0=same unit as data)
1
  -0.25	   0.50	   4.000000	  42.511544	   0.030292
  -0.25	   0.50	   1.000000	  59.307618	   0.030310
  -0.25	   0.50	   2.000000	  67.787973	   0.030671
  -0.25	   0.50	   3.000000	  48.864449	   0.031712
  -0.25	   1.00	   3.500000	  17.756176	   0.030409
  -0.25	   1.00	   2.500000	  29.260152	   0.030282
  -0.25	   1.00	   4.500000	  13.975338	   0.030129
  -0.25	   1.00	   4.000000	  16.056432	   0.030522
  -0.25	   1.00	   3.000000	  21.538801	   0.030412
  -0.25	   1.50	   3.666667	  18.326796	   0.030753
  -0.25	   1.50	   4.333333	  16.268831	   0.030565
  -0.25	   1.50	   4.000000	  16.791717	   0.030628
  -0.25	   1.50	   4.666667	  17.104893	   0.030690
  -0.25	   1.50	   3.333333	  20.351406	   0.030951
  -0.25	   2.00	   4.250000	  11.933020	   0.033425
  -0.25	   2.00	   4.750000	  12.493531	   0.031853
  -0.25	   2.00	   4.500000	  11.735550	   0.031913
  -0.25	   2.00	   3.750000	  13.214603	   0.031514
  -0.25	   2.00	   4.000000	  12.448573	   0.031076
  -0.25	   2.50	   4.200000	  10.312736	   0.030092
  -0.25	   2.50	   4.600000	   9.047590	   0.031180
  -0.25	   2.50	   4.800000	   8.865701	   0.032831
  -0.25	   2.50	   4.000000	  11.721458	   0.030286
  -0.25	   2.50	   4.400000	   9.145711	   0.031044
  -0.25	   3.00	   4.666667	   7.585820	   0.030584
  -0.25	   3.00	   4.500000	   8.206313	   0.030164
  -0.25	   3.00	   4.333333	   8.716173	   0.031266
  -0.25	   3.00	   4.833333	   6.997519	   0.033228
  -0.25	   3.00	   4.166667	   9.120616	   0.031584
  -0.25	   3.50	   4.285714	   7.101821	   0.031567
  -0.25	   3.50	   4.571429	   7.083977	   0.030692
  -0.25	   3.50	   4.714286	   7.319443	   0.033380
  -0.25	   3.50	   4.428571	   7.198928	   0.030629
  -0.25	   3.50	   4.857143	   7.182706	   0.030000
  -0.25	   4.00	   4.500000	   6.048127	   0.032970
  -0.25	   4.00	   4.750000	   5.532304	   0.035581
  -0.25	   4.00	   4.875000	   5.341980	   0.118045
  -0.25	   4.00	   4.375000	   6.264430	   0.041489
  -0.25	   4.00	   4.625000	   5.592486	   0.039635
  -0.25	   4.50	   4.444444	   5.382138	   0.038006
  -0.25	   4.50	   4.888889	   4.847710	   0.034111
  -0.25	   4.50	   4.555556	   5.294574	   0.031968
  -0.25	   4.50	   4.777778	   5.577691	   0.089919
  -0.25	   4.50	   4.666667	   4.969877	   0.033565
   0.25	   0.50	   1.000000	  55.444930	   0.030127
   0.25	   0.50	   3.000000	  49.769703	   0.030068
   0.25	   0.50	   2.000000	  46.485698	   0.031871
   0.25	   0.50	   4.000000	  44.695559	   0.030354
   0.75	   0.50	   1.000000	  46.624341	   0.030144
   0.75	   0.50	   3.000000	  62.123447	   0.030217
   0.75	   0.50	   2.000000	  61.261672	   0.030699
   0.75	   0.50	   4.000000	  51.286243	   0.031707
   0.75	   1.00	   2.500000	  35.897730	   0.030000
   0.75	   1.00	   3.000000	  30.217299	   0.030209
   0.75	   1.00	   4.500000	  23.909391	   0.030608
   0.75	   1.00	   3.500000	  20.905658	   0.031504
   0.75	   1.00	   4.000000	  21.957720	   0.031150
   0.75	   1.50	   3.333333	  20.528390	   0.030126
   0.75	   1.50	   3.666667	  19.449988	   0.030000
   0.75	   1.50	   4.000000	  20.155517	   0.030273
   0.75	   1.50	   4.333333	  18.953797	   0.030938
   0.75	   1.50	   4.666667	  15.948501	   0.031767
   0.75	   2.00	   3.750000	  13.949625	   0.030615
   0.75	   2.00	   4.000000	  13.754127	   0.031126
   0.75	   2.00	   4.250000	  14.766249	   0.040507
   0.75	   2.00	   4.500000	  14.595496	   0.030734
   0.75	   2.00	   4.750000	  13.860597	   0.036089
   0.75	   2.50	   4.000000	  10.717859	   0.039366
   0.75	   2.50	   4.200000	  10.594681	   0.030627
   0.75	   2.50	   4.400000	  10.182321	   0.030727
   0.75	   2.50	   4.600000	  10.252847	   0.030000
   0.75	   2.50	   4.800000	  10.790915	   0.040039
   0.75	   3.00	   4.166667	   9.711731	   0.032404
   0.75	   3.00	   4.333333	   9.339053	   0.051108
   0.75	   3.00	   4.500000	   8.202928	   0.031309
   0.75	   3.00	   4.666667	   8.075157	   0.031636
   0.75	   3.00	   4.833333	   8.301427	   0.044187
   0.75	   3.50	   4.285714	   8.065780	   0.031725
   0.75	   3.50	   4.428571	   8.272018	   0.030550
   0.75	   3.50	   4.571429	   8.165780	   0.033390
   0.75	   3.50	   4.714286	   7.632890	   0.031151
   0.75	   3.50	   4.857143	   7.619328	   0.052011
   0.75	   4.00	   4.375000	   6.292834	   0.030266
   0.75	   4.00	   4.500000	   6.070867	   0.035054
   0.75	   4.00	   4.625000	   6.236988	   0.042298
   0.75	   4.00	   4.750000	   5.819988	   0.037386
   0.75	   4.00	   4.875000	   6.560102	   0.054764
   0.75	   4.50	   4.444444	   5.402913	   0.031088
   0.75	   4.50	   4.555556	   5.297857	   0.030791
   0.75	   4.50	   4.666667	   5.088815	   0.034768
   0.75	   4.50	   4.777778	   5.058395	   0.030462
   1.25	   0.50	   1.000000	  48.600048	   0.030843
   1.25	   0.50	   3.000000	  60.030765	   0.032243
   1.25	   0.50	   2.000000	  63.774809	   0.030052
   1.25	   0.50	   4.000000	  49.444141	   0.030026
   1.25	   1.50	   3.333333	  20.555075	   0.030235
   1.25	   1.50	   3.666667	  21.289415	   0.030096
   1.25	   1.50	   4.000000	  20.016808	   0.030175
   1.25	   1.50	   4.333333	  16.817871	   0.031093
   1.25	   1.50	   4.666667	  15.358497	   0.030724
   1.75	   0.50	   1.000000	  66.328406	   0.030560
   1.75	   0.50	   3.000000	  74.281967	   0.030136
   1.75	   0.50	   2.000000	  80.350345	   0.030167
   1.75	   0.50	   4.000000	  62.505197	   0.030178
   1.75	   1.00	   2.500000	  39.546504	   0.030333
   1.75	   1.00	   3.000000	  35.342137	   0.030119
   1.75	   1.00	   4.500000	  23.530999	   0.030456
   1.75	   1.00	   3.500000	  34.492159	   0.030358
   1.75	   1.00	   4.000000	  30.300299	   0.030333
   1.75	   2.00	   3.750000	  17.835298	   0.035124
   1.75	   2.00	   4.000000	  17.633765	   0.030458
   1.75	   2.00	   4.250000	  16.276774	   0.040528
   1.75	   2.00	   4.500000	  14.143965	   0.030442
   1.75	   2.00	   4.750000	  12.067906	   0.040223
   2.25	   0.50	   1.000000	  56.842981	   0.030318
   2.25	   0.50	   3.000000	  64.389926	   0.030105
   2.25	   0.50	   2.000000	  66.033370	   0.030243
   2.25	   0.50	   4.000000	  77.803105	   0.030173
   2.25	   1.50	   3.333333	  23.395491	   0.030234
   2.25	   1.50	   3.666667	  19.413355	   0.030105
   2.25	   1.50	   4.000000	  17.928755	   0.030335
   2.25	   1.50	   4.333333	  16.135797	   0.030152
   2.25	   1.50	   4.666667	  16.075420	   0.030092
   2.25	   2.50	   4.000000	  12.687194	   0.030990
   2.25	   2.50	   4.200000	  12.698713	   0.031421
   2.25	   2.50	   4.400000	  12.566291	   0.030757
   2.25	   2.50	   4.600000	  11.287902	   0.038368
   2.25	   2.50	   4.800000	  11.025379	   0.034673
   2.75	   0.50	   1.000000	  42.274503	   0.030087
   2.75	   0.50	   3.000000	  91.075816	   0.030037
   2.75	   0.50	   2.000000	  64.174662	   0.030167
   2.75	   0.50	   4.000000	  53.905075	   0.030874
   2.75	   1.00	   2.500000	  48.250608	   0.030219
   2.75	   1.00	   3.000000	  39.750221	   0.030279
   2.75	   1.00	   4.500000	  27.597675	   0.030373
   2.75	   1.00	   3.500000	  29.916251	   0.030105
   2.75	   1.00	   4.000000	  23.309716	   0.030144
   2.75	   1.50	   3.333333	  20.382195	   0.030111
   2.75	   1.50	   3.666667	  18.812808	   0.030022
   2.75	   1.50	   4.000000	  17.002381	   0.030118
   2.75	   1.50	   4.333333	  16.993374	   0.030036
   2.75	   1.50	   4.666667	  18.897479	   0.030275
   2.75	   2.00	   3.750000	  17.994665	   0.030381
   2.75	   2.00	   4.000000	  15.668958	   0.030172
   2.75	   2.00	   4.250000	  13.537557	   0.032292
   2.75	   2.00	   4.500000	  13.323000	   0.030335
   2.75	   2.00	   4.750000	  13.052803	   0.032365
   2.75	   3.00	   4.166667	  10.842866	   0.030820
   2.75	   3.00	   4.333333	  11.185955	   0.034406
   2.75	   3.00	   4.500000	  11.098525	   0.031209
   2.75	   3.00	   4.666667	  11.552500	   0.050348
   2.75	   3.00	   4.833333	  11.942830	   0.051591
   3.25	   0.50	   1.000000	  46.292871	   0.030585
   3.25	   0.50	   3.000000	  60.911639	   0.030166
   3.25	   0.50	   2.000000	  90.108566	   0.030490
   3.25	   0.50	   4.000000	  55.852536	   0.030241
   3.25	   2.50	   4.000000	  15.920127	   0.031105
   3.25	   2.50	   4.200000	  14.856040	   0.032557
   3.25	   2.50	   4.400000	  13.815821	   0.030382
   3.25	   2.50	   4.600000	  12.423371	   0.030000
   3.25	   2.50	   4.800000	  11.901580	   0.035217
   3.25	   3.50	   4.285714	  12.146869	   0.031031
   3.25	   3.50	   4.428571	  11.222096	   0.032298
   3.25	   3.50	   4.571429	  10.908819	   0.030149
   3.25	   3.50	   4.714286	  10.644524	   0.054727
   3.25	   3.50	   4.857143	  10.984915	   0.030000
   3.75	   0.50	   1.000000	  64.812525	   0.030454
   3.75	   0.50	   3.000000	  52.705172	   0.031150
   3.75	   0.50	   2.000000	  56.046121	   0.031075
   3.75	   0.50	   4.000000	  55.838251	   0.030362
   3.75	   1.00	   2.500000	  32.887800	   0.030414
   3.75	   1.00	   3.000000	  23.579115	   0.030471
   3.75	   1.00	   4.500000	  20.921293	   0.030385
   3.75	   1.00	   3.500000	  27.680785	   0.030367
   3.75	   1.00	   4.000000	  25.885431	   0.030481
   3.75	   1.50	   3.333333	  18.050150	   0.030465
   3.75	   1.50	   3.666667	  18.207645	   0.030426
   3.75	   1.50	   4.000000	  20.442487	   0.030343
   3.75	   1.50	   4.333333	  22.717831	   0.032156
   3.75	   1.50	   4.666667	  20.407894	   0.030036
   3.75	   2.00	   3.750000	  16.785213	   0.031361
   3.75	   2.00	   4.000000	  16.619471	   0.030446
   3.75	   2.00	   4.250000	  16.027309	   0.033870
   3.75	   2.00	   4.500000	  16.350467	   0.030929
   3.75	   2.00	   4.750000	  17.237326	   0.031552
   3.75	   3.00	   4.166667	  16.499330	   0.030000
   3.75	   3.00	   4.333333	  17.249370	   0.038571
   3.75	   3.00	   4.500000	  16.705495	   0.036428
   3.75	   3.00	   4.666667	  15.463112	   0.030000
   3.75	   3.00	   4.833333	  14.445645	   0.037259
   3.75	   4.00	   4.375000	  11.471966	   0.031021
   3.75	   4.00	   4.500000	  10.990605	   0.030328
   3.75	   4.00	   4.625000	  10.393522	   0.031291
   3.75	   4.00	   4.750000	  10.225867	   0.031802
   3.75	   4.00	   4.875000	   9.482611	   0.030927
   4.25	   0.50	   1.000000	  40.805706	   0.030057
   4.25	   0.50	   3.000000	  56.600094	   0.030357
   4.25	   0.50	   2.000000	  47.805912	   0.030056
   4.25	   0.50	   4.000000	  46.548540	   0.030579
   4.25	   1.50	   3.333333	  21.383208	   0.030483
   4.25	   1.50	   3.666667	  24.167829	   0.030574
   4.25	   1.50	   4.000000	  26.706136	   0.031500
   4.25	   1.50	   4.333333	  24.398263	   0.030126
   4.25	   1.50	   4.666667	  21.455220	   0.030277
   4.25	   3.50	   4.285714	  14.813494	   0.030376
   4.25	   3.50	   4.428571	  14.036961	   0.034325
   4.25	   3.50	   4.571429	  14.055395	   0.043910
   4.25	   3.50	   4.714286	  13.357247	   0.031842
   4.25	   3.50	   4.857143	  13.706436	   0.034588
   4.75	   0.50	   1.000000	  32.298139	   0.030238
   4.75	   0.50	   3.000000	  46.684242	   0.030649
   4.75	   0.50	   2.000000	  51.122056	   0.030681
   4.75	   0.50	   4.000000	  43.082160	   0.032188
   4.75	   1.00	   2.500000	  38.189189	   0.030075
   4.75	   1.00	   3.000000	  36.180679	   0.030251
   4.75	   1.00	   4.500000	  23.027209	   0.030524
   4.75	   1.00	   3.500000	  28.257134	   0.030163
   4.75	   1.00	   4.000000	  26.426373	   0.030153
   4.75	   2.00	   3.750000	  26.223015	   0.030698
   4.75	   2.00	   4.000000	  26.505385	   0.030635
   4.75	   2.00	   4.250000	  27.831221	   0.030752
   4.75	   2.00	   4.500000	  27.132265	   0.030592
   4.75	   2.00	   4.750000	  26.727098	   0.032156
   4.75	   2.50	   4.000000	  23.990969	   0.035579
   4.75	   2.50	   4.200000	  22.778462	   0.030875
   4.75	   2.50	   4.400000	  20.981934	   0.031108
   4.75	   2.50	   4.600000	  22.074864	   0.040698
   4.75	   2.50	   4.800000	  23.141869	   0.034562
   4.75	   4.00	   4.375000	  12.322925	   0.030272
   4.75	   4.00	   4.500000	  12.114934	   0.030745
   4.75	   4.00	   4.625000	  11.187706	   0.032227
   5.25	   0.50	   1.000000	  65.302991	   0.030610
   5.25	   0.50	   3.000000	  71.136985	   0.030189
   5.25	   0.50	   2.000000	  70.533449	   0.030323
   5.25	   0.50	   4.000000	  36.244627	   0.030372
   5.25	   1.50	   3.333333	  45.138563	   0.030286
   5.25	   1.50	   3.666667	  41.247644	   0.030405
   5.25	   1.50	   4.000000	  36.384034	   0.030220
   5.25	   1.50	   4.333333	  30.492453	   0.030803
   5.25	   1.50	   4.666667	  29.654459	   0.030800
   5.75	   0.50	   1.000000	  64.979799	   0.030757
   5.75	   0.50	   3.000000	  48.205548	   0.031537
   5.75	   0.50	   2.000000	  85.665265	   0.030062
   5.75	   0.50	   4.000000	  55.376382	   0.030973
   5.75	   1.00	   2.500000	  50.430722	   0.030174
   5.75	   1.00	   3.000000	  45.361678	   0.030341
   5.75	   1.00	   4.500000	  42.161999	   0.030403
   5.75	   1.00	   3.500000	  39.378037	   0.030258
   5.75	   1.00	   4.000000	  35.884387	   0.030225
   5.75	   1.50	   3.333333	  51.583028	   0.030344
   5.75	   1.50	   3.666667	  45.158990	   0.030406
   5.75	   1.50	   4.000000	  37.467889	   0.031069
   5.75	   1.50	   4.333333	  36.863249	   0.030499
   5.75	   1.50	   4.666667	  35.113451	   0.030401
   5.75	   2.00	   3.750000	  38.464869	   0.030847
   5.75	   2.00	   4.000000	  37.767327	   0.030784
   5.75	   2.00	   4.250000	  36.751729	   0.030654
   5.75	   2.00	   4.500000	  33.800001	   0.035289
   5.75	   2.00	   4.750000	  30.294494	   0.030272
   5.75	   2.50	   4.000000	  24.771618	   0.030541
   5.75	   2.50	   4.200000	  26.165974	   0.038712
   5.75	   2.50	   4.400000	  26.526926	   0.031594
   5.75	   2.50	   4.600000	  27.985983	   0.040126
   5.75	   2.50	   4.800000	  26.852117	   0.031082
   5.75	   3.00	   4.166667	  22.867176	   0.031021
   5.75	   3.00	   4.333333	  20.962235	   0.031234
   5.75	   3.00	   4.500000	  19.701827	   0.030817
   5.75	   3.00	   4.666667	  19.028886	   0.030849
   5.75	   3.00	   4.833333	  18.005414	   0.033580
   6.25	   0.50	   1.000000	  79.118148	   0.030093
   6.25	   0.50	   3.000000	  64.401830	   0.031307
   6.25	   0.50	   2.000000	  53.170047	   0.030604
   6.25	   0.50	   4.000000	  78.760165	   0.030598
   6.75	   0.50	   1.000000	  51.317014	   0.030039
   6.75	   0.50	   3.000000	  93.370866	   0.031046
   6.75	   0.50	   2.000000	  69.486746	   0.030751
   6.75	   0.50	   4.000000	  69.832335	   0.030193
   6.75	   1.00	   2.500000	  47.746627	   0.030366
   6.75	   1.00	   3.000000	  43.412818	   0.030372
   6.75	   1.00	   4.500000	  62.443118	   0.031147
   6.75	   1.00	   3.500000	  51.469896	   0.030442
   6.75	   1.00	   4.000000	  60.901651	   0.030602
   6.75	   1.50	   3.333333	  38.221509	   0.030674
   6.75	   1.50	   3.666667	  37.624173	   0.030336
   6.75	   1.50	   4.000000	  36.007892	   0.030208
   6.75	   1.50	   4.333333	  36.320710	   0.030337
   6.75	   1.50	   4.666667	  38.446326	   0.030656
   6.75	   2.00	   3.750000	  40.104716	   0.030613
   6.75	   2.00	   4.000000	  37.044563	   0.032181
   6.75	   2.00	   4.250000	  32.919803	   0.030283
   6.75	   2.00	   4.500000	  30.589381	   0.034675
   6.75	   2.00	   4.750000	  27.021106	   0.030152
   6.75	   3.00	   4.166667	  21.681017	   0.030000
   6.75	   3.00	   4.333333	  20.996198	   0.030235
   6.75	   3.00	   4.500000	  19.856759	   0.038112
   6.75	   3.00	   4.666667	  18.708122	   0.030471
   6.75	   3.00	   4.833333	  18.805691	   0.032659
   6.75	   3.50	   4.285714	  17.496841	   0.030318
   6.75	   3.50	   4.428571	  16.564419	   0.030275
   6.75	   3.50	   4.571429	  15.475943	   0.030947
   6.75	   3.50	   4.714286	  14.772494	   0.030595
   6.75	   3.50	   4.857143	  14.136321	   0.034044
   7.25	   0.50	   1.000000	  42.069132	   0.030056
   7.25	   0.50	   3.000000	  59.428429	   0.030340
   7.25	   0.50	   2.000000	  70.970683	   0.030434
   7.25	   0.50	   4.000000	  53.363701	   0.030858
   7.25	   1.50	   3.333333	  40.224085	   0.030184
   7.25	   1.50	   3.666667	  38.260777	   0.030043
   7.25	   1.50	   4.000000	  38.691121	   0.030285
   7.25	   1.50	   4.333333	  40.879431	   0.030510
   7.25	   1.50	   4.666667	  42.267989	   0.030790
   7.25	   2.50	   4.000000	  32.532132	   0.040285
   7.25	   2.50	   4.200000	  31.528593	   0.030678
   7.25	   2.50	   4.400000	  29.607277	   0.051427
   7.25	   2.50	   4.600000	  26.001269	   0.030113
   7.25	   2.50	   4.800000	  24.259009	   0.033267
   7.75	   0.50	   1.000000	  48.650562	   0.030248
   7.75	   0.50	   3.000000	  47.869857	   0.036822
   7.75	   0.50	   2.000000	  50.142544	   0.030187
   7.75	   0.50	   4.000000	  44.491567	   0.030000
   7.75	   1.00	   2.500000	  52.647933	   0.030334
   7.75	   1.00	   3.000000	  62.594837	   0.030645
   7.75	   1.00	   4.500000	  41.864983	   0.030855
   7.75	   1.00	   3.500000	  64.505365	   0.030300
   7.75	   1.00	   4.000000	  52.869644	   0.030032
   7.75	   2.00	   3.750000	  35.286652	   0.030583
   7.75	   2.00	   4.000000	  32.949663	   0.034905
   7.75	   2.00	   4.250000	  28.953000	   0.030562
   7.75	   2.00	   4.500000	  29.805685	   0.033599
   7.75	   2.00	   4.750000	  31.648097	   0.032081
   7.75	   3.50	   4.285714	  15.120386	   0.030736
   7.75	   3.50	   4.428571	  14.462890	   0.031678
   7.75	   3.50	   4.571429	  13.403118	   0.031337
   7.75	   3.50	   4.714286	  12.507353	   0.032529
   8.25	   0.50	   1.000000	  48.451110	   0.030269
   8.25	   0.50	   3.000000	  56.723889	   0.030594
   8.25	   0.50	   2.000000	  54.479847	   0.031277
   8.25	   0.50	   4.000000	  45.600999	   0.030443
   8.25	   1.50	   3.333333	  42.780099	   0.030151
   8.25	   1.50	   3.666667	  45.691461	   0.030420
   8.25	   1.50	   4.000000	  47.420543	   0.030464
   8.25	   1.50	   4.333333	  45.158651	   0.030285
   8.25	   1.50	   4.666667	  43.967204	   0.030118
   8.25	   2.50	   4.000000	  32.721411	   0.031023
   8.25	   2.50	   4.200000	  28.635380	   0.030166
   8.25	   2.50	   4.400000	  26.124285	   0.030121
   8.25	   2.50	   4.600000	  23.459749	   0.030453
   8.25	   2.50	   4.800000	  23.205325	   0.030455
   8.75	   0.50	   1.000000	  43.112767	   0.030450
   8.75	   0.50	   3.000000	  46.917558	   0.030215
   8.75	   0.50	   2.000000	  55.568193	   0.030241
   8.75	   0.50	   4.000000	  54.881185	   0.030245
   8.75	   1.00	   2.500000	  65.451249	   0.030067
   8.75	   1.00	   3.000000	  55.276867	   0.030067
   8.75	   1.00	   4.500000	  40.741712	   0.030670
   8.75	   1.00	   3.500000	  43.504569	   0.030444
   8.75	   1.00	   4.000000	  44.556338	   0.030159
   8.75	   1.50	   3.333333	  46.551972	   0.030374
   8.75	   1.50	   3.666667	  48.578240	   0.030579
   8.75	   1.50	   4.000000	  46.232322	   0.030433
   8.75	   1.50	   4.333333	  45.177280	   0.030136
   8.75	   1.50	   4.666667	  39.789308	   0.034475
   8.75	   2.00	   3.750000	  30.646479	   0.030131
   8.75	   2.00	   4.000000	  31.711669	   0.032548
   8.75	   2.00	   4.250000	  33.315113	   0.030349
   8.75	   2.00	   4.500000	  35.793446	   0.030424
   8.75	   2.00	   4.750000	  35.778041	   0.030489
   8.75	   3.00	   4.166667	  18.676708	   0.030952
   8.75	   3.00	   4.333333	  18.926188	   0.030846
   8.75	   3.00	   4.500000	  17.583259	   0.030382
   8.75	   3.00	   4.666667	  16.934058	   0.030260
   8.75	   3.00	   4.833333	  15.730160	   0.032154
   9.25	   0.50	   1.000000	  35.582818	   0.030132
   9.25	   0.50	   3.000000	  39.313421	   0.032997
   9.25	   0.50	   2.000000	  32.491439	   0.030000
   9.25	   0.50	   4.000000	  55.847773	   0.030844
   9.75	   0.50	   1.000000	  27.618243	   0.030569
   9.75	   0.50	   3.000000	  63.623319	   0.030529
   9.75	   0.50	   2.000000	  40.208298	   0.030200
   9.75	   0.50	   4.000000	  69.107743	   0.030421
   9.75	   1.00	   2.500000	  40.776221	   0.030108
   9.75	   1.00	   3.000000	  42.461707	   0.030345
   9.75	   1.00	   4.500000	  43.546863	   0.030339
   9.75	   1.00	   3.500000	  39.210829	   0.030148
   9.75	   1.00	   4.000000	  39.544603	   0.030170
   9.75	   1.50	   3.333333	  40.214962	   0.030634
   9.75	   1.50	   3.666667	  39.451487	   0.030558
   9.75	   1.50	   4.000000	  34.975692	   0.030000
   9.75	   1.50	   4.333333	  33.286038	   0.030718
   9.75	   1.50	   4.666667	  27.764376	   0.035345
   9.75	   2.00	   3.750000	  29.199887	   0.030568
   9.75	   2.00	   4.000000	  31.670618	   0.030914
   9.75	   2.00	   4.250000	  31.808989	   0.030488
   9.75	   2.00	   4.500000	  29.834503	   0.030569
   9.75	   2.00	   4.750000	  26.869264	   0.030000
   9.75	   2.50	   4.000000	  22.675538	   0.030000
   9.75	   2.50	   4.200000	  22.440771	   0.030169
   9.75	   2.50	   4.400000	  21.143783	   0.032000
   9.75	   2.50	   4.600000	  20.122776	   0.030059
   9.75	   2.50	   4.800000	  19.833165	   0.032398
   9.75	   3.00	   4.166667	  19.859723	   0.032519
   9.75	   3.00	   4.333333	  19.093390	   0.030323
   9.75	   3.00	   4.500000	  17.537718	   0.031913
   9.75	   3.00	   4.666667	  16.505335	   0.032668
   9.75	   3.00	   4.833333	  16.797926	   0.046807
  10.25	   0.50	   1.000000	  21.964750	   0.030305
  10.25	   0.50	   3.000000	  51.348144	   0.031049
  10.25	   0.50	   2.000000	  44.688505	   0.030839
  10.25	   0.50	   4.000000	  55.266867	   0.030853
  10.25	   1.50	   3.333333	  35.248217	   0.030567
  10.25	   1.50	   3.666667	  31.244892	   0.031567
  10.25	   1.50	   4.000000	  29.845636	   0.030302
  10.25	   1.50	   4.333333	  24.882258	   0.032952
  10.25	   1.50	   4.666667	  24.805360	   0.034786
  10.75	   0.50	   1.000000	  25.453141	   0.030920
  10.75	   0.50	   3.000000	  41.298972	   0.030082
  10.75	   0.50	   2.000000	  35.357105	   0.031363
  10.75	   0.50	   4.000000	  26.864451	   0.030000
  10.75	   1.00	   2.500000	  27.811703	   0.030320
  10.75	   1.00	   3.000000	  28.416764	   0.030065
  10.75	   1.00	   4.500000	  35.461581	   0.030441
  10.75	   1.00	   3.500000	  31.925518	   0.030326
  10.75	   1.00	   4.000000	  34.355809	   0.030558
  10.75	   2.00	   3.750000	  36.803592	   0.030155
  10.75	   2.00	   4.000000	  34.548338	   0.031072
  10.75	   2.00	   4.250000	  30.717308	   0.040102
  10.75	   2.00	   4.500000	  28.550640	   0.030313
  10.75	   2.00	   4.750000	  26.897388	   0.039948
  10.75	   2.50	   4.000000	  24.464164	   0.032735
  10.75	   2.50	   4.200000	  23.413567	   0.031095
  10.75	   2.50	   4.400000	  22.744876	   0.030697
  10.75	   2.50	   4.600000	  23.559023	   0.030401
  10.75	   2.50	   4.800000	  22.554246	   0.034041
  11.25	   0.50	   1.000000	  25.926573	   0.030374
  11.25	   0.50	   3.000000	  24.588447	   0.032191
  11.25	   0.50	   2.000000	  34.897160	   0.030077
  11.25	   0.50	   4.000000	  29.651193	   0.031005
  11.25	   1.50	   3.333333	  39.599164	   0.030122
  11.25	   1.50	   3.666667	  33.068567	   0.037404
  11.25	   1.50	   4.000000	  33.347272	   0.033003
  11.25	   1.50	   4.333333	  33.772245	   0.030635
  11.25	   1.50	   4.666667	  39.453532	   0.030000
  11.75	   0.50	   1.000000	  39.632417	   0.030490
  11.75	   0.50	   3.000000	  39.953845	   0.031348
  11.75	   0.50	   2.000000	  30.352598	   0.031235
  11.75	   0.50	   4.000000	  39.914550	   0.030460
  11.75	   1.00	   2.500000	  48.722878	   0.030124
  11.75	   1.00	   3.000000	  53.253989	   0.030158
  11.75	   1.00	   4.500000	  47.747633	   0.030375
  11.75	   1.00	   3.500000	  55.554087	   0.030305
  11.75	   1.00	   4.000000	  51.790378	   0.030260
  11.75	   1.50	   3.333333	  37.446873	   0.031033
  11.75	   1.50	   3.666667	  36.958312	   0.031767
  11.75	   1.50	   4.000000	  38.221210	   0.030183
  11.75	   1.50	   4.333333	  44.777677	   0.030000
  11.75	   1.50	   4.666667	  45.894556	   0.030226
  11.75	   2.00	   3.750000	  35.993702	   0.031269
  11.75	   2.00	   4.000000	  32.822466	   0.030021
  11.75	   2.00	   4.250000	  29.541305	   0.030157
  11.75	   2.00	   4.500000	  27.658945	   0.030065
  11.75	   2.00	   4.750000	  26.985581	   0.036096
  11.75	   3.00	   4.166667	  19.227733	   0.031214
  11.75	   3.00	   4.333333	  17.963027	   0.030206
  11.75	   3.00	   4.500000	  15.753113	   0.030681
  12.25	   0.50	   1.000000	  26.643226	   0.032386
  12.25	   0.50	   3.000000	  42.389358	   0.032780
  12.25	   0.50	   2.000000	  41.707377	   0.030321
  12.25	   0.50	   4.000000	  42.139377	   0.036392
  12.25	   2.50	   4.000000	  27.967247	   0.030090
  12.25	   2.50	   4.200000	  25.803596	   0.031141
  12.25	   2.50	   4.400000	  25.509983	   0.031450
  12.25	   2.50	   4.600000	  24.524243	   0.030144
  12.25	   2.50	   4.800000	  22.442152	   0.030765
  12.75	   0.50	   1.000000	  34.489976	   0.030437
  12.75	   0.50	   3.000000	  42.258414	   0.030797
  12.75	   0.50	   2.000000	  39.757816	   0.036396
  12.75	   0.50	   4.000000	  49.248693	   0.030581
  12.75	   1.00	   2.500000	  57.693494	   0.030810
  12.75	   1.00	   3.000000	  53.753760	   0.030751
  12.75	   1.00	   4.500000	  37.532713	   0.030477
  12.75	   1.00	   3.500000	  48.116781	   0.030854
  12.75	   1.00	   4.000000	  46.853279	   0.038623
  12.75	   1.50	   3.333333	  39.658463	   0.030610
  12.75	   1.50	   3.666667	  46.861561	   0.040450
  12.75	   1.50	   4.000000	  47.228046	   0.030530
  12.75	   1.50	   4.333333	  46.450649	   0.030165
  12.75	   1.50	   4.666667	  39.122605	   0.030901
  12.75	   2.00	   3.750000	  31.730614	   0.030586
  12.75	   2.00	   4.000000	  29.804102	   0.030282
  12.75	   2.00	   4.250000	  29.620261	   0.045713
  12.75	   2.00	   4.500000	  28.187735	   0.036342
  12.75	   2.00	   4.750000	  26.733646	   0.032502
  12.75	   3.00	   4.166667	  16.646716	   0.034841
  13.25	   0.50	   1.000000	  29.425846	   0.030148
  13.25	   0.50	   3.000000	  40.575222	   0.032572
  13.25	   0.50	   2.000000	  32.995864	   0.031095
  13.25	   0.50	   4.000000	  49.348310	   0.030000
  13.25	   1.50	   3.333333	  45.648913	   0.030282
  13.25	   1.50	   3.666667	  46.930819	   0.032087
  13.25	   1.50	   4.000000	  46.039830	   0.030457
  13.25	   1.50	   4.333333	  38.998740	   0.030566
  13.25	   1.50	   4.666667	  35.697054	   0.034157
  13.25	   2.50	   4.000000	  27.655796	   0.030333
  13.25	   2.50	   4.200000	  26.547461	   0.030966
  13.25	   2.50	   4.400000	  24.619169	   0.030730
  13.25	   2.50	   4.600000	  22.058219	   0.030160
  13.25	   2.50	   4.800000	  19.538917	   0.033448
  13.75	   0.50	   1.000000	  41.531586	   0.030089
  13.75	   0.50	   3.000000	  76.146097	   0.030354
  13.75	   0.50	   2.000000	  59.552496	   0.030180
  13.75	   0.50	   4.000000	  85.316770	   0.030631
  13.75	   1.00	   2.500000	  62.439069	   0.030774
  13.75	   1.00	   3.000000	  58.766579	   0.030917
  13.75	   1.00	   4.500000	  39.473862	   0.030295
  13.75	   1.00	   3.500000	  46.851589	   0.030434
  13.75	   1.00	   4.000000	  41.449437	   0.030195
  13.75	   2.00	   3.750000	  31.890288	   0.032866
  13.75	   2.00	   4.000000	  30.549861	   0.033527
  13.75	   2.00	   4.250000	  30.356047	   0.030511
  13.75	   2.00	   4.500000	  31.420860	   0.030426
  13.75	   2.00	   4.750000	  29.186870	   0.030705
  14.25	   0.50	   1.000000	  33.012189	   0.030213
  14.25	   0.50	   3.000000	  66.677831	   0.030454
  14.25	   0.50	   2.000000	  54.041670	   0.030520
  14.25	   0.50	   4.000000	  73.651065	   0.030914
  14.25	   1.50	   3.333333	  51.142621	   0.030240
  14.25	   1.50	   3.666667	  43.331386	   0.030217
  14.25	   1.50	   4.000000	  40.257447	   0.031492
  14.25	   1.50	   4.333333	  35.659000	   0.030223
  14.25	   1.50	   4.666667	  34.781998	   0.030363
  14.75	   0.50	   1.000000	  40.319262	   0.030191
  14.75	   0.50	   3.000000	  76.888896	   0.030613
  14.75	   0.50	   2.000000	  62.560121	   0.030342
  14.75	   0.50	   4.000000	  59.237177	   0.030250
  14.75	   1.00	   2.500000	  51.682174	   0.030425
  14.75	   1.00	   3.000000	  45.746265	   0.030199
  14.75	   1.00	   4.500000	  55.433168	   0.030258
  14.75	   1.00	   3.500000	  42.714566	   0.030266
  14.75	   1.00	   4.000000	  49.529247	   0.030272
  14.75	   1.50	   3.333333	  46.594161	   0.030270
  14.75	   1.50	   3.666667	  43.352718	   0.032259
  14.75	   1.50	   4.000000	  38.622829	   0.030220
  14.75	   1.50	   4.333333	  37.794926	   0.030000
  14.75	   1.50	   4.666667	  33.220716	   0.036254
  14.75	   2.00	   3.750000	  34.012697	   0.030353
  14.75	   2.00	   4.000000	  35.544544	   0.030379
  14.75	   2.00	   4.250000	  32.924739	   0.030495
  14.75	   2.00	   4.500000	  32.730615	   0.030027
  14.75	   2.00	   4.750000	  32.915098	   0.031720
  14.75	   2.50	   4.000000	  27.347899	   0.030582
  14.75	   2.50	   4.200000	  24.932175	   0.030724
  14.75	   2.50	   4.400000	  21.998296	   0.030865
  14.75	   2.50	   4.600000	  20.247078	   0.030117
  15.25	   0.50	   1.000000	  47.168988	   0.030312
  15.25	   0.50	   3.000000	  61.816327	   0.030272
  15.25	   0.50	   2.000000	  73.300691	   0.030456
  15.25	   0.50	   4.000000	  75.614621	   0.030516
  15.75	   0.50	   1.000000	  53.211684	   0.030365
  15.75	   0.50	   3.000000	  70.875103	   0.030665
  15.75	   0.50	   2.000000	  53.061209	   0.030479
  15.75	   0.50	   4.000000	  53.876504	   0.030625
  15.75	   1.00	   2.500000	  44.214647	   0.030316
  15.75	   1.00	   3.000000	  51.938571	   0.030519
  15.75	   1.00	   4.500000	  51.822211	   0.030501
  15.75	   1.00	   3.500000	  58.752467	   0.030432
  15.75	   1.00	   4.000000	  60.033141	   0.031795
  15.75	   1.50	   3.333333	  41.430363	   0.030327
  15.75	   1.50	   3.666667	  40.869204	   0.030369
  15.75	   1.50	   4.000000	  36.264269	   0.032761
  15.75	   1.50	   4.333333	  37.020365	   0.030000
  15.75	   1.50	   4.666667	  36.812667	   0.030060
  15.75	   2.00	   3.750000	  35.771410	   0.030176
  15.75	   2.00	   4.000000	  35.513131	   0.030379
  15.75	   2.00	   4.250000	  35.543869	   0.030218
  15.75	   2.00	   4.500000	  35.011002	   0.030357
  15.75	   2.00	   4.750000	  30.471337	   0.032060
  15.75	   2.50	   4.000000	  24.748524	   0.030372
  15.75	   2.50	   4.200000	  22.863055	   0.030457
  16.25	   0.50	   1.000000	  40.137081	   0.030208
  16.25	   0.50	   3.000000	  50.714860	   0.030531
  16.25	   0.50	   2.000000	  63.624806	   0.030610
  16.25	   0.50	   4.000000	  50.438693	   0.030133
  16.25	   1.50	   3.333333	  40.196716	   0.030425
  16.25	   1.50	   3.666667	  35.665576	   0.033661
  16.25	   1.50	   4.000000	  36.250113	   0.032210
  16.25	   1.50	   4.333333	  36.311174	   0.030101
  16.25	   1.50	   4.666667	  39.123391	   0.030057
  16.75	   0.50	   1.000000	  58.453265	   0.030435
  16.75	   0.50	   3.000000	  54.193146	   0.030435
  16.75	   0.50	   2.000000	  51.707874	   0.030336
  16.75	   0.50	   4.000000	  41.734651	   0.030807
  16.75	   1.00	   2.500000	  59.290255	   0.030963
  16.75	   1.00	   3.000000	  60.437867	   0.030111
  16.75	   1.00	   4.500000	  41.472658	   0.030432
  16.75	   1.00	   3.500000	  52.509923	   0.030391
  16.75	   1.00	   4.000000	  46.558062	   0.030868
  16.75	   2.00	   3.750000	  37.760574	   0.030348
  16.75	   2.00	   4.000000	  37.368940	   0.030342
  16.75	   2.00	   4.250000	  32.430190	   0.030120
  16.75	   2.00	   4.500000	  28.699044	   0.030716
  16.75	   2.00	   4.750000	  24.379399	   0.030000
  17.25	   0.50	   1.000000	  43.273417	   0.030688
  17.25	   0.50	   3.000000	  41.363255	   0.030977
  17.25	   0.50	   2.000000	  54.432529	   0.030738
  17.25	   0.50	   4.000000	  51.438610	   0.030131
  17.25	   1.50	   3.333333	  37.291947	   0.030000
  17.25	   1.50	   3.666667	  37.189152	   0.031756
  17.25	   1.50	   4.000000	  40.605791	   0.030357
  17.25	   1.50	   4.333333	  36.603680	   0.030318
  17.25	   1.50	   4.666667	  37.636577	   0.030039
  17.75	   0.50	   1.000000	  54.548697	   0.030485
  17.75	   0.50	   3.000000	  63.759024	   0.030264
  17.75	   0.50	   2.000000	  48.164594	   0.030250
  17.75	   0.50	   4.000000	  66.946476	   0.030292
  17.75	   1.00	   2.500000	  56.361922	   0.030000
  17.75	   1.00	   3.000000	  49.343546	   0.030136
  17.75	   1.00	   4.500000	  39.397128	   0.030454
  17.75	   1.00	   3.500000	  43.388432	   0.030223
  17.75	   1.00	   4.000000	  43.476359	   0.030658
  17.75	   1.50	   3.333333	  37.610912	   0.031028
  17.75	   1.50	   3.666667	  41.083230	   0.030407
  17.75	   1.50	   4.000000	  37.117207	   0.030431
  17.75	   1.50	   4.333333	  38.147230	   0.030177
  17.75	   1.50	   4.666667	  37.950721	   0.030684
  17.75	   2.00	   3.750000	  32.590767	   0.030211
  17.75	   2.00	   4.000000	  28.879051	   0.030280
  17.75	   2.00	   4.250000	  24.368286	   0.030223
  17.75	   2.00	   4.500000	  22.862615	   0.030039
  17.75	   2.00	   4.750000	  23.946390	   0.030731
  18.25	   0.50	   1.000000	  27.423761	   0.030817
  18.25	   0.50	   3.000000	  49.591148	   0.030543
  18.25	   0.50	   2.000000	  44.374301	   0.030302
  18.25	   0.50	   4.000000	  64.458697	   0.030295
  18.75	   0.50	   1.000000	  37.674338	   0.030497
  18.75	   0.50	   3.000000	  70.608458	   0.030477
  18.75	   0.50	   2.000000	  49.173444	   0.030354
  18.75	   0.50	   4.000000	  58.342804	   0.030577
  18.75	   1.00	   2.500000	  43.744925	   0.030502
  18.75	   1.00	   3.000000	  44.796302	   0.030902
  18.75	   1.00	   4.500000	  36.443859	   0.030479
  18.75	   1.00	   3.500000	  38.619871	   0.031251
  18.75	   1.00	   4.000000	  33.597227	   0.030000
  18.75	   1.50	   3.333333	  41.503576	   0.030132
  18.75	   1.50	   3.666667	  42.189427	   0.030135
  18.75	   1.50	   4.000000	  41.958549	   0.030024
  18.75	   1.50	   4.333333	  43.387594	   0.030113
  18.75	   1.50	   4.666667	  39.712870	   0.030467
  18.75	   2.00	   3.750000	  30.304846	   0.030415
  18.75	   2.00	   4.000000	  27.994222	   0.030072
  18.75	   2.00	   4.250000	  29.338442	   0.030529
  19.25	   0.50	   1.000000	  34.143361	   0.030431
  19.25	   0.50	   3.000000	  57.692858	   0.030875
  19.25	   0.50	   2.000000	  62.321629	   0.031374
  19.25	   0.50	   4.000000	  51.838578	   0.030909
  19.25	   1.50	   3.333333	  50.511089	   0.030185
  19.25	   1.50	   3.666667	  50.002881	   0.030016
  19.25	   1.50	   4.000000	  51.755884	   0.030232
  19.25	   1.50	   4.333333	  47.319275	   0.031075
  19.25	   1.50	   4.666667	  40.636950	   0.030018
  19.75	   0.50	   1.000000	  56.841327	   0.030547
  19.75	   0.50	   3.000000	  69.375225	   0.030291
  19.75	   0.50	   2.000000	  69.645737	   0.030596
  19.75	   0.50	   4.000000	  57.304794	   0.031058
  19.75	   1.00	   2.500000	  58.749928	   0.030523
  19.75	   1.00	   3.000000	  51.405280	   0.030262
  19.75	   1.00	   4.500000	  55.629248	   0.030322
  19.75	   1.00	   3.500000	  55.091213	   0.030351
  19.75	   1.00	   4.000000	  62.761511	   0.030247
  19.75	   2.00	   3.750000	  35.541767	   0.030113
  20.25	   0.50	   1.000000	  49.336930	   0.030549
  20.25	   0.50	   3.000000	  60.275974	   0.030223
  20.25	   0.50	   2.000000	  64.843759	   0.030310
  20.25	   0.50	   4.000000	  69.208573	   0.030292
  20.25	   1.50	   3.333333	  62.035158	   0.030109
  20.25	   1.50	   3.666667	  57.330593	   0.030299
  20.25	   1.50	   4.000000	  49.363875	   0.030345
  20.25	   1.50	   4.333333	  38.460536	   0.030287
  20.25	   1.50	   4.666667	  33.189770	   0.030156
  20.75	   0.50	   1.000000	  38.686741	   0.030268
  20.75	   0.50	   3.000000	  57.854752	   0.030407
  20.75	   0.50	   2.000000	  45.360438	   0.030118
  20.75	   0.50	   4.000000	  55.790636	   0.030121
  20.75	   1.00	   2.500000	  54.098127	   0.030406
  20.75	   1.00	   3.000000	  64.270889	   0.030629
  20.75	   1.00	   4.500000	  59.712999	   0.030142
  20.75	   1.00	   3.500000	  58.315632	   0.030232
  20.75	   1.00	   4.000000	  57.556766	   0.030105
  20.75	   1.50	   3.333333	  58.497061	   0.030320
  20.75	   1.50	   3.666667	  50.455166	   0.030113
  20.75	   1.50	   4.000000	  38.883968	   0.030193
  20.75	   1.50	   4.333333	  33.148671	   0.030074
  20.75	   1.50	   4.666667	  36.631207	   0.030061
  21.25	   0.50	   1.000000	  38.915530	   0.030361
  21.25	   0.50	   3.000000	  54.552639	   0.030617
  21.25	   0.50	   2.000000	  54.753353	   0.030171
  21.25	   0.50	   4.000000	  52.835489	   0.030162
  21.75	   0.50	   1.000000	  44.168935	   0.030152
  21.75	   0.50	   3.000000	  52.367104	   0.030386
  21.75	   0.50	   2.000000	  50.965905	   0.030604
  21.75	   0.50	   4.000000	  45.948588	   0.030586
  21.75	   1.00	   2.500000	  53.123052	   0.030248
  21.75	   1.00	   3.000000	  52.329017	   0.030772
  21.75	   1.00	   4.500000	  56.330423	   0.030318
  21.75	   1.00	   3.500000	  54.876523	   0.030154
  21.75	   1.00	   4.000000	  57.319495	   0.030229
  21.75	   1.50	   3.333333	  35.669470	   0.030244
  21.75	   1.50	   3.666667	  29.041718	   0.030183
  21.75	   1.50	   4.000000	  31.455643	   0.030223
  21.75	   1.50	   4.333333	  32.774698	   0.030505
  22.25	   0.50	   1.000000	  31.177613	   0.030698
  22.25	   0.50	   3.000000	  32.516363	   0.030207
  22.25	   0.50	   2.000000	  36.532522	   0.030293
  22.25	   0.50	   4.000000	  53.344186	   0.030246
  22.25	   1.50	   3.333333	  26.367057	   0.030245
  22.25	   1.50	   3.666667	  28.270411	   0.030188
  22.25	   1.50	   4.000000	  29.113878	   0.030206
  22.75	   0.50	   1.000000	  32.171795	   0.030135
  22.75	   0.50	   3.000000	  56.826264	   0.030652
  22.75	   0.50	   2.000000	  34.306613	   0.030780
  22.75	   0.50	   4.000000	  52.991849	   0.030276
  22.75	   1.00	   2.500000	  51.781545	   0.030085
  22.75	   1.00	   3.000000	  55.670256	   0.030230
  22.75	   1.00	   4.500000	  36.683574	   0.030280
  22.75	   1.00	   3.500000	  55.521617	   0.030174
  22.75	   1.00	   4.000000	  52.480057	   0.030218
  23.25	   0.50	   1.000000	  24.012499	   0.030766
  23.25	   0.50	   3.000000	  43.879711	   0.030230
  23.25	   0.50	   2.000000	  44.008995	   0.030243
  23.25	   0.50	   4.000000	  46.179874	   0.030219
  23.25	   1.50	   3.333333	  23.128649	   0.030181
  23.75	   0.50	   1.000000	  35.128080	   0.030171
  23.75	   0.50	   3.000000	  44.634411	   0.030453
  23.75	   0.50	   2.000000	  40.658776	   0.030198
  23.75	   0.50	   4.000000	  44.407238	   0.030087
  23.75	   1.00	   2.500000	  49.961814	   0.030088
  23.75	   1.00	   3.000000	  47.881761	   0.030000
  23.75	   1.00	   4.500000	  20.849186	   0.030172
  23.75	   1.00	   3.500000	  33.658155	   0.030165
  23.75	   1.00	   4.000000	  21.780422	   0.030155
  24.25	   0.50	   1.000000	  28.612188	   0.030374
  24.25	   0.50	   3.000000	  37.977819	   0.030355
  24.25	   0.50	   2.000000	  37.089943	   0.030253
  24.25	   0.50	   4.000000	  49.195938	   0.030548
  24.75	   0.50	   1.000000	  39.286040	   0.030256
  24.75	   0.50	   3.000000	  66.996854	   0.030151
  24.75	   0.50	   2.000000	  47.988565	   0.030251
  24.75	   0.50	   4.000000	  67.056373	   0.030703
  24.75	   1.00	   2.500000	  44.024406	   0.030299
  24.75	   1.00	   3.000000	  27.274553	   0.030173
  24.75	   1.00	   4.500000	  24.004743	   0.030149
  24.75	   1.00	   3.500000	  24.593536	   0.030088
  24.75	   1.00	   4.000000	  25.168619	   0.030147
  25.25	   0.50	   1.000000	  25.517258	   0.030380
  25.25	   0.50	   3.000000	  47.669876	   0.030353
  25.25	   0.50	   2.000000	  44.073350	   0.030061
  25.25	   0.50	   4.000000	  57.485732	   0.030586
  25.75	   0.50	   1.000000	  42.908344	   0.030265
  25.75	   0.50	   3.000000	  70.832252	   0.030190
  25.75	   0.50	   2.000000	  54.588681	   0.030466
  25.75	   0.50	   4.000000	  63.299537	   0.030000
  25.75	   1.00	   2.500000	  26.819675	   0.030049
  25.75	   1.00	   3.000000	  25.233115	   0.030040
  25.75	   1.00	   3.500000	  22.802257	   0.030276
  26.25	   0.50	   1.000000	  40.084320	   0.030351
  26.25	   0.50	   3.000000	  61.114002	   0.030220
  26.25	   0.50	   2.000000	  60.739267	   0.030132
  26.25	   0.50	   4.000000	  35.069525	   0.030173
  26.75	   0.50	   1.000000	  54.542778	   0.030000
  26.75	   0.50	   3.000000	  43.407939	   0.030252
  26.75	   0.50	   2.000000	  69.976026	   0.030765
  26.75	   0.50	   4.000000	  34.792867	   0.030169
  26.75	   1.00	   2.500000	  25.528134	   0.030065
  27.25	   0.50	   1.000000	  45.285324	   0.030351
  27.25	   0.50	   3.000000	  30.912961	   0.030211
  27.25	   0.50	   2.000000	  36.329652	   0.030544
  27.25	   0.50	   4.000000	  28.454126	   0.030266
  27.75	   0.50	   1.000000	  34.513871	   0.030659
  27.75	   0.50	   3.000000	  30.593496	   0.030138
  27.75	   0.50	   2.000000	  32.657057	   0.030287
  27.75	   0.50	   4.000000	  29.356805	   0.030086
  28.25	   0.50	   1.000000	  23.638913	   0.030170
  28.25	   0.50	   3.000000	  24.112917	   0.030133
  28.25	   0.50	   2.000000	  24.730099	   0.030271
  28.25	   0.50	   4.000000	  17.753591	   0.030218
  28.75	   0.50	   1.000000	  21.815456	   0.030353
  28.75	   0.50	   3.000000	  17.455275	   0.030096
  28.75	   0.50	   2.000000	  23.741122	   0.030225
  29.25	   0.50	   1.000000	  27.180301	   0.030443
  29.25	   0.50	   2.000000	  22.684951	   0.030708
  29.75	   0.50	   1.000000	  22.301428	   0.030615
