LR02---.AMP
0.50
3
790
0
0
Error estimate for data present
Type of error estimate (0=same unit as data)
1
  -0.25	   0.50	   4.000000	  56.665752	   0.040581
  -0.25	   0.50	   1.000000	  98.688294	   0.030356
  -0.25	   0.50	   2.000000	 107.595003	   0.030373
  -0.25	   0.50	   3.000000	  92.396930	   0.030152
  -0.25	   1.00	   3.500000	  22.888769	   0.030317
  -0.25	   1.00	   2.500000	  31.252448	   0.030397
  -0.25	   1.00	   4.500000	  18.599070	   0.030483
  -0.25	   1.00	   4.000000	  20.483065	   0.030540
  -0.25	   1.00	   3.000000	  25.037476	   0.030381
  -0.25	   1.50	   3.666667	  21.763826	   0.030765
  -0.25	   1.50	   4.333333	  17.460513	   0.030597
  -0.25	   1.50	   4.000000	  19.591580	   0.030923
  -0.25	   1.50	   4.666667	  17.260951	   0.030641
  -0.25	   1.50	   3.333333	  21.427225	   0.030828
  -0.25	   2.00	   4.250000	  13.492805	   0.030865
  -0.25	   2.00	   4.750000	  12.759522	   0.031049
  -0.25	   2.00	   4.500000	  12.547767	   0.030930
  -0.25	   2.00	   3.750000	  15.702678	   0.031274
  -0.25	   2.00	   4.000000	  14.759706	   0.031135
  -0.25	   2.50	   4.200000	  10.962168	   0.031293
  -0.25	   2.50	   4.600000	   9.771565	   0.031214
  -0.25	   2.50	   4.800000	   9.697999	   0.030817
  -0.25	   2.50	   4.000000	  11.578167	   0.030434
  -0.25	   2.50	   4.400000	  10.156398	   0.031254
  -0.25	   3.00	   4.666667	   7.187061	   0.032259
  -0.25	   3.00	   4.500000	   7.783375	   0.031212
  -0.25	   3.00	   4.333333	   8.657710	   0.030000
  -0.25	   3.00	   4.833333	   6.957592	   0.032551
  -0.25	   3.00	   4.166667	   8.925674	   0.030623
  -0.25	   3.50	   4.285714	   6.837224	   0.032238
  -0.25	   3.50	   4.571429	   6.653875	   0.031229
  -0.25	   3.50	   4.714286	   6.643475	   0.030266
  -0.25	   3.50	   4.428571	   6.953572	   0.038676
  -0.25	   3.50	   4.857143	   6.552029	   0.030582
  -0.25	   4.00	   4.500000	   6.101470	   0.032355
  -0.25	   4.00	   4.750000	   6.032991	   0.032388
  -0.25	   4.00	   4.875000	   5.873001	   0.032246
  -0.25	   4.00	   4.375000	   6.189867	   0.034867
  -0.25	   4.00	   4.625000	   6.109553	   0.031890
  -0.25	   4.50	   4.444444	   5.325352	   0.034046
  -0.25	   4.50	   4.888889	   5.208654	   0.030000
  -0.25	   4.50	   4.555556	   5.210580	   0.030800
  -0.25	   4.50	   4.777778	   4.847280	   0.049373
  -0.25	   4.50	   4.666667	   4.941692	   0.030896
   0.25	   0.50	   1.000000	  72.372163	   0.030058
   0.25	   0.50	   3.000000	  58.518523	   0.030891
   0.25	   0.50	   2.000000	  85.002325	   0.030433
   0.25	   0.50	   4.000000	  35.527346	   0.030675
   0.75	   0.50	   1.000000	  71.005225	   0.030669
   0.75	   0.50	   3.000000	  42.977406	   0.030627
   0.75	   0.50	   2.000000	  63.282213	   0.030867
   0.75	   0.50	   4.000000	  47.291502	   0.030320
   0.75	   1.00	   2.500000	  39.445581	   0.030278
   0.75	   1.00	   3.000000	  32.468641	   0.030143
   0.75	   1.00	   4.500000	  24.546639	   0.030046
   0.75	   1.00	   3.500000	  26.950819	   0.030157
   0.75	   1.00	   4.000000	  21.896439	   0.031038
   0.75	   1.50	   3.333333	  22.592222	   0.030300
   0.75	   1.50	   3.666667	  19.481429	   0.030021
   0.75	   1.50	   4.000000	  18.833543	   0.030239
   0.75	   1.50	   4.333333	  18.431191	   0.030565
   0.75	   1.50	   4.666667	  16.998450	   0.031309
   0.75	   2.00	   3.750000	  13.967414	   0.031433
   0.75	   2.00	   4.000000	  12.869774	   0.031203
   0.75	   2.00	   4.250000	  13.135683	   0.031653
   0.75	   2.00	   4.500000	  12.411097	   0.030935
   0.75	   2.00	   4.750000	  12.534649	   0.035419
   0.75	   2.50	   4.000000	  10.825593	   0.030696
   0.75	   2.50	   4.200000	  10.530864	   0.056511
   0.75	   2.50	   4.400000	  10.423707	   0.031217
   0.75	   2.50	   4.600000	  10.095175	   0.036661
   0.75	   2.50	   4.800000	  10.406059	   0.042441
   0.75	   3.00	   4.166667	   8.579809	   0.033498
   0.75	   3.00	   4.333333	   8.015305	   0.033073
   0.75	   3.00	   4.500000	   7.752270	   0.039865
   0.75	   3.00	   4.666667	   7.356812	   0.031397
   0.75	   3.00	   4.833333	   7.596427	   0.045503
   0.75	   3.50	   4.285714	   7.200184	   0.031932
   0.75	   3.50	   4.428571	   7.726768	   0.182988
   0.75	   3.50	   4.571429	   7.076395	   0.032301
   0.75	   3.50	   4.714286	   6.743856	   0.034560
   0.75	   3.50	   4.857143	   7.667842	   0.059752
   0.75	   4.00	   4.375000	   6.744943	   0.030744
   0.75	   4.00	   4.500000	   6.665575	   0.032437
   0.75	   4.00	   4.625000	   6.725099	   0.052810
   0.75	   4.00	   4.750000	   6.265786	   0.031633
   0.75	   4.00	   4.875000	   6.637829	   0.050969
   0.75	   4.50	   4.444444	   5.657754	   0.040386
   0.75	   4.50	   4.555556	   5.337835	   0.035884
   0.75	   4.50	   4.666667	   5.068540	   0.038703
   0.75	   4.50	   4.777778	   4.643610	   0.030000
   1.25	   0.50	   1.000000	  62.847824	   0.030671
   1.25	   0.50	   3.000000	  63.337630	   0.030106
   1.25	   0.50	   2.000000	  52.199994	   0.030538
   1.25	   0.50	   4.000000	  47.548884	   0.030053
   1.25	   1.50	   3.333333	  21.220135	   0.030319
   1.25	   1.50	   3.666667	  20.293984	   0.030523
   1.25	   1.50	   4.000000	  19.496298	   0.030462
   1.25	   1.50	   4.333333	  17.665915	   0.030104
   1.25	   1.50	   4.666667	  15.971054	   0.030511
   1.75	   0.50	   1.000000	  39.891492	   0.030713
   1.75	   0.50	   3.000000	  49.488772	   0.030204
   1.75	   0.50	   2.000000	  60.110863	   0.030223
   1.75	   0.50	   4.000000	  52.975070	   0.030184
   1.75	   1.00	   2.500000	  42.120832	   0.030000
   1.75	   1.00	   3.000000	  31.164096	   0.031080
   1.75	   1.00	   4.500000	  27.621391	   0.030162
   1.75	   1.00	   3.500000	  30.353085	   0.030287
   1.75	   1.00	   4.000000	  32.610660	   0.030413
   1.75	   2.00	   3.750000	  14.953506	   0.030535
   1.75	   2.00	   4.000000	  14.136808	   0.030143
   1.75	   2.00	   4.250000	  13.908209	   0.030167
   1.75	   2.00	   4.500000	  13.072291	   0.032596
   1.75	   2.00	   4.750000	  11.787985	   0.031746
   2.25	   0.50	   1.000000	  62.891830	   0.030011
   2.25	   0.50	   3.000000	  76.588916	   0.030352
   2.25	   0.50	   2.000000	  65.115372	   0.030164
   2.25	   0.50	   4.000000	  64.955967	   0.030280
   2.25	   1.50	   3.333333	  24.544070	   0.030539
   2.25	   1.50	   3.666667	  21.664973	   0.030433
   2.25	   1.50	   4.000000	  19.492054	   0.030770
   2.25	   1.50	   4.333333	  17.568847	   0.030244
   2.25	   1.50	   4.666667	  15.457093	   0.030624
   2.25	   2.50	   4.000000	  13.667732	   0.031532
   2.25	   2.50	   4.200000	  13.314347	   0.030998
   2.25	   2.50	   4.400000	  12.534156	   0.031180
   2.25	   2.50	   4.600000	  11.755449	   0.046071
   2.25	   2.50	   4.800000	  10.513483	   0.037916
   2.75	   0.50	   1.000000	  53.923844	   0.030050
   2.75	   0.50	   3.000000	  78.781596	   0.035428
   2.75	   0.50	   2.000000	  82.508117	   0.030487
   2.75	   0.50	   4.000000	  71.827405	   0.030281
   2.75	   1.00	   2.500000	  44.744195	   0.030312
   2.75	   1.00	   3.000000	  48.100893	   0.030378
   2.75	   1.00	   4.500000	  29.227634	   0.030780
   2.75	   1.00	   3.500000	  40.744452	   0.030356
   2.75	   1.00	   4.000000	  30.224144	   0.030089
   2.75	   1.50	   3.333333	  25.419186	   0.030254
   2.75	   1.50	   3.666667	  22.732227	   0.030018
   2.75	   1.50	   4.000000	  20.308733	   0.030049
   2.75	   1.50	   4.333333	  17.847483	   0.030481
   2.75	   1.50	   4.666667	  17.436889	   0.030000
   2.75	   2.00	   3.750000	  18.774158	   0.030792
   2.75	   2.00	   4.000000	  17.497161	   0.031423
   2.75	   2.00	   4.250000	  15.844731	   0.030245
   2.75	   2.00	   4.500000	  14.814362	   0.034827
   2.75	   2.00	   4.750000	  15.252770	   0.034251
   2.75	   3.00	   4.166667	  12.242833	   0.030091
   2.75	   3.00	   4.333333	  12.126830	   0.046255
   2.75	   3.00	   4.500000	  11.673470	   0.030460
   2.75	   3.00	   4.666667	  11.553734	   0.030508
   2.75	   3.00	   4.833333	  11.942830	   0.040796
   3.25	   0.50	   1.000000	  56.476255	   0.030592
   3.25	   0.50	   3.000000	  67.273021	   0.032552
   3.25	   0.50	   2.000000	  68.526158	   0.031133
   3.25	   0.50	   4.000000	  49.281646	   0.030820
   3.25	   2.50	   4.000000	  18.992007	   0.030441
   3.25	   2.50	   4.200000	  16.790280	   0.052627
   3.25	   2.50	   4.400000	  15.572410	   0.032206
   3.25	   2.50	   4.600000	  14.449090	   0.031633
   3.25	   2.50	   4.800000	  14.058455	   0.037987
   3.25	   3.50	   4.285714	  12.858033	   0.031515
   3.25	   3.50	   4.428571	  12.804410	   0.032133
   3.25	   3.50	   4.571429	  12.320642	   0.034362
   3.25	   3.50	   4.714286	  12.385451	   0.035680
   3.25	   3.50	   4.857143	  11.915476	   0.042156
   3.75	   0.50	   1.000000	  66.970292	   0.030440
   3.75	   0.50	   3.000000	  64.673233	   0.030156
   3.75	   0.50	   2.000000	  81.366772	   0.030132
   3.75	   0.50	   4.000000	  55.909673	   0.030000
   3.75	   1.00	   2.500000	  66.882811	   0.030788
   3.75	   1.00	   3.000000	  49.143565	   0.030411
   3.75	   1.00	   4.500000	  35.546336	   0.030063
   3.75	   1.00	   3.500000	  46.440909	   0.030510
   3.75	   1.00	   4.000000	  42.306900	   0.030453
   3.75	   1.50	   3.333333	  30.870129	   0.030397
   3.75	   1.50	   3.666667	  26.608957	   0.030322
   3.75	   1.50	   4.000000	  25.751617	   0.030350
   3.75	   1.50	   4.333333	  25.257574	   0.030388
   3.75	   1.50	   4.666667	  25.581840	   0.031160
   3.75	   2.00	   3.750000	  24.449747	   0.030655
   3.75	   2.00	   4.000000	  22.893349	   0.032353
   3.75	   2.00	   4.250000	  22.897253	   0.030406
   3.75	   2.00	   4.500000	  22.730629	   0.030471
   3.75	   2.00	   4.750000	  22.472711	   0.034397
   3.75	   3.00	   4.166667	  16.740649	   0.031793
   3.75	   3.00	   4.333333	  16.468648	   0.030374
   3.75	   3.00	   4.500000	  16.591594	   0.046181
   3.75	   3.00	   4.666667	  15.014665	   0.030196
   3.75	   3.00	   4.833333	  15.433558	   0.041185
   3.75	   4.00	   4.375000	  12.447196	   0.030134
   3.75	   4.00	   4.500000	  11.169272	   0.031293
   3.75	   4.00	   4.625000	  10.396232	   0.031659
   3.75	   4.00	   4.750000	   9.850105	   0.061126
   3.75	   4.00	   4.875000	   9.889898	   0.048228
   4.25	   0.50	   1.000000	  69.358507	   0.030048
   4.25	   0.50	   3.000000	  67.225407	   0.031052
   4.25	   0.50	   2.000000	  69.178222	   0.030522
   4.25	   0.50	   4.000000	  83.183614	   0.030000
   4.25	   1.50	   3.333333	  35.346179	   0.030433
   4.25	   1.50	   3.666667	  33.752635	   0.030000
   4.25	   1.50	   4.000000	  33.123682	   0.030302
   4.25	   1.50	   4.333333	  33.635202	   0.039100
   4.25	   1.50	   4.666667	  30.959550	   0.030539
   4.25	   3.50	   4.285714	  17.584877	   0.032966
   4.25	   3.50	   4.428571	  17.385227	   0.055700
   4.25	   3.50	   4.571429	  16.170916	   0.033777
   4.25	   3.50	   4.714286	  15.149604	   0.031450
   4.25	   3.50	   4.857143	  15.184079	   0.040982
   4.75	   0.50	   1.000000	  55.416064	   0.031165
   4.75	   0.50	   3.000000	  89.964007	   0.030150
   4.75	   0.50	   2.000000	  67.268407	   0.030259
   4.75	   0.50	   4.000000	  95.725435	   0.030703
   4.75	   1.00	   2.500000	  78.546470	   0.030447
   4.75	   1.00	   3.000000	  72.227851	   0.030322
   4.75	   1.00	   4.500000	  47.174580	   0.030284
   4.75	   1.00	   3.500000	  59.747356	   0.030024
   4.75	   1.00	   4.000000	  55.576959	   0.030151
   4.75	   2.00	   3.750000	  33.111911	   0.030708
   4.75	   2.00	   4.000000	  32.762970	   0.031068
   4.75	   2.00	   4.250000	  31.751419	   0.031050
   4.75	   2.00	   4.500000	  30.760930	   0.030929
   4.75	   2.00	   4.750000	  28.222610	   0.032297
   4.75	   2.50	   4.000000	  26.291275	   0.031354
   4.75	   2.50	   4.200000	  24.291367	   0.031270
   4.75	   2.50	   4.400000	  23.953677	   0.030552
   4.75	   2.50	   4.600000	  23.794766	   0.044886
   4.75	   2.50	   4.800000	  23.490697	   0.036045
   4.75	   4.00	   4.375000	  12.040061	   0.032363
   4.75	   4.00	   4.500000	  11.643325	   0.070198
   4.75	   4.00	   4.625000	  10.274258	   0.032052
   5.25	   0.50	   1.000000	  69.828624	   0.030455
   5.25	   0.50	   3.000000	 126.780018	   0.030637
   5.25	   0.50	   2.000000	 108.497856	   0.030049
   5.25	   0.50	   4.000000	  91.754332	   0.030881
   5.25	   1.50	   3.333333	  47.232769	   0.030321
   5.25	   1.50	   3.666667	  47.242459	   0.031728
   5.25	   1.50	   4.000000	  43.915326	   0.030160
   5.25	   1.50	   4.333333	  39.076741	   0.030188
   5.25	   1.50	   4.666667	  35.780999	   0.035806
   5.75	   0.50	   1.000000	  75.118705	   0.030143
   5.75	   0.50	   3.000000	  88.747436	   0.030721
   5.75	   0.50	   2.000000	 110.222182	   0.030631
   5.75	   0.50	   4.000000	  88.711725	   0.035238
   5.75	   1.00	   2.500000	  84.230951	   0.030062
   5.75	   1.00	   3.000000	  79.576954	   0.030211
   5.75	   1.00	   4.500000	  51.558457	   0.030304
   5.75	   1.00	   3.500000	  67.443088	   0.030296
   5.75	   1.00	   4.000000	  55.864687	   0.030482
   5.75	   1.50	   3.333333	  57.482631	   0.032803
   5.75	   1.50	   3.666667	  53.444202	   0.030248
   5.75	   1.50	   4.000000	  47.581896	   0.030000
   5.75	   1.50	   4.333333	  44.327474	   0.035524
   5.75	   1.50	   4.666667	  43.029748	   0.030129
   5.75	   2.00	   3.750000	  44.405477	   0.030032
   5.75	   2.00	   4.000000	  42.767162	   0.030118
   5.75	   2.00	   4.250000	  39.041619	   0.030149
   5.75	   2.00	   4.500000	  35.455876	   0.032521
   5.75	   2.00	   4.750000	  33.556241	   0.030460
   5.75	   2.50	   4.000000	  28.972063	   0.030347
   5.75	   2.50	   4.200000	  28.637503	   0.032653
   5.75	   2.50	   4.400000	  27.607727	   0.030613
   5.75	   2.50	   4.600000	  27.080363	   0.030044
   5.75	   2.50	   4.800000	  26.293516	   0.033316
   5.75	   3.00	   4.166667	  23.753847	   0.030140
   5.75	   3.00	   4.333333	  22.472289	   0.030822
   5.75	   3.00	   4.500000	  21.887756	   0.030000
   5.75	   3.00	   4.666667	  21.345862	   0.030069
   5.75	   3.00	   4.833333	  20.799768	   0.032715
   6.25	   0.50	   1.000000	  92.062387	   0.030204
   6.25	   0.50	   3.000000	 102.929598	   0.030785
   6.25	   0.50	   2.000000	  92.776434	   0.030866
   6.25	   0.50	   4.000000	 118.318803	   0.030740
   6.75	   0.50	   1.000000	  76.669366	   0.031244
   6.75	   0.50	   3.000000	 135.548347	   0.030497
   6.75	   0.50	   2.000000	 107.781921	   0.030217
   6.75	   0.50	   4.000000	 110.785167	   0.030008
   6.75	   1.00	   2.500000	  91.793849	   0.030383
   6.75	   1.00	   3.000000	  76.193711	   0.030177
   6.75	   1.00	   4.500000	  68.924452	   0.030389
   6.75	   1.00	   3.500000	  70.601885	   0.030277
   6.75	   1.00	   4.000000	  65.669448	   0.030241
   6.75	   1.50	   3.333333	  53.440850	   0.030965
   6.75	   1.50	   3.666667	  48.881460	   0.030334
   6.75	   1.50	   4.000000	  47.806944	   0.030398
   6.75	   1.50	   4.333333	  48.292707	   0.032535
   6.75	   1.50	   4.666667	  48.520472	   0.030321
   6.75	   2.00	   3.750000	  41.309535	   0.030263
   6.75	   2.00	   4.000000	  36.968377	   0.030729
   6.75	   2.00	   4.250000	  35.177071	   0.030066
   6.75	   2.00	   4.500000	  31.454961	   0.030653
   6.75	   2.00	   4.750000	  30.690387	   0.031543
   6.75	   3.00	   4.166667	  24.140588	   0.030599
   6.75	   3.00	   4.333333	  23.502505	   0.030314
   6.75	   3.00	   4.500000	  22.767251	   0.030059
   6.75	   3.00	   4.666667	  21.355204	   0.030825
   6.75	   3.00	   4.833333	  20.519137	   0.031651
   6.75	   3.50	   4.285714	  17.619795	   0.030711
   6.75	   3.50	   4.428571	  15.706214	   0.031449
   6.75	   3.50	   4.571429	  14.470144	   0.030000
   6.75	   3.50	   4.714286	  12.825442	   0.030274
   6.75	   3.50	   4.857143	  12.438800	   0.036122
   7.25	   0.50	   1.000000	  73.374156	   0.030011
   7.25	   0.50	   3.000000	  96.230165	   0.030700
   7.25	   0.50	   2.000000	 109.700725	   0.030061
   7.25	   0.50	   4.000000	 103.479022	   0.030187
   7.25	   1.50	   3.333333	  46.409880	   0.033471
   7.25	   1.50	   3.666667	  45.359752	   0.030090
   7.25	   1.50	   4.000000	  45.745424	   0.030055
   7.25	   1.50	   4.333333	  46.188479	   0.030498
   7.25	   1.50	   4.666667	  45.079035	   0.030658
   7.25	   2.50	   4.000000	  29.769935	   0.030211
   7.25	   2.50	   4.200000	  28.885125	   0.031150
   7.25	   2.50	   4.400000	  27.513833	   0.053058
   7.25	   2.50	   4.600000	  26.480959	   0.031225
   7.25	   2.50	   4.800000	  25.363599	   0.031172
   7.75	   0.50	   1.000000	  71.722117	   0.030028
   7.75	   0.50	   3.000000	  86.861881	   0.030039
   7.75	   0.50	   2.000000	  74.248974	   0.030631
   7.75	   0.50	   4.000000	  86.102420	   0.030078
   7.75	   1.00	   2.500000	  61.041666	   0.030360
   7.75	   1.00	   3.000000	  54.124106	   0.031120
   7.75	   1.00	   4.500000	  49.725150	   0.030027
   7.75	   1.00	   3.500000	  58.030964	   0.030304
   7.75	   1.00	   4.000000	  57.414309	   0.030704
   7.75	   2.00	   3.750000	  35.473035	   0.030306
   7.75	   2.00	   4.000000	  31.634921	   0.030128
   7.75	   2.00	   4.250000	  30.829213	   0.030025
   7.75	   2.00	   4.500000	  31.575319	   0.035661
   7.75	   2.00	   4.750000	  30.515730	   0.031754
   7.75	   3.50	   4.285714	  14.247906	   0.030879
   7.75	   3.50	   4.428571	  12.849466	   0.030236
   7.75	   3.50	   4.571429	  12.027731	   0.046255
   7.75	   3.50	   4.714286	  11.234998	   0.030626
   8.25	   0.50	   1.000000	  51.718520	   0.030770
   8.25	   0.50	   3.000000	  84.352564	   0.030679
   8.25	   0.50	   2.000000	  76.568573	   0.030489
   8.25	   0.50	   4.000000	  66.713542	   0.030101
   8.25	   1.50	   3.333333	  47.571834	   0.031084
   8.25	   1.50	   3.666667	  47.991540	   0.030417
   8.25	   1.50	   4.000000	  46.912064	   0.030053
   8.25	   1.50	   4.333333	  44.198807	   0.030111
   8.25	   1.50	   4.666667	  39.975620	   0.030000
   8.25	   2.50	   4.000000	  28.226062	   0.033556
   8.25	   2.50	   4.200000	  27.804240	   0.030376
   8.25	   2.50	   4.400000	  26.439656	   0.030520
   8.25	   2.50	   4.600000	  25.643797	   0.030506
   8.25	   2.50	   4.800000	  24.719529	   0.032939
   8.75	   0.50	   1.000000	  65.845274	   0.030249
   8.75	   0.50	   3.000000	  75.936588	   0.030621
   8.75	   0.50	   2.000000	  87.884552	   0.030168
   8.75	   0.50	   4.000000	  75.765178	   0.030356
   8.75	   1.00	   2.500000	  65.715206	   0.030134
   8.75	   1.00	   3.000000	  62.518651	   0.030215
   8.75	   1.00	   4.500000	  48.698280	   0.030239
   8.75	   1.00	   3.500000	  56.365178	   0.030137
   8.75	   1.00	   4.000000	  50.730870	   0.030080
   8.75	   1.50	   3.333333	  49.637112	   0.030383
   8.75	   1.50	   3.666667	  48.461419	   0.030286
   8.75	   1.50	   4.000000	  45.799567	   0.030295
   8.75	   1.50	   4.333333	  41.549804	   0.030428
   8.75	   1.50	   4.666667	  36.368603	   0.030816
   8.75	   2.00	   3.750000	  32.811113	   0.030157
   8.75	   2.00	   4.000000	  33.749596	   0.034789
   8.75	   2.00	   4.250000	  32.464182	   0.030311
   8.75	   2.00	   4.500000	  32.542424	   0.030247
   8.75	   2.00	   4.750000	  31.899982	   0.031289
   8.75	   3.00	   4.166667	  21.711672	   0.031075
   8.75	   3.00	   4.333333	  20.727106	   0.031367
   8.75	   3.00	   4.500000	  19.407713	   0.030968
   8.75	   3.00	   4.666667	  17.045132	   0.031206
   8.75	   3.00	   4.833333	  15.349140	   0.031577
   9.25	   0.50	   1.000000	  71.549634	   0.030173
   9.25	   0.50	   3.000000	  79.833886	   0.030380
   9.25	   0.50	   2.000000	  74.753399	   0.030322
   9.25	   0.50	   4.000000	  63.918536	   0.030843
   9.75	   0.50	   1.000000	  58.130783	   0.030374
   9.75	   0.50	   3.000000	  65.111294	   0.030569
   9.75	   0.50	   2.000000	  76.863843	   0.030592
   9.75	   0.50	   4.000000	  67.658766	   0.030279
   9.75	   1.00	   2.500000	  59.746742	   0.030294
   9.75	   1.00	   3.000000	  52.295676	   0.030644
   9.75	   1.00	   4.500000	  49.973409	   0.030358
   9.75	   1.00	   3.500000	  50.182302	   0.030352
   9.75	   1.00	   4.000000	  48.615038	   0.030831
   9.75	   1.50	   3.333333	  44.770947	   0.030497
   9.75	   1.50	   3.666667	  40.932372	   0.030478
   9.75	   1.50	   4.000000	  36.844840	   0.030000
   9.75	   1.50	   4.333333	  33.929547	   0.030686
   9.75	   1.50	   4.666667	  32.147692	   0.030231
   9.75	   2.00	   3.750000	  32.308969	   0.030301
   9.75	   2.00	   4.000000	  32.585434	   0.030062
   9.75	   2.00	   4.250000	  31.529122	   0.032952
   9.75	   2.00	   4.500000	  28.772299	   0.030217
   9.75	   2.00	   4.750000	  28.730339	   0.032863
   9.75	   2.50	   4.000000	  26.637956	   0.030629
   9.75	   2.50	   4.200000	  25.616288	   0.030593
   9.75	   2.50	   4.400000	  25.211045	   0.035033
   9.75	   2.50	   4.600000	  23.387170	   0.030303
   9.75	   2.50	   4.800000	  22.729860	   0.030407
   9.75	   3.00	   4.166667	  20.495643	   0.031085
   9.75	   3.00	   4.333333	  17.992636	   0.030068
   9.75	   3.00	   4.500000	  16.083278	   0.031001
   9.75	   3.00	   4.666667	  14.049256	   0.030209
   9.75	   3.00	   4.833333	  13.039069	   0.033464
  10.25	   0.50	   1.000000	  61.170348	   0.030295
  10.25	   0.50	   3.000000	  66.332623	   0.030609
  10.25	   0.50	   2.000000	  60.458189	   0.030465
  10.25	   0.50	   4.000000	  69.351417	   0.030291
  10.25	   1.50	   3.333333	  41.796192	   0.030262
  10.25	   1.50	   3.666667	  38.054823	   0.030429
  10.25	   1.50	   4.000000	  34.537656	   0.030203
  10.25	   1.50	   4.333333	  32.624763	   0.030207
  10.25	   1.50	   4.666667	  32.800997	   0.034524
  10.75	   0.50	   1.000000	  39.327444	   0.030587
  10.75	   0.50	   3.000000	  61.294940	   0.030549
  10.75	   0.50	   2.000000	  53.853336	   0.030298
  10.75	   0.50	   4.000000	  58.966560	   0.030914
  10.75	   1.00	   2.500000	  49.812760	   0.030441
  10.75	   1.00	   3.000000	  47.824624	   0.031126
  10.75	   1.00	   4.500000	  45.798572	   0.030459
  10.75	   1.00	   3.500000	  48.905994	   0.030455
  10.75	   1.00	   4.000000	  49.723954	   0.030521
  10.75	   2.00	   3.750000	  32.859599	   0.032781
  10.75	   2.00	   4.000000	  30.025188	   0.030090
  10.75	   2.00	   4.250000	  30.146845	   0.040293
  10.75	   2.00	   4.500000	  29.271826	   0.030122
  10.75	   2.00	   4.750000	  28.709471	   0.030143
  10.75	   2.50	   4.000000	  28.628278	   0.032338
  10.75	   2.50	   4.200000	  26.363508	   0.030396
  10.75	   2.50	   4.400000	  25.776031	   0.030287
  10.75	   2.50	   4.600000	  24.565953	   0.030240
  10.75	   2.50	   4.800000	  23.403359	   0.030677
  11.25	   0.50	   1.000000	  42.011878	   0.030215
  11.25	   0.50	   3.000000	  62.152012	   0.037367
  11.25	   0.50	   2.000000	  58.028808	   0.030277
  11.25	   0.50	   4.000000	  56.162038	   0.030360
  11.25	   1.50	   3.333333	  38.113954	   0.030212
  11.25	   1.50	   3.666667	  35.526300	   0.030184
  11.25	   1.50	   4.000000	  35.584583	   0.030563
  11.25	   1.50	   4.333333	  35.160660	   0.030227
  11.25	   1.50	   4.666667	  35.013282	   0.030042
  11.75	   0.50	   1.000000	  43.745664	   0.030329
  11.75	   0.50	   3.000000	  55.871580	   0.030362
  11.75	   0.50	   2.000000	  57.867920	   0.030046
  11.75	   0.50	   4.000000	  53.643194	   0.031255
  11.75	   1.00	   2.500000	  55.846435	   0.030157
  11.75	   1.00	   3.000000	  56.350413	   0.030514
  11.75	   1.00	   4.500000	  46.916207	   0.030257
  11.75	   1.00	   3.500000	  51.633860	   0.030379
  11.75	   1.00	   4.000000	  49.036651	   0.030034
  11.75	   1.50	   3.333333	  39.486497	   0.030204
  11.75	   1.50	   3.666667	  39.047456	   0.030418
  11.75	   1.50	   4.000000	  38.411225	   0.030274
  11.75	   1.50	   4.333333	  38.366933	   0.030096
  11.75	   1.50	   4.666667	  37.583082	   0.030316
  11.75	   2.00	   3.750000	  34.087391	   0.030000
  11.75	   2.00	   4.000000	  33.416003	   0.030443
  11.75	   2.00	   4.250000	  32.795345	   0.030402
  11.75	   2.00	   4.500000	  31.590105	   0.030368
  11.75	   2.00	   4.750000	  30.601603	   0.030538
  11.75	   3.00	   4.166667	  15.623664	   0.030000
  11.75	   3.00	   4.333333	  14.879760	   0.046560
  11.75	   3.00	   4.500000	  13.713291	   0.031370
  12.25	   0.50	   1.000000	  51.562841	   0.030253
  12.25	   0.50	   3.000000	  64.147088	   0.032939
  12.25	   0.50	   2.000000	  63.253824	   0.030317
  12.25	   0.50	   4.000000	  58.895138	   0.030572
  12.25	   2.50	   4.000000	  28.346792	   0.030650
  12.25	   2.50	   4.200000	  26.914020	   0.031023
  12.25	   2.50	   4.400000	  23.586365	   0.030672
  12.25	   2.50	   4.600000	  21.118027	   0.030894
  12.25	   2.50	   4.800000	  18.304949	   0.034474
  12.75	   0.50	   1.000000	  53.183295	   0.030164
  12.75	   0.50	   3.000000	  64.761323	   0.030312
  12.75	   0.50	   2.000000	  66.576597	   0.030362
  12.75	   0.50	   4.000000	  66.141254	   0.030415
  12.75	   1.00	   2.500000	  61.082038	   0.030431
  12.75	   1.00	   3.000000	  58.711229	   0.030178
  12.75	   1.00	   4.500000	  44.306183	   0.030182
  12.75	   1.00	   3.500000	  57.482327	   0.031681
  12.75	   1.00	   4.000000	  46.596155	   0.030289
  12.75	   1.50	   3.333333	  40.393545	   0.030383
  12.75	   1.50	   3.666667	  40.140876	   0.030386
  12.75	   1.50	   4.000000	  39.353521	   0.030560
  12.75	   1.50	   4.333333	  35.668533	   0.030086
  12.75	   1.50	   4.666667	  35.521998	   0.030376
  12.75	   2.00	   3.750000	  35.031537	   0.030734
  12.75	   2.00	   4.000000	  33.871984	   0.030954
  12.75	   2.00	   4.250000	  32.691993	   0.031898
  12.75	   2.00	   4.500000	  31.169519	   0.031060
  12.75	   2.00	   4.750000	  30.365814	   0.031762
  12.75	   3.00	   4.166667	  15.405926	   0.031515
  13.25	   0.50	   1.000000	  45.052629	   0.030483
  13.25	   0.50	   3.000000	  57.626194	   0.031461
  13.25	   0.50	   2.000000	  52.305043	   0.030307
  13.25	   0.50	   4.000000	  63.142407	   0.030533
  13.25	   1.50	   3.333333	  40.983340	   0.030472
  13.25	   1.50	   3.666667	  39.973285	   0.030357
  13.25	   1.50	   4.000000	  35.977110	   0.030556
  13.25	   1.50	   4.333333	  35.831036	   0.030479
  13.25	   1.50	   4.666667	  34.389712	   0.030108
  13.25	   2.50	   4.000000	  25.717220	   0.030033
  13.25	   2.50	   4.200000	  23.179935	   0.030287
  13.25	   2.50	   4.400000	  19.809378	   0.031654
  13.25	   2.50	   4.600000	  17.740178	   0.030998
  13.25	   2.50	   4.800000	  16.846793	   0.035254
  13.75	   0.50	   1.000000	  38.699989	   0.030458
  13.75	   0.50	   3.000000	  60.306927	   0.030167
  13.75	   0.50	   2.000000	  51.485471	   0.030416
  13.75	   0.50	   4.000000	  60.986848	   0.030778
  13.75	   1.00	   2.500000	  60.541707	   0.030725
  13.75	   1.00	   3.000000	  50.343463	   0.030401
  13.75	   1.00	   4.500000	  40.697753	   0.030440
  13.75	   1.00	   3.500000	  46.843040	   0.030237
  13.75	   1.00	   4.000000	  44.386813	   0.030303
  13.75	   2.00	   3.750000	  35.686752	   0.031921
  13.75	   2.00	   4.000000	  33.871032	   0.030278
  13.75	   2.00	   4.250000	  32.949409	   0.030659
  13.75	   2.00	   4.500000	  32.698408	   0.030109
  13.75	   2.00	   4.750000	  31.570229	   0.030554
  14.25	   0.50	   1.000000	  38.210467	   0.030473
  14.25	   0.50	   3.000000	  61.902035	   0.030163
  14.25	   0.50	   2.000000	  56.118049	   0.030358
  14.25	   0.50	   4.000000	  58.205869	   0.030199
  14.25	   1.50	   3.333333	  40.111188	   0.030611
  14.25	   1.50	   3.666667	  40.015687	   0.030428
  14.25	   1.50	   4.000000	  38.432102	   0.030495
  14.25	   1.50	   4.333333	  39.808148	   0.030615
  14.25	   1.50	   4.666667	  38.892633	   0.030477
  14.75	   0.50	   1.000000	  39.132015	   0.030504
  14.75	   0.50	   3.000000	  53.609859	   0.030126
  14.75	   0.50	   2.000000	  53.135029	   0.030479
  14.75	   0.50	   4.000000	  65.266042	   0.030929
  14.75	   1.00	   2.500000	  54.911728	   0.030560
  14.75	   1.00	   3.000000	  51.614789	   0.031044
  14.75	   1.00	   4.500000	  46.780217	   0.030277
  14.75	   1.00	   3.500000	  46.518019	   0.030275
  14.75	   1.00	   4.000000	  49.072823	   0.030350
  14.75	   1.50	   3.333333	  44.921933	   0.030381
  14.75	   1.50	   3.666667	  43.067459	   0.030341
  14.75	   1.50	   4.000000	  44.179822	   0.030907
  14.75	   1.50	   4.333333	  43.599499	   0.030014
  14.75	   1.50	   4.666667	  42.475507	   0.038385
  14.75	   2.00	   3.750000	  40.242509	   0.031703
  14.75	   2.00	   4.000000	  39.546507	   0.030613
  14.75	   2.00	   4.250000	  38.067052	   0.030407
  14.75	   2.00	   4.500000	  33.394335	   0.030267
  14.75	   2.00	   4.750000	  30.522278	   0.030978
  14.75	   2.50	   4.000000	  22.278231	   0.030789
  14.75	   2.50	   4.200000	  21.041664	   0.030993
  14.75	   2.50	   4.400000	  19.618561	   0.034312
  14.75	   2.50	   4.600000	  19.000719	   0.031242
  15.25	   0.50	   1.000000	  50.056896	   0.030254
  15.25	   0.50	   3.000000	  72.863033	   0.030139
  15.25	   0.50	   2.000000	  55.848328	   0.030336
  15.25	   0.50	   4.000000	  64.232796	   0.030419
  15.75	   0.50	   1.000000	  50.502884	   0.030311
  15.75	   0.50	   3.000000	  77.257911	   0.030392
  15.75	   0.50	   2.000000	  80.530162	   0.030465
  15.75	   0.50	   4.000000	  70.322769	   0.030287
  15.75	   1.00	   2.500000	  58.902090	   0.030447
  15.75	   1.00	   3.000000	  61.699672	   0.030873
  15.75	   1.00	   4.500000	  50.615397	   0.030371
  15.75	   1.00	   3.500000	  58.343126	   0.030662
  15.75	   1.00	   4.000000	  51.455771	   0.030419
  15.75	   1.50	   3.333333	  48.073072	   0.030804
  15.75	   1.50	   3.666667	  47.578770	   0.030463
  15.75	   1.50	   4.000000	  46.247212	   0.030866
  15.75	   1.50	   4.333333	  42.650053	   0.030374
  15.75	   1.50	   4.666667	  42.818661	   0.030537
  15.75	   2.00	   3.750000	  41.054825	   0.030432
  15.75	   2.00	   4.000000	  36.191864	   0.030223
  15.75	   2.00	   4.250000	  32.978470	   0.030353
  15.75	   2.00	   4.500000	  27.998066	   0.030287
  15.75	   2.00	   4.750000	  24.684323	   0.031876
  15.75	   2.50	   4.000000	  21.033503	   0.037954
  15.75	   2.50	   4.200000	  20.261546	   0.030094
  16.25	   0.50	   1.000000	  57.077213	   0.030258
  16.25	   0.50	   3.000000	  67.706319	   0.031044
  16.25	   0.50	   2.000000	  67.602484	   0.030515
  16.25	   0.50	   4.000000	  70.179924	   0.031055
  16.25	   1.50	   3.333333	  47.691423	   0.030446
  16.25	   1.50	   3.666667	  46.411418	   0.031055
  16.25	   1.50	   4.000000	  42.768862	   0.030374
  16.25	   1.50	   4.333333	  43.004523	   0.030428
  16.25	   1.50	   4.666667	  42.230754	   0.030492
  16.75	   0.50	   1.000000	  46.165108	   0.030631
  16.75	   0.50	   3.000000	  62.304384	   0.030108
  16.75	   0.50	   2.000000	  55.197211	   0.030291
  16.75	   0.50	   4.000000	  53.135115	   0.030301
  16.75	   1.00	   2.500000	  58.001543	   0.030454
  16.75	   1.00	   3.000000	  49.267360	   0.031230
  16.75	   1.00	   4.500000	  46.327979	   0.030377
  16.75	   1.00	   3.500000	  48.946514	   0.030301
  16.75	   1.00	   4.000000	  46.577308	   0.030340
  16.75	   2.00	   3.750000	  32.246302	   0.030426
  16.75	   2.00	   4.000000	  27.389736	   0.030123
  16.75	   2.00	   4.250000	  23.913763	   0.030713
  16.75	   2.00	   4.500000	  22.131325	   0.030767
  16.75	   2.00	   4.750000	  20.914613	   0.031230
  17.25	   0.50	   1.000000	  43.253068	   0.030410
  17.25	   0.50	   3.000000	  53.509871	   0.030503
  17.25	   0.50	   2.000000	  59.266685	   0.030226
  17.25	   0.50	   4.000000	  55.838251	   0.031085
  17.25	   1.50	   3.333333	  42.712133	   0.030438
  17.25	   1.50	   3.666667	  42.518544	   0.030739
  17.25	   1.50	   4.000000	  41.627703	   0.030204
  17.25	   1.50	   4.333333	  41.943277	   0.030278
  17.25	   1.50	   4.666667	  37.265792	   0.030100
  17.75	   0.50	   1.000000	  42.840443	   0.030414
  17.75	   0.50	   3.000000	  51.438610	   0.030524
  17.75	   0.50	   2.000000	  44.982832	   0.030446
  17.75	   0.50	   4.000000	  60.768256	   0.030296
  17.75	   1.00	   2.500000	  49.126478	   0.030536
  17.75	   1.00	   3.000000	  47.086592	   0.031001
  17.75	   1.00	   4.500000	  47.484104	   0.031508
  17.75	   1.00	   3.500000	  46.094862	   0.030441
  17.75	   1.00	   4.000000	  48.478811	   0.030465
  17.75	   1.50	   3.333333	  47.745929	   0.030399
  17.75	   1.50	   3.666667	  46.392677	   0.030229
  17.75	   1.50	   4.000000	  46.441445	   0.030248
  17.75	   1.50	   4.333333	  41.333136	   0.030222
  17.75	   1.50	   4.666667	  37.480858	   0.031584
  17.75	   2.00	   3.750000	  28.023370	   0.030061
  17.75	   2.00	   4.000000	  25.708609	   0.030131
  17.75	   2.00	   4.250000	  23.835907	   0.030065
  17.75	   2.00	   4.500000	  23.435005	   0.037628
  17.75	   2.00	   4.750000	  23.021429	   0.030358
  18.25	   0.50	   1.000000	  36.381808	   0.031021
  18.25	   0.50	   3.000000	  63.654272	   0.030159
  18.25	   0.50	   2.000000	  50.123619	   0.030240
  18.25	   0.50	   4.000000	  49.350315	   0.030314
  18.75	   0.50	   1.000000	  46.651314	   0.030316
  18.75	   0.50	   3.000000	  60.466439	   0.030223
  18.75	   0.50	   2.000000	  72.991224	   0.030073
  18.75	   0.50	   4.000000	  65.267727	   0.030371
  18.75	   1.00	   2.500000	  59.976536	   0.030586
  18.75	   1.00	   3.000000	  63.694742	   0.030529
  18.75	   1.00	   4.500000	  55.135576	   0.030397
  18.75	   1.00	   3.500000	  63.972486	   0.030000
  18.75	   1.00	   4.000000	  58.042015	   0.030412
  18.75	   1.50	   3.333333	  56.432091	   0.030309
  18.75	   1.50	   3.666667	  50.401513	   0.030275
  18.75	   1.50	   4.000000	  45.907366	   0.030872
  18.75	   1.50	   4.333333	  39.221043	   0.030078
  18.75	   1.50	   4.666667	  33.554787	   0.030111
  18.75	   2.00	   3.750000	  28.799224	   0.030199
  18.75	   2.00	   4.000000	  27.940551	   0.032892
  18.75	   2.00	   4.250000	  27.537341	   0.030591
  19.25	   0.50	   1.000000	  52.823665	   0.030469
  19.25	   0.50	   3.000000	  61.140192	   0.030496
  19.25	   0.50	   2.000000	  53.384877	   0.030526
  19.25	   0.50	   4.000000	  59.744324	   0.030011
  19.25	   1.50	   3.333333	  54.300974	   0.030249
  19.25	   1.50	   3.666667	  49.585539	   0.032634
  19.25	   1.50	   4.000000	  42.437658	   0.030212
  19.25	   1.50	   4.333333	  36.246175	   0.030000
  19.25	   1.50	   4.666667	  32.505367	   0.030730
  19.75	   0.50	   1.000000	  41.134812	   0.030748
  19.75	   0.50	   3.000000	  60.214079	   0.030000
  19.75	   0.50	   2.000000	  56.645187	   0.030189
  19.75	   0.50	   4.000000	  60.671183	   0.030666
  19.75	   1.00	   2.500000	  72.078043	   0.030305
  19.75	   1.00	   3.000000	  65.989792	   0.030918
  19.75	   1.00	   4.500000	  63.270199	   0.030120
  19.75	   1.00	   3.500000	  63.008826	   0.030253
  19.75	   1.00	   4.000000	  64.299606	   0.030256
  19.75	   2.00	   3.750000	  28.431312	   0.030282
  20.25	   0.50	   1.000000	  46.832075	   0.030143
  20.25	   0.50	   3.000000	  59.649841	   0.030282
  20.25	   0.50	   2.000000	  59.345233	   0.031060
  20.25	   0.50	   4.000000	  66.746871	   0.030202
  20.25	   1.50	   3.333333	  44.919653	   0.030165
  20.25	   1.50	   3.666667	  37.979252	   0.030107
  20.25	   1.50	   4.000000	  33.639237	   0.030283
  20.25	   1.50	   4.333333	  29.824528	   0.030021
  20.25	   1.50	   4.666667	  29.697988	   0.030025
  20.75	   0.50	   1.000000	  52.684312	   0.030083
  20.75	   0.50	   3.000000	  65.746954	   0.030410
  20.75	   0.50	   2.000000	  58.060986	   0.030231
  20.75	   0.50	   4.000000	  74.698597	   0.031082
  20.75	   1.00	   2.500000	  66.050579	   0.030000
  20.75	   1.00	   3.000000	  65.865991	   0.030511
  20.75	   1.00	   4.500000	  55.748262	   0.031605
  20.75	   1.00	   3.500000	  64.454399	   0.030154
  20.75	   1.00	   4.000000	  59.131274	   0.030046
  20.75	   1.50	   3.333333	  37.556317	   0.030189
  20.75	   1.50	   3.666667	  32.908640	   0.030012
  20.75	   1.50	   4.000000	  28.671924	   0.030052
  20.75	   1.50	   4.333333	  28.355510	   0.030584
  20.75	   1.50	   4.666667	  27.470572	   0.035402
  21.25	   0.50	   1.000000	  44.295520	   0.030144
  21.25	   0.50	   3.000000	  72.608292	   0.030371
  21.25	   0.50	   2.000000	  59.084032	   0.030204
  21.25	   0.50	   4.000000	  70.779233	   0.030233
  21.75	   0.50	   1.000000	  48.355053	   0.030311
  21.75	   0.50	   3.000000	  71.513145	   0.030377
  21.75	   0.50	   2.000000	  69.639113	   0.030423
  21.75	   0.50	   4.000000	  69.699012	   0.030386
  21.75	   1.00	   2.500000	  71.152651	   0.030309
  21.75	   1.00	   3.000000	  64.405627	   0.030280
  21.75	   1.00	   4.500000	  42.955472	   0.030177
  21.75	   1.00	   3.500000	  61.554049	   0.030314
  21.75	   1.00	   4.000000	  51.000268	   0.030066
  21.75	   1.50	   3.333333	  29.385603	   0.030209
  21.75	   1.50	   3.666667	  28.193973	   0.030116
  21.75	   1.50	   4.000000	  26.762778	   0.037483
  21.75	   1.50	   4.333333	  26.554989	   0.030554
  22.25	   0.50	   1.000000	  57.361603	   0.030478
  22.25	   0.50	   3.000000	  76.803188	   0.030000
  22.25	   0.50	   2.000000	  72.661879	   0.030405
  22.25	   0.50	   4.000000	  75.195525	   0.030184
  22.25	   1.50	   3.333333	  28.440696	   0.030181
  22.25	   1.50	   3.666667	  26.720326	   0.033054
  22.25	   1.50	   4.000000	  26.264343	   0.030057
  22.75	   0.50	   1.000000	  49.913754	   0.030275
  22.75	   0.50	   3.000000	  69.403796	   0.030194
  22.75	   0.50	   2.000000	  65.721058	   0.030204
  22.75	   0.50	   4.000000	  75.260459	   0.030537
  22.75	   1.00	   2.500000	  67.420038	   0.030065
  22.75	   1.00	   3.000000	  57.300693	   0.030182
  22.75	   1.00	   4.500000	  31.518559	   0.030156
  22.75	   1.00	   3.500000	  47.892301	   0.030197
  22.75	   1.00	   4.000000	  40.110293	   0.030210
  23.25	   0.50	   1.000000	  54.824566	   0.030275
  23.25	   0.50	   3.000000	  79.314881	   0.030042
  23.25	   0.50	   2.000000	  69.142256	   0.030252
  23.25	   0.50	   4.000000	  68.508631	   0.030000
  23.25	   1.50	   3.333333	  25.161692	   0.030910
  23.75	   0.50	   1.000000	  59.208244	   0.030446
  23.75	   0.50	   3.000000	  71.391726	   0.030613
  23.75	   0.50	   2.000000	  79.282820	   0.030169
  23.75	   0.50	   4.000000	  80.088628	   0.030673
  23.75	   1.00	   2.500000	  62.451493	   0.030211
  23.75	   1.00	   3.000000	  51.352368	   0.030200
  23.75	   1.00	   4.500000	  27.979073	   0.030112
  23.75	   1.00	   3.500000	  37.843733	   0.030038
  23.75	   1.00	   4.000000	  31.226061	   0.030194
  24.25	   0.50	   1.000000	  66.492598	   0.030126
  24.25	   0.50	   3.000000	  87.985599	   0.030191
  24.25	   0.50	   2.000000	  73.660316	   0.030527
  24.25	   0.50	   4.000000	  84.602542	   0.030159
  24.75	   0.50	   1.000000	  54.888450	   0.030445
  24.75	   0.50	   3.000000	  89.018845	   0.030113
  24.75	   0.50	   2.000000	  82.676573	   0.030097
  24.75	   0.50	   4.000000	  78.003086	   0.030518
  24.75	   1.00	   2.500000	  55.476898	   0.030079
  24.75	   1.00	   3.000000	  44.125940	   0.030004
  24.75	   1.00	   4.500000	  28.408543	   0.030236
  24.75	   1.00	   3.500000	  37.581446	   0.030257
  24.75	   1.00	   4.000000	  32.463987	   0.030415
  25.25	   0.50	   1.000000	  64.216066	   0.030151
  25.25	   0.50	   3.000000	  87.354697	   0.030385
  25.25	   0.50	   2.000000	  87.699063	   0.030229
  25.25	   0.50	   4.000000	  87.430883	   0.030154
  25.75	   0.50	   1.000000	  49.719511	   0.030336
  25.75	   0.50	   3.000000	  70.496561	   0.030239
  25.75	   0.50	   2.000000	  62.913123	   0.030234
  25.75	   0.50	   4.000000	  56.556630	   0.030134
  25.75	   1.00	   2.500000	  35.587197	   0.030494
  25.75	   1.00	   3.000000	  30.973634	   0.031087
  25.75	   1.00	   3.500000	  26.693932	   0.030036
  26.25	   0.50	   1.000000	  40.039838	   0.030334
  26.25	   0.50	   3.000000	  48.379340	   0.030348
  26.25	   0.50	   2.000000	  53.992455	   0.030471
  26.25	   0.50	   4.000000	  41.839613	   0.030101
  26.75	   0.50	   1.000000	  33.125282	   0.030515
  26.75	   0.50	   3.000000	  34.118614	   0.030691
  26.75	   0.50	   2.000000	  36.637569	   0.030110
  26.75	   0.50	   4.000000	  29.711832	   0.030000
  26.75	   1.00	   2.500000	  20.842166	   0.030190
  27.25	   0.50	   1.000000	  24.881049	   0.030188
  27.25	   0.50	   3.000000	  25.264582	   0.030000
  27.25	   0.50	   2.000000	  27.670531	   0.030193
  27.25	   0.50	   4.000000	  25.322716	   0.030100
  27.75	   0.50	   1.000000	  27.852710	   0.030384
  27.75	   0.50	   3.000000	  27.417642	   0.030341
  27.75	   0.50	   2.000000	  26.043688	   0.030360
  27.75	   0.50	   4.000000	  21.593456	   0.032807
  28.25	   0.50	   1.000000	  24.137896	   0.030152
  28.25	   0.50	   3.000000	  22.319586	   0.030151
  28.25	   0.50	   2.000000	  28.202402	   0.030380
  28.25	   0.50	   4.000000	  21.345857	   0.030315
  28.75	   0.50	   1.000000	  29.508180	   0.030374
  28.75	   0.50	   3.000000	  25.076502	   0.030403
  28.75	   0.50	   2.000000	  26.947487	   0.030695
  29.25	   0.50	   1.000000	  28.434031	   0.030647
  29.25	   0.50	   2.000000	  28.994529	   0.030508
  29.75	   0.50	   1.000000	  32.030074	   0.030000
