LR08.AMP
0.50
3
790
0
0
Error estimate for data present
Type of error estimate (0=same unit as data)
1
  -0.25	   0.50	   4.000000	  28.424595	   0.030336
  -0.25	   0.50	   1.000000	  76.564079	   0.030162
  -0.25	   0.50	   2.000000	  66.770606	   0.030261
  -0.25	   0.50	   3.000000	  40.252303	   0.030249
  -0.25	   1.00	   3.500000	  14.386821	   0.030487
  -0.25	   1.00	   2.500000	  15.337008	   0.030143
  -0.25	   1.00	   4.500000	  14.661183	   0.030306
  -0.25	   1.00	   4.000000	  14.186376	   0.032830
  -0.25	   1.00	   3.000000	  11.710327	   0.030172
  -0.25	   1.50	   3.666667	  15.059998	   0.030431
  -0.25	   1.50	   4.333333	  16.494600	   0.030594
  -0.25	   1.50	   4.000000	  16.184565	   0.030621
  -0.25	   1.50	   4.666667	  16.329817	   0.031130
  -0.25	   1.50	   3.333333	  15.546593	   0.030519
  -0.25	   2.00	   4.250000	  11.282079	   0.030759
  -0.25	   2.00	   4.750000	  10.707286	   0.031057
  -0.25	   2.00	   4.500000	  11.217357	   0.030961
  -0.25	   2.00	   3.750000	  12.553975	   0.030592
  -0.25	   2.00	   4.000000	  11.645194	   0.030460
  -0.25	   2.50	   4.200000	  10.596696	   0.030178
  -0.25	   2.50	   4.600000	   9.988002	   0.030000
  -0.25	   2.50	   4.800000	   9.133792	   0.030000
  -0.25	   2.50	   4.000000	  10.861119	   0.032082
  -0.25	   2.50	   4.400000	  10.557071	   0.031608
  -0.25	   3.00	   4.666667	   7.964746	   0.034448
  -0.25	   3.00	   4.500000	   7.947216	   0.030170
  -0.25	   3.00	   4.333333	   8.001164	   0.033064
  -0.25	   3.00	   4.833333	   8.007106	   0.033828
  -0.25	   3.00	   4.166667	   8.377792	   0.031592
  -0.25	   3.50	   4.285714	   7.583800	   0.030367
  -0.25	   3.50	   4.571429	   7.085133	   0.032769
  -0.25	   3.50	   4.714286	   6.737186	   0.032098
  -0.25	   3.50	   4.428571	   7.417790	   0.030814
  -0.25	   3.50	   4.857143	   6.546639	   0.031747
  -0.25	   4.00	   4.500000	   6.279282	   0.032860
  -0.25	   4.00	   4.750000	   5.869977	   0.031753
  -0.25	   4.00	   4.875000	   5.838908	   0.030000
  -0.25	   4.00	   4.375000	   6.517706	   0.030770
  -0.25	   4.00	   4.625000	   5.939465	   0.030324
  -0.25	   4.50	   4.444444	   6.087659	   0.095555
  -0.25	   4.50	   4.888889	   4.997492	   0.049918
  -0.25	   4.50	   4.555556	   5.219421	   0.032396
  -0.25	   4.50	   4.777778	   7.702526	   0.081724
  -0.25	   4.50	   4.666667	   4.689597	   0.041805
   0.25	   0.50	   1.000000	  42.252972	   0.030570
   0.25	   0.50	   3.000000	  25.939276	   0.030555
   0.25	   0.50	   2.000000	  32.045689	   0.030626
   0.25	   0.50	   4.000000	  28.118685	   0.030227
   0.75	   0.50	   1.000000	  39.953246	   0.030084
   0.75	   0.50	   3.000000	  49.943495	   0.030270
   0.75	   0.50	   2.000000	  41.858800	   0.030703
   0.75	   0.50	   4.000000	  34.280724	   0.030309
   0.75	   1.00	   2.500000	  18.746938	   0.030703
   0.75	   1.00	   3.000000	  17.184296	   0.031176
   0.75	   1.00	   4.500000	  15.883093	   0.030310
   0.75	   1.00	   3.500000	  16.820101	   0.030302
   0.75	   1.00	   4.000000	  17.718012	   0.030152
   0.75	   1.50	   3.333333	  16.335497	   0.030079
   0.75	   1.50	   3.666667	  16.728777	   0.030244
   0.75	   1.50	   4.000000	  16.442947	   0.030030
   0.75	   1.50	   4.333333	  14.893848	   0.030823
   0.75	   1.50	   4.666667	  13.219268	   0.032469
   0.75	   2.00	   3.750000	  11.272744	   0.031420
   0.75	   2.00	   4.000000	  11.294306	   0.037155
   0.75	   2.00	   4.250000	  10.926585	   0.052718
   0.75	   2.00	   4.500000	  10.646023	   0.030839
   0.75	   2.00	   4.750000	  11.398642	   0.039842
   0.75	   2.50	   4.000000	  11.333012	   0.044762
   0.75	   2.50	   4.200000	  10.633620	   0.030268
   0.75	   2.50	   4.400000	   9.758587	   0.030217
   0.75	   2.50	   4.600000	   9.521215	   0.031115
   0.75	   2.50	   4.800000	   9.462602	   0.042006
   0.75	   3.00	   4.166667	   8.730732	   0.031910
   0.75	   3.00	   4.333333	   8.760753	   0.031687
   0.75	   3.00	   4.500000	   8.742769	   0.032302
   0.75	   3.00	   4.666667	   8.809821	   0.043342
   0.75	   3.00	   4.833333	   8.303708	   0.034469
   0.75	   3.50	   4.285714	   7.873972	   0.031590
   0.75	   3.50	   4.428571	   7.349448	   0.033096
   0.75	   3.50	   4.571429	   7.193855	   0.030226
   0.75	   3.50	   4.714286	   6.889855	   0.030255
   0.75	   3.50	   4.857143	   7.626066	   0.047243
   0.75	   4.00	   4.375000	   7.755679	   0.037553
   0.75	   4.00	   4.500000	   7.601027	   0.040448
   0.75	   4.00	   4.625000	   8.135201	   0.080479
   0.75	   4.00	   4.750000	   7.212385	   0.033689
   0.75	   4.00	   4.875000	   8.572014	   0.060169
   0.75	   4.50	   4.444444	   6.807110	   0.041498
   0.75	   4.50	   4.555556	   6.125554	   0.036495
   0.75	   4.50	   4.666667	   5.801529	   0.031521
   0.75	   4.50	   4.777778	   5.550849	   0.030421
   1.25	   0.50	   1.000000	  30.032008	   0.030657
   1.25	   0.50	   3.000000	  33.344867	   0.031010
   1.25	   0.50	   2.000000	  42.801403	   0.030125
   1.25	   0.50	   4.000000	  15.180850	   0.031330
   1.25	   1.50	   3.333333	  15.775578	   0.030348
   1.25	   1.50	   3.666667	  15.385480	   0.030186
   1.25	   1.50	   4.000000	  13.842522	   0.030434
   1.25	   1.50	   4.333333	  12.212782	   0.032258
   1.25	   1.50	   4.666667	  11.195943	   0.031325
   1.75	   0.50	   1.000000	  54.616364	   0.030092
   1.75	   0.50	   3.000000	  26.196717	   0.032107
   1.75	   0.50	   2.000000	  56.494712	   0.030213
   1.75	   0.50	   4.000000	  27.720894	   0.030042
   1.75	   1.00	   2.500000	  20.377240	   0.030431
   1.75	   1.00	   3.000000	  20.005884	   0.030193
   1.75	   1.00	   4.500000	  15.704094	   0.030313
   1.75	   1.00	   3.500000	  17.268904	   0.030056
   1.75	   1.00	   4.000000	  15.170855	   0.030466
   1.75	   2.00	   3.750000	  12.407164	   0.030000
   1.75	   2.00	   4.000000	  12.074902	   0.031840
   1.75	   2.00	   4.250000	  12.325874	   0.030944
   1.75	   2.00	   4.500000	  11.884416	   0.030075
   1.75	   2.00	   4.750000	  12.074716	   0.035625
   2.25	   0.50	   1.000000	  48.888816	   0.030883
   2.25	   0.50	   3.000000	  29.978481	   0.032246
   2.25	   0.50	   2.000000	  28.876231	   0.030185
   2.25	   0.50	   4.000000	  25.646970	   0.030052
   2.25	   1.50	   3.333333	  16.649325	   0.030039
   2.25	   1.50	   3.666667	  14.350819	   0.030114
   2.25	   1.50	   4.000000	  13.229303	   0.030492
   2.25	   1.50	   4.333333	  12.995392	   0.030802
   2.25	   1.50	   4.666667	  12.864216	   0.032249
   2.25	   2.50	   4.000000	  14.329122	   0.030351
   2.25	   2.50	   4.200000	  13.556707	   0.030350
   2.25	   2.50	   4.400000	  13.055790	   0.030810
   2.25	   2.50	   4.600000	  12.772260	   0.030185
   2.25	   2.50	   4.800000	  13.224289	   0.036293
   2.75	   0.50	   1.000000	  35.318777	   0.030322
   2.75	   0.50	   3.000000	  38.601575	   0.030872
   2.75	   0.50	   2.000000	  43.148728	   0.030093
   2.75	   0.50	   4.000000	  30.411775	   0.030221
   2.75	   1.00	   2.500000	  24.846108	   0.030341
   2.75	   1.00	   3.000000	  20.847163	   0.030089
   2.75	   1.00	   4.500000	  21.023757	   0.030255
   2.75	   1.00	   3.500000	  20.948915	   0.030208
   2.75	   1.00	   4.000000	  21.349193	   0.030284
   2.75	   1.50	   3.333333	  16.841523	   0.033061
   2.75	   1.50	   3.666667	  15.221065	   0.030670
   2.75	   1.50	   4.000000	  14.950772	   0.030736
   2.75	   1.50	   4.333333	  14.907282	   0.030206
   2.75	   1.50	   4.666667	  14.478995	   0.030410
   2.75	   2.00	   3.750000	  18.916069	   0.030272
   2.75	   2.00	   4.000000	  18.426254	   0.031059
   2.75	   2.00	   4.250000	  18.476474	   0.030210
   2.75	   2.00	   4.500000	  17.875568	   0.031199
   2.75	   2.00	   4.750000	  16.698069	   0.031048
   2.75	   3.00	   4.166667	  15.471168	   0.031150
   2.75	   3.00	   4.333333	  15.204174	   0.030243
   2.75	   3.00	   4.500000	  14.401138	   0.030839
   2.75	   3.00	   4.666667	  13.385931	   0.030548
   2.75	   3.00	   4.833333	  13.163414	   0.036005
   3.25	   0.50	   1.000000	  32.654217	   0.030266
   3.25	   0.50	   3.000000	  28.988083	   0.031858
   3.25	   0.50	   2.000000	  35.484868	   0.030189
   3.25	   0.50	   4.000000	  29.859441	   0.031128
   3.25	   2.50	   4.000000	  18.626673	   0.030090
   3.25	   2.50	   4.200000	  18.221294	   0.030261
   3.25	   2.50	   4.400000	  18.346113	   0.030403
   3.25	   2.50	   4.600000	  18.619470	   0.030824
   3.25	   2.50	   4.800000	  18.476170	   0.032857
   3.25	   3.50	   4.285714	  15.250002	   0.044580
   3.25	   3.50	   4.428571	  13.817091	   0.031098
   3.25	   3.50	   4.571429	  13.530942	   0.030241
   3.25	   3.50	   4.714286	  13.378370	   0.030657
   3.25	   3.50	   4.857143	  15.454267	   0.044783
   3.75	   0.50	   1.000000	  39.509387	   0.030390
   3.75	   0.50	   3.000000	  41.825120	   0.030322
   3.75	   0.50	   2.000000	  39.958450	   0.030469
   3.75	   0.50	   4.000000	  38.054002	   0.037786
   3.75	   1.00	   2.500000	  37.580528	   0.030029
   3.75	   1.00	   3.000000	  38.274712	   0.030202
   3.75	   1.00	   4.500000	  25.726099	   0.030261
   3.75	   1.00	   3.500000	  36.754467	   0.030191
   3.75	   1.00	   4.000000	  32.181573	   0.030136
   3.75	   1.50	   3.333333	  24.502793	   0.030079
   3.75	   1.50	   3.666667	  24.504212	   0.034663
   3.75	   1.50	   4.000000	  24.060934	   0.030042
   3.75	   1.50	   4.333333	  24.085748	   0.033050
   3.75	   1.50	   4.666667	  24.725160	   0.030270
   3.75	   2.00	   3.750000	  25.921001	   0.030243
   3.75	   2.00	   4.000000	  25.108410	   0.030697
   3.75	   2.00	   4.250000	  23.368774	   0.030465
   3.75	   2.00	   4.500000	  22.590434	   0.030316
   3.75	   2.00	   4.750000	  21.745696	   0.031562
   3.75	   3.00	   4.166667	  18.802476	   0.031892
   3.75	   3.00	   4.333333	  17.558953	   0.030631
   3.75	   3.00	   4.500000	  16.773971	   0.030320
   3.75	   3.00	   4.666667	  15.870035	   0.031110
   3.75	   3.00	   4.833333	  16.508169	   0.034593
   3.75	   4.00	   4.375000	  11.728352	   0.041405
   3.75	   4.00	   4.500000	  10.450774	   0.033972
   3.75	   4.00	   4.625000	   9.862258	   0.030583
   3.75	   4.00	   4.750000	   9.292296	   0.030441
   3.75	   4.00	   4.875000	  10.187031	   0.047247
   4.25	   0.50	   1.000000	  46.863071	   0.030221
   4.25	   0.50	   3.000000	  58.838002	   0.030343
   4.25	   0.50	   2.000000	  59.914013	   0.030313
   4.25	   0.50	   4.000000	  45.510530	   0.030296
   4.25	   1.50	   3.333333	  26.893579	   0.030479
   4.25	   1.50	   3.666667	  26.322816	   0.030170
   4.25	   1.50	   4.000000	  26.706136	   0.034499
   4.25	   1.50	   4.333333	  27.494901	   0.030156
   4.25	   1.50	   4.666667	  28.629684	   0.030466
   4.25	   3.50	   4.285714	  15.782371	   0.031498
   4.25	   3.50	   4.428571	  15.427298	   0.031082
   4.25	   3.50	   4.571429	  15.069226	   0.051624
   4.25	   3.50	   4.714286	  14.212111	   0.030000
   4.25	   3.50	   4.857143	  14.431162	   0.040554
   4.75	   0.50	   1.000000	  68.320081	   0.030171
   4.75	   0.50	   3.000000	  52.917062	   0.030191
   4.75	   0.50	   2.000000	  68.449502	   0.030293
   4.75	   0.50	   4.000000	  52.386154	   0.030257
   4.75	   1.00	   2.500000	  50.287875	   0.030175
   4.75	   1.00	   3.000000	  43.310960	   0.030256
   4.75	   1.00	   4.500000	  26.959480	   0.030249
   4.75	   1.00	   3.500000	  32.984009	   0.030249
   4.75	   1.00	   4.000000	  27.978644	   0.031925
   4.75	   2.00	   3.750000	  28.220265	   0.030486
   4.75	   2.00	   4.000000	  27.524913	   0.030220
   4.75	   2.00	   4.250000	  25.961041	   0.030657
   4.75	   2.00	   4.500000	  24.370383	   0.035868
   4.75	   2.00	   4.750000	  24.577343	   0.030335
   4.75	   2.50	   4.000000	  24.680432	   0.030339
   4.75	   2.50	   4.200000	  24.312327	   0.031563
   4.75	   2.50	   4.400000	  22.715729	   0.030093
   4.75	   2.50	   4.600000	  21.682810	   0.030490
   4.75	   2.50	   4.800000	  20.560841	   0.034305
   4.75	   4.00	   4.375000	  11.288519	   0.031483
   4.75	   4.00	   4.500000	  10.549041	   0.030342
   4.75	   4.00	   4.625000	  10.250354	   0.052448
   5.25	   0.50	   1.000000	  52.946933	   0.030335
   5.25	   0.50	   3.000000	  49.441158	   0.030204
   5.25	   0.50	   2.000000	  46.161086	   0.030058
   5.25	   0.50	   4.000000	  51.871912	   0.030000
   5.25	   1.50	   3.333333	  29.636706	   0.030870
   5.25	   1.50	   3.666667	  30.587218	   0.030387
   5.25	   1.50	   4.000000	  31.861861	   0.030534
   5.25	   1.50	   4.333333	  32.397149	   0.032268
   5.25	   1.50	   4.666667	  31.940573	   0.033717
   5.75	   0.50	   1.000000	  56.273490	   0.030232
   5.75	   0.50	   3.000000	  76.465120	   0.030000
   5.75	   0.50	   2.000000	  70.755853	   0.030340
   5.75	   0.50	   4.000000	  78.374483	   0.030172
   5.75	   1.00	   2.500000	  44.704874	   0.030376
   5.75	   1.00	   3.000000	  37.130268	   0.030000
   5.75	   1.00	   4.500000	  31.030583	   0.030202
   5.75	   1.00	   3.500000	  34.385130	   0.030204
   5.75	   1.00	   4.000000	  33.406768	   0.033225
   5.75	   1.50	   3.333333	  30.536460	   0.030370
   5.75	   1.50	   3.666667	  31.708990	   0.030232
   5.75	   1.50	   4.000000	  32.157813	   0.034359
   5.75	   1.50	   4.333333	  31.358224	   0.035466
   5.75	   1.50	   4.666667	  29.424750	   0.030353
   5.75	   2.00	   3.750000	  27.371231	   0.030919
   5.75	   2.00	   4.000000	  26.074040	   0.033099
   5.75	   2.00	   4.250000	  26.037799	   0.030655
   5.75	   2.00	   4.500000	  25.835139	   0.030622
   5.75	   2.00	   4.750000	  26.772218	   0.030077
   5.75	   2.50	   4.000000	  25.085436	   0.030601
   5.75	   2.50	   4.200000	  23.980864	   0.030792
   5.75	   2.50	   4.400000	  22.441462	   0.030047
   5.75	   2.50	   4.600000	  21.143056	   0.030112
   5.75	   2.50	   4.800000	  20.289013	   0.032604
   5.75	   3.00	   4.166667	  20.063312	   0.030887
   5.75	   3.00	   4.333333	  19.083812	   0.030258
   5.75	   3.00	   4.500000	  18.305261	   0.031613
   5.75	   3.00	   4.666667	  17.975244	   0.031307
   5.75	   3.00	   4.833333	  17.889648	   0.035591
   6.25	   0.50	   1.000000	  41.763449	   0.030264
   6.25	   0.50	   3.000000	  63.344770	   0.030266
   6.25	   0.50	   2.000000	  55.343903	   0.030218
   6.25	   0.50	   4.000000	  64.842267	   0.030000
   6.75	   0.50	   1.000000	  43.523971	   0.030338
   6.75	   0.50	   3.000000	  67.706319	   0.030746
   6.75	   0.50	   2.000000	  61.111197	   0.030110
   6.75	   0.50	   4.000000	  48.371122	   0.030330
   6.75	   1.00	   2.500000	  37.214026	   0.030189
   6.75	   1.00	   3.000000	  34.930450	   0.030771
   6.75	   1.00	   4.500000	  30.234416	   0.030592
   6.75	   1.00	   3.500000	  31.193073	   0.030178
   6.75	   1.00	   4.000000	  30.517341	   0.030287
   6.75	   1.50	   3.333333	  33.892656	   0.031141
   6.75	   1.50	   3.666667	  32.629961	   0.031501
   6.75	   1.50	   4.000000	  30.931240	   0.030259
   6.75	   1.50	   4.333333	  30.695107	   0.030040
   6.75	   1.50	   4.666667	  28.986310	   0.030768
   6.75	   2.00	   3.750000	  28.945583	   0.030435
   6.75	   2.00	   4.000000	  28.741495	   0.030539
   6.75	   2.00	   4.250000	  29.790773	   0.030442
   6.75	   2.00	   4.500000	  29.982649	   0.034770
   6.75	   2.00	   4.750000	  28.059595	   0.033264
   6.75	   3.00	   4.166667	  20.464987	   0.030815
   6.75	   3.00	   4.333333	  20.059164	   0.030368
   6.75	   3.00	   4.500000	  19.362173	   0.030416
   6.75	   3.00	   4.666667	  18.743417	   0.030157
   6.75	   3.00	   4.833333	  18.962663	   0.050397
   6.75	   3.50	   4.285714	  15.092785	   0.044731
   6.75	   3.50	   4.428571	  13.865365	   0.034048
   6.75	   3.50	   4.571429	  12.757088	   0.032553
   6.75	   3.50	   4.714286	  11.924605	   0.032505
   6.75	   3.50	   4.857143	  11.200306	   0.066403
   7.25	   0.50	   1.000000	  51.392964	   0.030215
   7.25	   0.50	   3.000000	  51.807630	   0.030455
   7.25	   0.50	   2.000000	  70.633766	   0.030322
   7.25	   0.50	   4.000000	  44.834659	   0.030582
   7.25	   1.50	   3.333333	  37.200812	   0.030000
   7.25	   1.50	   3.666667	  34.785855	   0.030293
   7.25	   1.50	   4.000000	  34.564549	   0.030463
   7.25	   1.50	   4.333333	  32.584463	   0.030489
   7.25	   1.50	   4.666667	  29.743616	   0.030199
   7.25	   2.50	   4.000000	  26.446703	   0.030475
   7.25	   2.50	   4.200000	  25.194677	   0.030678
   7.25	   2.50	   4.400000	  23.429425	   0.030496
   7.25	   2.50	   4.600000	  23.618255	   0.030250
   7.25	   2.50	   4.800000	  23.151147	   0.034793
   7.75	   0.50	   1.000000	  56.746448	   0.030578
   7.75	   0.50	   3.000000	  48.826923	   0.037102
   7.75	   0.50	   2.000000	  51.341619	   0.030313
   7.75	   0.50	   4.000000	  45.972396	   0.030439
   7.75	   1.00	   2.500000	  41.948486	   0.030107
   7.75	   1.00	   3.000000	  39.561736	   0.030077
   7.75	   1.00	   4.500000	  41.096864	   0.030609
   7.75	   1.00	   3.500000	  37.103223	   0.030260
   7.75	   1.00	   4.000000	  37.503639	   0.030162
   7.75	   2.00	   3.750000	  35.034369	   0.030392
   7.75	   2.00	   4.000000	  34.892357	   0.031544
   7.75	   2.00	   4.250000	  32.816180	   0.030024
   7.75	   2.00	   4.500000	  32.661781	   0.030164
   7.75	   2.00	   4.750000	  29.961916	   0.032988
   7.75	   3.50	   4.285714	  13.528870	   0.031234
   7.75	   3.50	   4.428571	  12.772228	   0.030475
   7.75	   3.50	   4.571429	  11.981648	   0.051757
   7.75	   3.50	   4.714286	  10.752895	   0.030654
   8.25	   0.50	   1.000000	  44.541575	   0.030428
   8.25	   0.50	   3.000000	  58.109488	   0.030927
   8.25	   0.50	   2.000000	  54.434421	   0.031180
   8.25	   0.50	   4.000000	  58.928467	   0.030457
   8.25	   1.50	   3.333333	  39.757447	   0.030268
   8.25	   1.50	   3.666667	  37.651289	   0.030358
   8.25	   1.50	   4.000000	  34.364624	   0.030335
   8.25	   1.50	   4.333333	  34.111375	   0.032871
   8.25	   1.50	   4.666667	  35.442806	   0.030398
   8.25	   2.50	   4.000000	  24.630398	   0.030085
   8.25	   2.50	   4.200000	  24.808313	   0.031052
   8.25	   2.50	   4.400000	  23.830367	   0.030998
   8.25	   2.50	   4.600000	  22.313915	   0.031454
   8.25	   2.50	   4.800000	  23.404289	   0.037902
   8.75	   0.50	   1.000000	  39.332649	   0.030723
   8.75	   0.50	   3.000000	  63.149559	   0.030800
   8.75	   0.50	   2.000000	  56.639507	   0.030331
   8.75	   0.50	   4.000000	  49.248317	   0.030137
   8.75	   1.00	   2.500000	  46.195038	   0.030570
   8.75	   1.00	   3.000000	  44.447340	   0.030174
   8.75	   1.00	   4.500000	  39.741728	   0.030056
   8.75	   1.00	   3.500000	  47.678770	   0.030608
   8.75	   1.00	   4.000000	  44.010399	   0.030222
   8.75	   1.50	   3.333333	  36.255616	   0.030418
   8.75	   1.50	   3.666667	  33.233431	   0.030233
   8.75	   1.50	   4.000000	  32.780862	   0.030611
   8.75	   1.50	   4.333333	  34.411851	   0.030053
   8.75	   1.50	   4.666667	  35.506263	   0.030167
   8.75	   2.00	   3.750000	  33.424639	   0.030043
   8.75	   2.00	   4.000000	  33.441706	   0.030000
   8.75	   2.00	   4.250000	  30.244475	   0.030192
   8.75	   2.00	   4.500000	  28.088057	   0.030397
   8.75	   2.00	   4.750000	  27.885298	   0.035259
   8.75	   3.00	   4.166667	  19.662278	   0.039037
   8.75	   3.00	   4.333333	  18.580460	   0.031326
   8.75	   3.00	   4.500000	  16.634506	   0.032662
   8.75	   3.00	   4.666667	  16.372968	   0.051536
   8.75	   3.00	   4.833333	  14.866592	   0.036728
   9.25	   0.50	   1.000000	  63.996264	   0.030471
   9.25	   0.50	   3.000000	  65.654106	   0.030564
   9.25	   0.50	   2.000000	  78.238009	   0.030034
   9.25	   0.50	   4.000000	  62.380565	   0.030108
   9.75	   0.50	   1.000000	  49.009244	   0.030847
   9.75	   0.50	   3.000000	  50.650583	   0.030332
   9.75	   0.50	   2.000000	  49.698690	   0.030485
   9.75	   0.50	   4.000000	  41.575690	   0.030198
   9.75	   1.00	   2.500000	  43.699893	   0.030754
   9.75	   1.00	   3.000000	  40.232619	   0.030397
   9.75	   1.00	   4.500000	  35.488934	   0.030221
   9.75	   1.00	   3.500000	  36.054676	   0.030201
   9.75	   1.00	   4.000000	  37.701050	   0.030067
   9.75	   1.50	   3.333333	  31.705444	   0.030406
   9.75	   1.50	   3.666667	  33.198529	   0.030246
   9.75	   1.50	   4.000000	  34.309779	   0.030408
   9.75	   1.50	   4.333333	  35.427349	   0.032765
   9.75	   1.50	   4.666667	  33.933440	   0.030022
   9.75	   2.00	   3.750000	  30.629096	   0.030411
   9.75	   2.00	   4.000000	  28.374045	   0.030451
   9.75	   2.00	   4.250000	  27.525280	   0.030761
   9.75	   2.00	   4.500000	  25.478335	   0.030806
   9.75	   2.00	   4.750000	  25.938224	   0.031349
   9.75	   2.50	   4.000000	  23.140939	   0.031086
   9.75	   2.50	   4.200000	  23.216188	   0.030532
   9.75	   2.50	   4.400000	  22.487048	   0.030658
   9.75	   2.50	   4.600000	  21.506786	   0.031426
   9.75	   2.50	   4.800000	  20.083508	   0.032105
   9.75	   3.00	   4.166667	  17.477971	   0.034261
   9.75	   3.00	   4.333333	  16.552426	   0.044886
   9.75	   3.00	   4.500000	  15.119345	   0.030532
   9.75	   3.00	   4.666667	  13.731608	   0.030000
   9.75	   3.00	   4.833333	  12.626581	   0.035105
  10.25	   0.50	   1.000000	  56.463950	   0.030563
  10.25	   0.50	   3.000000	  51.076718	   0.031441
  10.25	   0.50	   2.000000	  67.901066	   0.030739
  10.25	   0.50	   4.000000	  43.151201	   0.031951
  10.25	   1.50	   3.333333	  33.692078	   0.030335
  10.25	   1.50	   3.666667	  35.073147	   0.030361
  10.25	   1.50	   4.000000	  36.136828	   0.031108
  10.25	   1.50	   4.333333	  34.820924	   0.030158
  10.25	   1.50	   4.666667	  34.823956	   0.030064
  10.75	   0.50	   1.000000	  54.896494	   0.030445
  10.75	   0.50	   3.000000	  41.672751	   0.030646
  10.75	   0.50	   2.000000	  48.734318	   0.030302
  10.75	   0.50	   4.000000	  45.267693	   0.030149
  10.75	   1.00	   2.500000	  38.830177	   0.030226
  10.75	   1.00	   3.000000	  40.301038	   0.030438
  10.75	   1.00	   4.500000	  31.803815	   0.030773
  10.75	   1.00	   3.500000	  37.384841	   0.030905
  10.75	   1.00	   4.000000	  33.592828	   0.030952
  10.75	   2.00	   3.750000	  30.382875	   0.030734
  10.75	   2.00	   4.000000	  28.046100	   0.030624
  10.75	   2.00	   4.250000	  28.325222	   0.030876
  10.75	   2.00	   4.500000	  26.971861	   0.030728
  10.75	   2.00	   4.750000	  25.133341	   0.032375
  10.75	   2.50	   4.000000	  24.884711	   0.030909
  10.75	   2.50	   4.200000	  23.880160	   0.030159
  10.75	   2.50	   4.400000	  22.354023	   0.030095
  10.75	   2.50	   4.600000	  16.030158	   0.035893
  10.75	   2.50	   4.800000	  18.968172	   0.036547
  11.25	   0.50	   1.000000	  44.351354	   0.030189
  11.25	   0.50	   3.000000	  47.124682	   0.030143
  11.25	   0.50	   2.000000	  42.329156	   0.030411
  11.25	   0.50	   4.000000	  47.967469	   0.030842
  11.25	   1.50	   3.333333	  39.160187	   0.030329
  11.25	   1.50	   3.666667	  37.841951	   0.030323
  11.25	   1.50	   4.000000	  37.895319	   0.030330
  11.25	   1.50	   4.333333	  36.115306	   0.030373
  11.25	   1.50	   4.666667	  31.855572	   0.030303
  11.75	   0.50	   1.000000	  33.176387	   0.030635
  11.75	   0.50	   3.000000	  50.310139	   0.030268
  11.75	   0.50	   2.000000	  45.768335	   0.030497
  11.75	   0.50	   4.000000	  41.330563	   0.030069
  11.75	   1.00	   2.500000	  44.670316	   0.030295
  11.75	   1.00	   3.000000	  39.096773	   0.030172
  11.75	   1.00	   4.500000	  39.252485	   0.030798
  11.75	   1.00	   3.500000	  35.272134	   0.030404
  11.75	   1.00	   4.000000	  34.655193	   0.030223
  11.75	   1.50	   3.333333	  39.230371	   0.030132
  11.75	   1.50	   3.666667	  39.629457	   0.030299
  11.75	   1.50	   4.000000	  37.811455	   0.030397
  11.75	   1.50	   4.333333	  33.402173	   0.030605
  11.75	   1.50	   4.666667	  32.112029	   0.030924
  11.75	   2.00	   3.750000	  31.698070	   0.030505
  11.75	   2.00	   4.000000	  30.292682	   0.031067
  11.75	   2.00	   4.250000	  28.546178	   0.031059
  11.75	   2.00	   4.500000	  28.208361	   0.030697
  11.75	   2.00	   4.750000	  28.199323	   0.030547
  11.75	   3.00	   4.166667	  15.484830	   0.038606
  11.75	   3.00	   4.333333	  13.344038	   0.030277
  11.75	   3.00	   4.500000	  12.946758	   0.034147
  12.25	   0.50	   1.000000	  40.130456	   0.030409
  12.25	   0.50	   3.000000	  46.993741	   0.030502
  12.25	   0.50	   2.000000	  53.051744	   0.030479
  12.25	   0.50	   4.000000	  53.700331	   0.030502
  12.25	   2.50	   4.000000	  27.705547	   0.036038
  12.25	   2.50	   4.200000	  23.064462	   0.032017
  12.25	   2.50	   4.400000	  21.695630	   0.032095
  12.25	   2.50	   4.600000	  20.304866	   0.034652
  12.25	   2.50	   4.800000	  18.185383	   0.031889
  12.75	   0.50	   1.000000	  36.671641	   0.030474
  12.75	   0.50	   3.000000	  52.617088	   0.030320
  12.75	   0.50	   2.000000	  42.258176	   0.030000
  12.75	   0.50	   4.000000	  50.086345	   0.030672
  12.75	   1.00	   2.500000	  38.736012	   0.030907
  12.75	   1.00	   3.000000	  37.768313	   0.030357
  12.75	   1.00	   4.500000	  41.470041	   0.030151
  12.75	   1.00	   3.500000	  42.049824	   0.030753
  12.75	   1.00	   4.000000	  43.186912	   0.032807
  12.75	   1.50	   3.333333	  43.715198	   0.030280
  12.75	   1.50	   3.666667	  38.840266	   0.030305
  12.75	   1.50	   4.000000	  37.383300	   0.030161
  12.75	   1.50	   4.333333	  35.402032	   0.030623
  12.75	   1.50	   4.666667	  36.105708	   0.030103
  12.75	   2.00	   3.750000	  31.142154	   0.030973
  12.75	   2.00	   4.000000	  30.851473	   0.030131
  12.75	   2.00	   4.250000	  30.919678	   0.030100
  12.75	   2.00	   4.500000	  29.265511	   0.030854
  12.75	   2.00	   4.750000	  27.828173	   0.031886
  12.75	   3.00	   4.166667	  14.919461	   0.032977
  13.25	   0.50	   1.000000	  37.985228	   0.030282
  13.25	   0.50	   3.000000	  56.683420	   0.033148
  13.25	   0.50	   2.000000	  57.103238	   0.030328
  13.25	   0.50	   4.000000	  48.005562	   0.030842
  13.25	   1.50	   3.333333	  38.617312	   0.030217
  13.25	   1.50	   3.666667	  37.277461	   0.030011
  13.25	   1.50	   4.000000	  35.073736	   0.030185
  13.25	   1.50	   4.333333	  36.088439	   0.030034
  13.25	   1.50	   4.666667	  34.415935	   0.030323
  13.25	   2.50	   4.000000	  24.345865	   0.047867
  13.25	   2.50	   4.200000	  18.778250	   0.044162
  13.25	   2.50	   4.400000	  20.153895	   0.030629
  13.25	   2.50	   4.600000	  17.866947	   0.037930
  13.25	   2.50	   4.800000	  16.064938	   0.036414
  13.75	   0.50	   1.000000	  59.920166	   0.030201
  13.75	   0.50	   3.000000	  59.066554	   0.030456
  13.75	   0.50	   2.000000	  69.422390	   0.030212
  13.75	   0.50	   4.000000	  48.324586	   0.030418
  13.75	   1.00	   2.500000	  43.406444	   0.031012
  13.75	   1.00	   3.000000	  44.329676	   0.030304
  13.75	   1.00	   4.500000	  43.823266	   0.030378
  13.75	   1.00	   3.500000	  42.514015	   0.030148
  13.75	   1.00	   4.000000	  46.280780	   0.030342
  13.75	   2.00	   3.750000	  34.212826	   0.030267
  13.75	   2.00	   4.000000	  32.356969	   0.030021
  13.75	   2.00	   4.250000	  30.640604	   0.030380
  13.75	   2.00	   4.500000	  29.186572	   0.030520
  13.75	   2.00	   4.750000	  26.723868	   0.034617
  14.25	   0.50	   1.000000	  52.183200	   0.030199
  14.25	   0.50	   3.000000	  45.474819	   0.030518
  14.25	   0.50	   2.000000	  53.590244	   0.030350
  14.25	   0.50	   4.000000	  38.482594	   0.030136
  14.25	   1.50	   3.333333	  37.226978	   0.030970
  14.25	   1.50	   3.666667	  38.331159	   0.030277
  14.25	   1.50	   4.000000	  36.616156	   0.030629
  14.25	   1.50	   4.333333	  33.914813	   0.030506
  14.25	   1.50	   4.666667	  34.629910	   0.030278
  14.75	   0.50	   1.000000	  52.108432	   0.030148
  14.75	   0.50	   3.000000	  45.981921	   0.030439
  14.75	   0.50	   2.000000	  52.233120	   0.030205
  14.75	   0.50	   4.000000	  47.372283	   0.030995
  14.75	   1.00	   2.500000	  46.263353	   0.030190
  14.75	   1.00	   3.000000	  51.386237	   0.030262
  14.75	   1.00	   4.500000	  41.597174	   0.030387
  14.75	   1.00	   3.500000	  48.828714	   0.030277
  14.75	   1.00	   4.000000	  45.948788	   0.030366
  14.75	   1.50	   3.333333	  40.145401	   0.030386
  14.75	   1.50	   3.666667	  38.480573	   0.030678
  14.75	   1.50	   4.000000	  35.627507	   0.030730
  14.75	   1.50	   4.333333	  36.467610	   0.030723
  14.75	   1.50	   4.666667	  36.114625	   0.030657
  14.75	   2.00	   3.750000	  33.043989	   0.030294
  14.75	   2.00	   4.000000	  31.623973	   0.030617
  14.75	   2.00	   4.250000	  28.325748	   0.031095
  14.75	   2.00	   4.500000	  27.894499	   0.030416
  14.75	   2.00	   4.750000	  26.258599	   0.031566
  14.75	   2.50	   4.000000	  19.897836	   0.035045
  14.75	   2.50	   4.200000	  17.414324	   0.030382
  14.75	   2.50	   4.400000	  15.880268	   0.032663
  14.75	   2.50	   4.600000	  16.597893	   0.044227
  15.25	   0.50	   1.000000	  44.492127	   0.030722
  15.25	   0.50	   3.000000	  46.750903	   0.038282
  15.25	   0.50	   2.000000	  46.632385	   0.030230
  15.25	   0.50	   4.000000	  53.157518	   0.031267
  15.75	   0.50	   1.000000	  36.770537	   0.030127
  15.75	   0.50	   3.000000	  50.545826	   0.030600
  15.75	   0.50	   2.000000	  43.744954	   0.031622
  15.75	   0.50	   4.000000	  43.347370	   0.030280
  15.75	   1.00	   2.500000	  50.471090	   0.030435
  15.75	   1.00	   3.000000	  47.734748	   0.030370
  15.75	   1.00	   4.500000	  42.766038	   0.030418
  15.75	   1.00	   3.500000	  43.303565	   0.030257
  15.75	   1.00	   4.000000	  38.204270	   0.030053
  15.75	   1.50	   3.333333	  36.967203	   0.030654
  15.75	   1.50	   3.666667	  37.920697	   0.030420
  15.75	   1.50	   4.000000	  37.880808	   0.030449
  15.75	   1.50	   4.333333	  37.294853	   0.030000
  15.75	   1.50	   4.666667	  34.966082	   0.030042
  15.75	   2.00	   3.750000	  31.276392	   0.030000
  15.75	   2.00	   4.000000	  30.689167	   0.030768
  15.75	   2.00	   4.250000	  28.676802	   0.031082
  15.75	   2.00	   4.500000	  26.291699	   0.035439
  15.75	   2.00	   4.750000	  22.478291	   0.031830
  15.75	   2.50	   4.000000	  18.927786	   0.033536
  15.75	   2.50	   4.200000	  18.482742	   0.038222
  16.25	   0.50	   1.000000	  35.989767	   0.030930
  16.25	   0.50	   3.000000	  43.644016	   0.031080
  16.25	   0.50	   2.000000	  47.840925	   0.030252
  16.25	   0.50	   4.000000	  51.486230	   0.030131
  16.25	   1.50	   3.333333	  40.798601	   0.030585
  16.25	   1.50	   3.666667	  40.770842	   0.030500
  16.25	   1.50	   4.000000	  40.175509	   0.030536
  16.25	   1.50	   4.333333	  37.791025	   0.030146
  16.25	   1.50	   4.666667	  36.303951	   0.030225
  16.75	   0.50	   1.000000	  38.030654	   0.030422
  16.75	   0.50	   3.000000	  47.150871	   0.030357
  16.75	   0.50	   2.000000	  39.453077	   0.030475
  16.75	   0.50	   4.000000	  52.244573	   0.030351
  16.75	   1.00	   2.500000	  48.484763	   0.030433
  16.75	   1.00	   3.000000	  42.037738	   0.030192
  16.75	   1.00	   4.500000	  39.724015	   0.030349
  16.75	   1.00	   3.500000	  46.464162	   0.030343
  16.75	   1.00	   4.000000	  44.185556	   0.030587
  16.75	   2.00	   3.750000	  33.295789	   0.030686
  16.75	   2.00	   4.000000	  26.797790	   0.035026
  16.75	   2.00	   4.250000	  26.263298	   0.031181
  16.75	   2.00	   4.500000	  22.180582	   0.030765
  16.75	   2.00	   4.750000	  20.413663	   0.038058
  17.25	   0.50	   1.000000	  33.222997	   0.030060
  17.25	   0.50	   3.000000	  56.185840	   0.030959
  17.25	   0.50	   2.000000	  46.732707	   0.030458
  17.25	   0.50	   4.000000	  53.182472	   0.030528
  17.25	   1.50	   3.333333	  45.961033	   0.030274
  17.25	   1.50	   3.666667	  43.297063	   0.030358
  17.25	   1.50	   4.000000	  41.643625	   0.030553
  17.25	   1.50	   4.333333	  37.054998	   0.032643
  17.25	   1.50	   4.666667	  37.250011	   0.032390
  17.75	   0.50	   1.000000	  35.383840	   0.030199
  17.75	   0.50	   3.000000	  54.002687	   0.030561
  17.75	   0.50	   2.000000	  52.233120	   0.030615
  17.75	   0.50	   4.000000	  60.626299	   0.030505
  17.75	   1.00	   2.500000	  49.480487	   0.030178
  17.75	   1.00	   3.000000	  47.773184	   0.030669
  17.75	   1.00	   4.500000	  47.819419	   0.030533
  17.75	   1.00	   3.500000	  43.319639	   0.030536
  17.75	   1.00	   4.000000	  46.093009	   0.030584
  17.75	   1.50	   3.333333	  46.244299	   0.030425
  17.75	   1.50	   3.666667	  44.470466	   0.030514
  17.75	   1.50	   4.000000	  39.195433	   0.032044
  17.75	   1.50	   4.333333	  42.682509	   0.036311
  17.75	   1.50	   4.666667	  38.482515	   0.030251
  17.75	   2.00	   3.750000	  30.581722	   0.036724
  17.75	   2.00	   4.000000	  26.067015	   0.030465
  17.75	   2.00	   4.250000	  23.520682	   0.030000
  17.75	   2.00	   4.500000	  22.069859	   0.034860
  17.75	   2.00	   4.750000	  23.546859	   0.032535
  18.25	   0.50	   1.000000	  35.205210	   0.030855
  18.25	   0.50	   3.000000	  52.107605	   0.030711
  18.25	   0.50	   2.000000	  43.585014	   0.030430
  18.25	   0.50	   4.000000	  40.101847	   0.030206
  18.75	   0.50	   1.000000	  37.661564	   0.030515
  18.75	   0.50	   3.000000	  45.724797	   0.030295
  18.75	   0.50	   2.000000	  54.596253	   0.030417
  18.75	   0.50	   4.000000	  52.002780	   0.030243
  18.75	   1.00	   2.500000	  49.169954	   0.030000
  18.75	   1.00	   3.000000	  53.140351	   0.030383
  18.75	   1.00	   4.500000	  54.343481	   0.031976
  18.75	   1.00	   3.500000	  55.877567	   0.030294
  18.75	   1.00	   4.000000	  53.756849	   0.030194
  18.75	   1.50	   3.333333	  43.224755	   0.030895
  18.75	   1.50	   3.666667	  43.779783	   0.030373
  18.75	   1.50	   4.000000	  42.789739	   0.030269
  18.75	   1.50	   4.333333	  40.570026	   0.030604
  18.75	   1.50	   4.666667	  34.981290	   0.030488
  18.75	   2.00	   3.750000	  25.622086	   0.031783
  18.75	   2.00	   4.000000	  24.017066	   0.033364
  18.75	   2.00	   4.250000	  25.193447	   0.030431
  19.25	   0.50	   1.000000	  48.182808	   0.030660
  19.25	   0.50	   3.000000	  54.457410	   0.030495
  19.25	   0.50	   2.000000	  47.498332	   0.030423
  19.25	   0.50	   4.000000	  58.623735	   0.031149
  19.25	   1.50	   3.333333	  44.382155	   0.031162
  19.25	   1.50	   3.666667	  44.129810	   0.030416
  19.25	   1.50	   4.000000	  41.800908	   0.031916
  19.25	   1.50	   4.333333	  36.231873	   0.030186
  19.25	   1.50	   4.666667	  30.122269	   0.030049
  19.75	   0.50	   1.000000	  35.795283	   0.030280
  19.75	   0.50	   3.000000	  54.835952	   0.030675
  19.75	   0.50	   2.000000	  47.818212	   0.030140
  19.75	   0.50	   4.000000	  46.529494	   0.030289
  19.75	   1.00	   2.500000	  57.094779	   0.030615
  19.75	   1.00	   3.000000	  55.687148	   0.030369
  19.75	   1.00	   4.500000	  44.092382	   0.032435
  19.75	   1.00	   3.500000	  56.204790	   0.030859
  19.75	   1.00	   4.000000	  51.481949	   0.030235
  19.75	   2.00	   3.750000	  26.623273	   0.030258
  20.25	   0.50	   1.000000	  35.513023	   0.030141
  20.25	   0.50	   3.000000	  44.536800	   0.030378
  20.25	   0.50	   2.000000	  48.835583	   0.030603
  20.25	   0.50	   4.000000	  49.704320	   0.030274
  20.25	   1.50	   3.333333	  46.450889	   0.030277
  20.25	   1.50	   3.666667	  39.866272	   0.030205
  20.25	   1.50	   4.000000	  32.828926	   0.030229
  20.25	   1.50	   4.333333	  27.756619	   0.032647
  20.25	   1.50	   4.666667	  26.589165	   0.031116
  20.75	   0.50	   1.000000	  36.634257	   0.030548
  20.75	   0.50	   3.000000	  43.322616	   0.030389
  20.75	   0.50	   2.000000	  38.332553	   0.030419
  20.75	   0.50	   4.000000	  52.277414	   0.030319
  20.75	   1.00	   2.500000	  65.522672	   0.030402
  20.75	   1.00	   3.000000	  59.368073	   0.030227
  20.75	   1.00	   4.500000	  49.913996	   0.030717
  20.75	   1.00	   3.500000	  50.438794	   0.030958
  20.75	   1.00	   4.000000	  51.271958	   0.030525
  20.75	   1.50	   3.333333	  44.880880	   0.030194
  20.75	   1.50	   3.666667	  36.731141	   0.030233
  20.75	   1.50	   4.000000	  30.897555	   0.030000
  20.75	   1.50	   4.333333	  29.176482	   0.032518
  20.75	   1.50	   4.666667	  28.671641	   0.030310
  21.25	   0.50	   1.000000	  39.204176	   0.030649
  21.25	   0.50	   3.000000	  73.267765	   0.030046
  21.25	   0.50	   2.000000	  55.688388	   0.030216
  21.25	   0.50	   4.000000	  76.255612	   0.030088
  21.75	   0.50	   1.000000	  38.201007	   0.030368
  21.75	   0.50	   3.000000	  72.129762	   0.030420
  21.75	   0.50	   2.000000	  63.067387	   0.030255
  21.75	   0.50	   4.000000	  75.022379	   0.030180
  21.75	   1.00	   2.500000	  54.073284	   0.030569
  21.75	   1.00	   3.000000	  56.004903	   0.031443
  21.75	   1.00	   4.500000	  49.673539	   0.030360
  21.75	   1.00	   3.500000	  55.234683	   0.030525
  21.75	   1.00	   4.000000	  55.815662	   0.030398
  21.75	   1.50	   3.333333	  31.705444	   0.030406
  21.75	   1.50	   3.666667	  29.640517	   0.031101
  21.75	   1.50	   4.000000	  28.852740	   0.030000
  21.75	   1.50	   4.333333	  30.598038	   0.030681
  22.25	   0.50	   1.000000	  37.452647	   0.030509
  22.25	   0.50	   3.000000	  60.192653	   0.030056
  22.25	   0.50	   2.000000	  53.511691	   0.030575
  22.25	   0.50	   4.000000	  61.171145	   0.030110
  22.25	   1.50	   3.333333	  30.484252	   0.031268
  22.25	   1.50	   3.666667	  29.530926	   0.030401
  22.25	   1.50	   4.000000	  30.958840	   0.030259
  22.75	   0.50	   1.000000	  46.825213	   0.030707
  22.75	   0.50	   3.000000	  68.615764	   0.030245
  22.75	   0.50	   2.000000	  64.560789	   0.030166
  22.75	   0.50	   4.000000	  54.285994	   0.030372
  22.75	   1.00	   2.500000	  65.622047	   0.030402
  22.75	   1.00	   3.000000	  66.089785	   0.030408
  22.75	   1.00	   4.500000	  36.638187	   0.031466
  22.75	   1.00	   3.500000	  59.067293	   0.030327
  22.75	   1.00	   4.000000	  46.148572	   0.031167
  23.25	   0.50	   1.000000	  49.569508	   0.030108
  23.25	   0.50	   3.000000	  57.000056	   0.030354
  23.25	   0.50	   2.000000	  64.447219	   0.030083
  23.25	   0.50	   4.000000	  63.489997	   0.030848
  23.25	   1.50	   3.333333	  34.106030	   0.030038
  23.75	   0.50	   1.000000	  45.727874	   0.030256
  23.75	   0.50	   3.000000	  61.849656	   0.030054
  23.75	   0.50	   2.000000	  49.450733	   0.030108
  23.75	   0.50	   4.000000	  68.170557	   0.030131
  23.75	   1.00	   2.500000	  66.432536	   0.030331
  23.75	   1.00	   3.000000	  53.733660	   0.030125
  23.75	   1.00	   4.500000	  34.935970	   0.030141
  23.75	   1.00	   3.500000	  41.680496	   0.030232
  23.75	   1.00	   4.000000	  34.939975	   0.031156
  24.25	   0.50	   1.000000	  33.376549	   0.030391
  24.25	   0.50	   3.000000	  60.430727	   0.030167
  24.25	   0.50	   2.000000	  50.281663	   0.030106
  24.25	   0.50	   4.000000	  70.917960	   0.031519
  24.75	   0.50	   1.000000	  49.274233	   0.030299
  24.75	   0.50	   3.000000	  89.347391	   0.030264
  24.75	   0.50	   2.000000	  70.194640	   0.030286
  24.75	   0.50	   4.000000	  91.692432	   0.030514
  24.75	   1.00	   2.500000	  51.135631	   0.030429
  24.75	   1.00	   3.000000	  42.220324	   0.031435
  24.75	   1.00	   4.500000	  35.398963	   0.030164
  24.75	   1.00	   3.500000	  40.896105	   0.030231
  24.75	   1.00	   4.000000	  38.042202	   0.030345
  25.25	   0.50	   1.000000	  42.477029	   0.030386
  25.25	   0.50	   3.000000	  74.086744	   0.030136
  25.25	   0.50	   2.000000	  65.789202	   0.030366
  25.25	   0.50	   4.000000	  66.570697	   0.030303
  25.75	   0.50	   1.000000	  44.059153	   0.030365
  25.75	   0.50	   3.000000	  59.828397	   0.030113
  25.75	   0.50	   2.000000	  61.698906	   0.030260
  25.75	   0.50	   4.000000	  51.033884	   0.030528
  25.75	   1.00	   2.500000	  38.611797	   0.030455
  25.75	   1.00	   3.000000	  34.898652	   0.030270
  25.75	   1.00	   3.500000	  31.176146	   0.030248
  26.25	   0.50	   1.000000	  47.819394	   0.030203
  26.25	   0.50	   3.000000	  50.072060	   0.030403
  26.25	   0.50	   2.000000	  54.492152	   0.030074
  26.25	   0.50	   4.000000	  41.710844	   0.030323
  26.75	   0.50	   1.000000	  42.924199	   0.030023
  26.75	   0.50	   3.000000	  44.465378	   0.030227
  26.75	   0.50	   2.000000	  48.764604	   0.030412
  26.75	   0.50	   4.000000	  43.427809	   0.030101
  26.75	   1.00	   2.500000	  34.384585	   0.030000
  27.25	   0.50	   1.000000	  38.985323	   0.030438
  27.25	   0.50	   3.000000	  47.158011	   0.030286
  27.25	   0.50	   2.000000	  44.962011	   0.030863
  27.25	   0.50	   4.000000	  45.836818	   0.030385
  27.75	   0.50	   1.000000	  39.507967	   0.030627
  27.75	   0.50	   3.000000	  49.588766	   0.030204
  27.75	   0.50	   2.000000	  50.618580	   0.030159
  27.75	   0.50	   4.000000	  38.373596	   0.030162
  28.25	   0.50	   1.000000	  38.080341	   0.030299
  28.25	   0.50	   3.000000	  37.792120	   0.031069
  28.25	   0.50	   2.000000	  44.745288	   0.030419
  28.25	   0.50	   4.000000	  36.939615	   0.030064
  28.75	   0.50	   1.000000	  43.326177	   0.030324
  28.75	   0.50	   3.000000	  42.120334	   0.030320
  28.75	   0.50	   2.000000	  43.843379	   0.030214
  29.25	   0.50	   1.000000	  39.252681	   0.030128
  29.25	   0.50	   2.000000	  45.107754	   0.030089
  29.75	   0.50	   1.000000	  48.313411	   0.030173
