LR11B.AMP
0.50
3
790
0
0
Error estimate for data present
Type of error estimate (0=same unit as data)
1
  -0.25	   0.50	   4.000000	  34.688910	   0.030410
  -0.25	   0.50	   1.000000	  75.162244	   0.030490
  -0.25	   0.50	   2.000000	  58.727849	   0.030302
  -0.25	   0.50	   3.000000	  53.415057	   0.030078
  -0.25	   1.00	   3.500000	  19.522491	   0.031920
  -0.25	   1.00	   2.500000	  26.056983	   0.030422
  -0.25	   1.00	   4.500000	  20.932526	   0.033754
  -0.25	   1.00	   4.000000	  20.828148	   0.032573
  -0.25	   1.00	   3.000000	  24.272468	   0.030931
  -0.25	   1.50	   3.666667	  15.567530	   0.031825
  -0.25	   1.50	   4.333333	  15.604522	   0.030000
  -0.25	   1.50	   4.000000	  15.795191	   0.030636
  -0.25	   1.50	   4.666667	  16.271361	   0.035217
  -0.25	   1.50	   3.333333	  18.065659	   0.030179
  -0.25	   2.00	   4.250000	  15.595085	   0.034992
  -0.25	   2.00	   4.750000	  14.420232	   0.034996
  -0.25	   2.00	   4.500000	  15.107616	   0.035945
  -0.25	   2.00	   3.750000	  15.001617	   0.032859
  -0.25	   2.00	   4.000000	  15.642429	   0.035032
  -0.25	   2.50	   4.200000	  14.722458	   0.032888
  -0.25	   2.50	   4.600000	  14.089409	   0.030421
  -0.25	   2.50	   4.800000	  12.685304	   0.035207
  -0.25	   2.50	   4.000000	  14.862023	   0.030563
  -0.25	   2.50	   4.400000	  14.500028	   0.034025
  -0.25	   3.00	   4.666667	   8.103059	   0.035921
  -0.25	   3.00	   4.500000	   8.901682	   0.040593
  -0.25	   3.00	   4.333333	   9.925620	   0.030926
  -0.25	   3.00	   4.833333	   7.335190	   0.047595
  -0.25	   3.00	   4.166667	  10.641243	   0.041230
  -0.25	   3.50	   4.285714	   9.039950	   0.116957
  -0.25	   3.50	   4.571429	   7.064322	   0.032315
  -0.25	   3.50	   4.714286	   6.615987	   0.042019
  -0.25	   3.50	   4.428571	   7.265120	   0.043508
  -0.25	   3.50	   4.857143	   6.353932	   0.040498
  -0.25	   4.00	   4.500000	   4.934266	   0.042741
  -0.25	   4.00	   4.750000	   3.995310	   0.053184
  -0.25	   4.00	   4.875000	   3.839680	   0.047177
  -0.25	   4.00	   4.375000	   5.361396	   0.050232
  -0.25	   4.00	   4.625000	   4.313426	   0.043384
  -0.25	   4.50	   4.444444	   3.317092	   0.069666
  -0.25	   4.50	   4.888889	   2.815489	   0.390844
  -0.25	   4.50	   4.555556	   3.205037	   0.065712
  -0.25	   4.50	   4.777778	   2.988049	   0.030000
  -0.25	   4.50	   4.666667	   3.084643	   0.081829
   0.25	   0.50	   1.000000	  57.555850	   0.030494
   0.25	   0.50	   3.000000	  44.516950	   0.030832
   0.25	   0.50	   2.000000	  61.818152	   0.030000
   0.25	   0.50	   4.000000	  34.256804	   0.030982
   0.75	   0.50	   1.000000	  41.387973	   0.030728
   0.75	   0.50	   3.000000	  30.966657	   0.030761
   0.75	   0.50	   2.000000	  37.357795	   0.030215
   0.75	   0.50	   4.000000	  25.396014	   0.030563
   0.75	   1.00	   2.500000	  20.619456	   0.030000
   0.75	   1.00	   3.000000	  20.414981	   0.030371
   0.75	   1.00	   4.500000	  17.162960	   0.030521
   0.75	   1.00	   3.500000	  19.806305	   0.030183
   0.75	   1.00	   4.000000	  19.886059	   0.030677
   0.75	   1.50	   3.333333	  15.194220	   0.030000
   0.75	   1.50	   3.666667	  14.403607	   0.030142
   0.75	   1.50	   4.000000	  14.893449	   0.032016
   0.75	   1.50	   4.333333	  14.380341	   0.030639
   0.75	   1.50	   4.666667	  14.367288	   0.032323
   0.75	   2.00	   3.750000	  14.888414	   0.031728
   0.75	   2.00	   4.000000	  14.336240	   0.031878
   0.75	   2.00	   4.250000	  13.713084	   0.041314
   0.75	   2.00	   4.500000	  13.384889	   0.033670
   0.75	   2.00	   4.750000	  13.383198	   0.032307
   0.75	   2.50	   4.000000	  13.885038	   0.034222
   0.75	   2.50	   4.200000	  12.853124	   0.051791
   0.75	   2.50	   4.400000	  14.504577	   0.044580
   0.75	   2.50	   4.600000	  12.138236	   0.037776
   0.75	   2.50	   4.800000	  11.629752	   0.033408
   0.75	   3.00	   4.166667	  11.067678	   0.080681
   0.75	   3.00	   4.333333	   9.953818	   0.041136
   0.75	   3.00	   4.500000	   9.283559	   0.040840
   0.75	   3.00	   4.666667	   8.719799	   0.041785
   0.75	   3.00	   4.833333	   7.802908	   0.038270
   0.75	   3.50	   4.285714	   8.653500	   0.033617
   0.75	   3.50	   4.428571	   8.539135	   0.046878
   0.75	   3.50	   4.571429	   8.043713	   0.033037
   0.75	   3.50	   4.714286	   7.859032	   0.031118
   0.75	   3.50	   4.857143	   6.960352	   0.053274
   0.75	   4.00	   4.375000	   7.237292	   0.033469
   0.75	   4.00	   4.500000	   4.122115	   0.038757
   0.75	   4.00	   4.625000	   6.905072	   0.036939
   0.75	   4.00	   4.750000	   6.571187	   0.030000
   0.75	   4.00	   4.875000	   6.404649	   0.050643
   0.75	   4.50	   4.444444	   6.890411	   0.048477
   0.75	   4.50	   4.555556	   9.479916	   0.230909
   0.75	   4.50	   4.666667	   8.737368	   0.236197
   0.75	   4.50	   4.777778	   6.304403	   0.031853
   1.25	   0.50	   1.000000	  41.493256	   0.030806
   1.25	   0.50	   3.000000	  32.068974	   0.030164
   1.25	   0.50	   2.000000	  39.637150	   0.030929
   1.25	   0.50	   4.000000	  32.796763	   0.030051
   1.25	   1.50	   3.333333	  14.316710	   0.030732
   1.25	   1.50	   3.666667	  14.552155	   0.031261
   1.25	   1.50	   4.000000	  13.878790	   0.030451
   1.25	   1.50	   4.333333	  13.667500	   0.030448
   1.25	   1.50	   4.666667	  14.221754	   0.034824
   1.75	   0.50	   1.000000	  52.204964	   0.030570
   1.75	   0.50	   3.000000	  45.629567	   0.031033
   1.75	   0.50	   2.000000	  47.068671	   0.030483
   1.75	   0.50	   4.000000	  29.045222	   0.031391
   1.75	   1.00	   2.500000	  25.783638	   0.031533
   1.75	   1.00	   3.000000	  24.892556	   0.030122
   1.75	   1.00	   4.500000	  15.488410	   0.030433
   1.75	   1.00	   3.500000	  21.110102	   0.032746
   1.75	   1.00	   4.000000	  17.298205	   0.030000
   1.75	   2.00	   3.750000	  15.702817	   0.030000
   1.75	   2.00	   4.000000	  14.910736	   0.030045
   1.75	   2.00	   4.250000	  14.869342	   0.031564
   1.75	   2.00	   4.500000	  15.612861	   0.030057
   1.75	   2.00	   4.750000	  15.836420	   0.036174
   2.25	   0.50	   1.000000	  45.645305	   0.030352
   2.25	   0.50	   3.000000	  28.057209	   0.030600
   2.25	   0.50	   2.000000	  43.055984	   0.030155
   2.25	   0.50	   4.000000	  27.791575	   0.030212
   2.25	   1.50	   3.333333	  17.337422	   0.030242
   2.25	   1.50	   3.666667	  16.206977	   0.030277
   2.25	   1.50	   4.000000	  16.729918	   0.031496
   2.25	   1.50	   4.333333	  16.646270	   0.030368
   2.25	   1.50	   4.666667	  16.638153	   0.030134
   2.25	   2.50	   4.000000	  17.483305	   0.031676
   2.25	   2.50	   4.200000	  17.251184	   0.031431
   2.25	   2.50	   4.400000	  16.675839	   0.031268
   2.25	   2.50	   4.600000	  15.320039	   0.040627
   2.25	   2.50	   4.800000	  14.810419	   0.032943
   2.75	   0.50	   1.000000	  50.738298	   0.030211
   2.75	   0.50	   3.000000	  40.180018	   0.035949
   2.75	   0.50	   2.000000	  38.571989	   0.030659
   2.75	   0.50	   4.000000	  34.797128	   0.031548
   2.75	   1.00	   2.500000	  34.655594	   0.030507
   2.75	   1.00	   3.000000	  27.709471	   0.030358
   2.75	   1.00	   4.500000	  22.301096	   0.030100
   2.75	   1.00	   3.500000	  24.098570	   0.030482
   2.75	   1.00	   4.000000	  21.779708	   0.030139
   2.75	   1.50	   3.333333	  21.729650	   0.030668
   2.75	   1.50	   3.666667	  22.267828	   0.030348
   2.75	   1.50	   4.000000	  22.172450	   0.030068
   2.75	   1.50	   4.333333	  22.169169	   0.030028
   2.75	   1.50	   4.666667	  21.006909	   0.039890
   2.75	   2.00	   3.750000	  21.513707	   0.030850
   2.75	   2.00	   4.000000	  22.533884	   0.030149
   2.75	   2.00	   4.250000	  22.415315	   0.031003
   2.75	   2.00	   4.500000	  22.239944	   0.030040
   2.75	   2.00	   4.750000	  21.535378	   0.058312
   2.75	   3.00	   4.166667	  14.376977	   0.032320
   2.75	   3.00	   4.333333	  14.897184	   0.054811
   2.75	   3.00	   4.500000	  13.666803	   0.033436
   2.75	   3.00	   4.666667	  12.770874	   0.033161
   2.75	   3.00	   4.833333	  14.293922	   0.040158
   3.25	   0.50	   1.000000	  36.939704	   0.030879
   3.25	   0.50	   3.000000	  45.679564	   0.030663
   3.25	   0.50	   2.000000	  48.480685	   0.030414
   3.25	   0.50	   4.000000	  45.686707	   0.030147
   3.25	   2.50	   4.000000	  21.788258	   0.030673
   3.25	   2.50	   4.200000	  19.526411	   0.039238
   3.25	   2.50	   4.400000	  18.830755	   0.032385
   3.25	   2.50	   4.600000	  17.825688	   0.030496
   3.25	   2.50	   4.800000	  17.923364	   0.038660
   3.25	   3.50	   4.285714	  12.776392	   0.030762
   3.25	   3.50	   4.428571	  11.490284	   0.030396
   3.25	   3.50	   4.571429	  11.843398	   0.046508
   3.25	   3.50	   4.714286	  11.233755	   0.030156
   3.25	   3.50	   4.857143	  10.840091	   0.037384
   3.75	   0.50	   1.000000	  52.026805	   0.030103
   3.75	   0.50	   3.000000	  65.735050	   0.030666
   3.75	   0.50	   2.000000	  59.072676	   0.030385
   3.75	   0.50	   4.000000	  58.180910	   0.030347
   3.75	   1.00	   2.500000	  39.350866	   0.030223
   3.75	   1.00	   3.000000	  35.049653	   0.030341
   3.75	   1.00	   4.500000	  26.957899	   0.030332
   3.75	   1.00	   3.500000	  35.627565	   0.030814
   3.75	   1.00	   4.000000	  29.680110	   0.030159
   3.75	   1.50	   3.333333	  28.428154	   0.030374
   3.75	   1.50	   3.666667	  28.465113	   0.030287
   3.75	   1.50	   4.000000	  27.385824	   0.031462
   3.75	   1.50	   4.333333	  26.234319	   0.030327
   3.75	   1.50	   4.666667	  25.444181	   0.030408
   3.75	   2.00	   3.750000	  28.386030	   0.030201
   3.75	   2.00	   4.000000	  28.248865	   0.030953
   3.75	   2.00	   4.250000	  22.896156	   0.032371
   3.75	   2.00	   4.500000	  24.786829	   0.032882
   3.75	   2.00	   4.750000	  25.489208	   0.035451
   3.75	   3.00	   4.166667	  16.886070	   0.031185
   3.75	   3.00	   4.333333	  15.986197	   0.031156
   3.75	   3.00	   4.500000	  15.274941	   0.030703
   3.75	   3.00	   4.666667	  14.865182	   0.031383
   3.75	   3.00	   4.833333	  14.949868	   0.035504
   3.75	   4.00	   4.375000	  11.032877	   0.030607
   3.75	   4.00	   4.500000	  10.919138	   0.031322
   3.75	   4.00	   4.625000	  11.226577	   0.050496
   3.75	   4.00	   4.750000	  10.097050	   0.032433
   3.75	   4.00	   4.875000	  11.615700	   0.037563
   4.25	   0.50	   1.000000	  53.716109	   0.030573
   4.25	   0.50	   3.000000	  58.297571	   0.030751
   4.25	   0.50	   2.000000	  65.158906	   0.030616
   4.25	   0.50	   4.000000	  44.143975	   0.031068
   4.25	   1.50	   3.333333	  29.354698	   0.030027
   4.25	   1.50	   3.666667	  27.845695	   0.034397
   4.25	   1.50	   4.000000	  26.656228	   0.030235
   4.25	   1.50	   4.333333	  26.008983	   0.031532
   4.25	   1.50	   4.666667	  28.219302	   0.032168
   4.25	   3.50	   4.285714	  12.931059	   0.034299
   4.25	   3.50	   4.428571	  12.607023	   0.037942
   4.25	   3.50	   4.571429	  11.949838	   0.034770
   4.25	   3.50	   4.714286	  11.503385	   0.035499
   4.25	   3.50	   4.857143	  12.459907	   0.050496
   4.75	   0.50	   1.000000	  63.312737	   0.030090
   4.75	   0.50	   3.000000	  49.455443	   0.030477
   4.75	   0.50	   2.000000	  62.270522	   0.030430
   4.75	   0.50	   4.000000	  51.605267	   0.033393
   4.75	   1.00	   2.500000	  46.649973	   0.031177
   4.75	   1.00	   3.000000	  37.591577	   0.030269
   4.75	   1.00	   4.500000	  30.626739	   0.038766
   4.75	   1.00	   3.500000	  31.813276	   0.030019
   4.75	   1.00	   4.000000	  31.484280	   0.030748
   4.75	   2.00	   3.750000	  31.480958	   0.038736
   4.75	   2.00	   4.000000	  29.104659	   0.030879
   4.75	   2.00	   4.250000	  28.798385	   0.030835
   4.75	   2.00	   4.500000	  27.962071	   0.030894
   4.75	   2.00	   4.750000	  26.754025	   0.030269
   4.75	   2.50	   4.000000	  22.563038	   0.030742
   4.75	   2.50	   4.200000	  21.085973	   0.030901
   4.75	   2.50	   4.400000	  19.340805	   0.031202
   4.75	   2.50	   4.600000	  18.486825	   0.030511
   4.75	   2.50	   4.800000	  18.006033	   0.034989
   4.75	   4.00	   4.375000	  11.444601	   0.041688
   4.75	   4.00	   4.500000	  10.780033	   0.033181
   4.75	   4.00	   4.625000	  10.846934	   0.050817
   5.25	   0.50	   1.000000	  54.437500	   0.030031
   5.25	   0.50	   3.000000	  58.382088	   0.037930
   5.25	   0.50	   2.000000	  51.627911	   0.030194
   5.25	   0.50	   4.000000	  46.954218	   0.030349
   5.25	   1.50	   3.333333	  33.264897	   0.030368
   5.25	   1.50	   3.666667	  31.636300	   0.030361
   5.25	   1.50	   4.000000	  33.955577	   0.030309
   5.25	   1.50	   4.333333	  36.213673	   0.030118
   5.25	   1.50	   4.666667	  35.712373	   0.030145
   5.75	   0.50	   1.000000	  57.887087	   0.034191
   5.75	   0.50	   3.000000	  68.844412	   0.030086
   5.75	   0.50	   2.000000	  80.471488	   0.030499
   5.75	   0.50	   4.000000	  77.480300	   0.030271
   5.75	   1.00	   2.500000	  51.382859	   0.030209
   5.75	   1.00	   3.000000	  47.933831	   0.030035
   5.75	   1.00	   4.500000	  40.055222	   0.030000
   5.75	   1.00	   3.500000	  43.945216	   0.030550
   5.75	   1.00	   4.000000	  42.300117	   0.030179
   5.75	   1.50	   3.333333	  32.812856	   0.030147
   5.75	   1.50	   3.666667	  35.013873	   0.030146
   5.75	   1.50	   4.000000	  37.399045	   0.030502
   5.75	   1.50	   4.333333	  36.998450	   0.030414
   5.75	   1.50	   4.666667	  33.499197	   0.030000
   5.75	   2.00	   3.750000	  31.907498	   0.030358
   5.75	   2.00	   4.000000	  31.047573	   0.030650
   5.75	   2.00	   4.250000	  28.913524	   0.043543
   5.75	   2.00	   4.500000	  26.883450	   0.032990
   5.75	   2.00	   4.750000	  25.501942	   0.031715
   5.75	   2.50	   4.000000	  21.033315	   0.031891
   5.75	   2.50	   4.200000	  19.989647	   0.030950
   5.75	   2.50	   4.400000	  18.853174	   0.032102
   5.75	   2.50	   4.600000	  18.526451	   0.033343
   5.75	   2.50	   4.800000	  17.813604	   0.032596
   5.75	   3.00	   4.166667	  17.485830	   0.030954
   5.75	   3.00	   4.333333	  16.548330	   0.032047
   5.75	   3.00	   4.500000	  14.665366	   0.031144
   5.75	   3.00	   4.666667	  14.141128	   0.031298
   5.75	   3.00	   4.833333	  14.005877	   0.036047
   6.25	   0.50	   1.000000	  65.596019	   0.030268
   6.25	   0.50	   3.000000	  88.498644	   0.030285
   6.25	   0.50	   2.000000	  71.296235	   0.030282
   6.25	   0.50	   4.000000	  80.648107	   0.031461
   6.75	   0.50	   1.000000	  49.874481	   0.030382
   6.75	   0.50	   3.000000	  73.841525	   0.030091
   6.75	   0.50	   2.000000	  74.759080	   0.030179
   6.75	   0.50	   4.000000	  52.160685	   0.030355
   6.75	   1.00	   2.500000	  47.943345	   0.030275
   6.75	   1.00	   3.000000	  45.582649	   0.030225
   6.75	   1.00	   4.500000	  34.168114	   0.030144
   6.75	   1.00	   3.500000	  42.309017	   0.031599
   6.75	   1.00	   4.000000	  37.807310	   0.030142
   6.75	   1.50	   3.333333	  38.895561	   0.030182
   6.75	   1.50	   3.666667	  38.791229	   0.030032
   6.75	   1.50	   4.000000	  35.223058	   0.030213
   6.75	   1.50	   4.333333	  32.567563	   0.030019
   6.75	   1.50	   4.666667	  33.220716	   0.032680
   6.75	   2.00	   3.750000	  33.266356	   0.030533
   6.75	   2.00	   4.000000	  30.536856	   0.030066
   6.75	   2.00	   4.250000	  28.563723	   0.030624
   6.75	   2.00	   4.500000	  27.045116	   0.030198
   6.75	   2.00	   4.750000	  24.505298	   0.032478
   6.75	   3.00	   4.166667	  16.280021	   0.030478
   6.75	   3.00	   4.333333	  15.653532	   0.030079
   6.75	   3.00	   4.500000	  15.371714	   0.030873
   6.75	   3.00	   4.666667	  14.358604	   0.030818
   6.75	   3.00	   4.833333	  13.718971	   0.030941
   6.75	   3.50	   4.285714	  13.633136	   0.031633
   6.75	   3.50	   4.428571	  13.232439	   0.030344
   6.75	   3.50	   4.571429	  12.453074	   0.031308
   6.75	   3.50	   4.714286	  12.019037	   0.030731
   6.75	   3.50	   4.857143	  12.230815	   0.048698
   7.25	   0.50	   1.000000	  66.549385	   0.030236
   7.25	   0.50	   3.000000	  57.904743	   0.032675
   7.25	   0.50	   2.000000	  79.348119	   0.030422
   7.25	   0.50	   4.000000	  58.690882	   0.030353
   7.25	   1.50	   3.333333	  45.448419	   0.031418
   7.25	   1.50	   3.666667	  40.999581	   0.030308
   7.25	   1.50	   4.000000	  37.071911	   0.031701
   7.25	   1.50	   4.333333	  39.063587	   0.030000
   7.25	   1.50	   4.666667	  37.627138	   0.030434
   7.25	   2.50	   4.000000	  22.993503	   0.030109
   7.25	   2.50	   4.200000	  21.858033	   0.030695
   7.25	   2.50	   4.400000	  20.642647	   0.032355
   7.25	   2.50	   4.600000	  20.232061	   0.030117
   7.25	   2.50	   4.800000	  19.649143	   0.030471
   7.75	   0.50	   1.000000	  56.304248	   0.030612
   7.75	   0.50	   3.000000	  52.845640	   0.030573
   7.75	   0.50	   2.000000	  50.318573	   0.030718
   7.75	   0.50	   4.000000	  46.586630	   0.030867
   7.75	   1.00	   2.500000	  51.138739	   0.030172
   7.75	   1.00	   3.000000	  45.409515	   0.030304
   7.75	   1.00	   4.500000	  45.522474	   0.030393
   7.75	   1.00	   3.500000	  40.779672	   0.030273
   7.75	   1.00	   4.000000	  40.662419	   0.030422
   7.75	   2.00	   3.750000	  32.072048	   0.030303
   7.75	   2.00	   4.000000	  30.282688	   0.030511
   7.75	   2.00	   4.250000	  27.152999	   0.030400
   7.75	   2.00	   4.500000	  25.993018	   0.030756
   7.75	   2.00	   4.750000	  24.304441	   0.030889
   7.75	   3.50	   4.285714	  13.520018	   0.030720
   7.75	   3.50	   4.428571	  13.017889	   0.031282
   7.75	   3.50	   4.571429	  12.170939	   0.030669
   7.75	   3.50	   4.714286	  12.236229	   0.041498
   8.25	   0.50	   1.000000	  52.722404	   0.030850
   8.25	   0.50	   3.000000	  60.840217	   0.030277
   8.25	   0.50	   2.000000	  65.672796	   0.030183
   8.25	   0.50	   4.000000	  62.780533	   0.030322
   8.25	   1.50	   3.333333	  41.085972	   0.030769
   8.25	   1.50	   3.666667	  42.348544	   0.032698
   8.25	   1.50	   4.000000	  41.399470	   0.030290
   8.25	   1.50	   4.333333	  38.646870	   0.031681
   8.25	   1.50	   4.666667	  36.795886	   0.030181
   8.25	   2.50	   4.000000	  24.228058	   0.030691
   8.25	   2.50	   4.200000	  23.677410	   0.030321
   8.25	   2.50	   4.400000	  23.076688	   0.030229
   8.25	   2.50	   4.600000	  20.129450	   0.030527
   8.25	   2.50	   4.800000	  19.424955	   0.033332
   8.75	   0.50	   1.000000	  43.039657	   0.030163
   8.75	   0.50	   3.000000	  54.995464	   0.032204
   8.75	   0.50	   2.000000	  48.499614	   0.030248
   8.75	   0.50	   4.000000	  52.695650	   0.030383
   8.75	   1.00	   2.500000	  40.086835	   0.030329
   8.75	   1.00	   3.000000	  39.739868	   0.030318
   8.75	   1.00	   4.500000	  43.129094	   0.030601
   8.75	   1.00	   3.500000	  44.686464	   0.030216
   8.75	   1.00	   4.000000	  48.933365	   0.030076
   8.75	   1.50	   3.333333	  43.908262	   0.032348
   8.75	   1.50	   3.666667	  42.998231	   0.030493
   8.75	   1.50	   4.000000	  40.145789	   0.030337
   8.75	   1.50	   4.333333	  38.411134	   0.030670
   8.75	   1.50	   4.666667	  36.128261	   0.031437
   8.75	   2.00	   3.750000	  30.762516	   0.030223
   8.75	   2.00	   4.000000	  29.576822	   0.030319
   8.75	   2.00	   4.250000	  27.896465	   0.030056
   8.75	   2.00	   4.500000	  26.439495	   0.030236
   8.75	   2.00	   4.750000	  26.698717	   0.031889
   8.75	   3.00	   4.166667	  17.192632	   0.030259
   8.75	   3.00	   4.333333	  16.816117	   0.031172
   8.75	   3.00	   4.500000	  16.895331	   0.052246
   8.75	   3.00	   4.666667	  15.858617	   0.030463
   8.75	   3.00	   4.833333	  15.407163	   0.038368
   9.25	   0.50	   1.000000	  34.514819	   0.030465
   9.25	   0.50	   3.000000	  48.748361	   0.030829
   9.25	   0.50	   2.000000	  48.125792	   0.030000
   9.25	   0.50	   4.000000	  45.315307	   0.031040
   9.75	   0.50	   1.000000	  50.533875	   0.030318
   9.75	   0.50	   3.000000	  56.231073	   0.030539
   9.75	   0.50	   2.000000	  58.660995	   0.030228
   9.75	   0.50	   4.000000	  50.669705	   0.030053
   9.75	   1.00	   2.500000	  51.216371	   0.030600
   9.75	   1.00	   3.000000	  56.770936	   0.030119
   9.75	   1.00	   4.500000	  46.625254	   0.033520
   9.75	   1.00	   3.500000	  50.118359	   0.030101
   9.75	   1.00	   4.000000	  44.747202	   0.030248
   9.75	   1.50	   3.333333	  43.859795	   0.031133
   9.75	   1.50	   3.666667	  41.960398	   0.030311
   9.75	   1.50	   4.000000	  39.716923	   0.030517
   9.75	   1.50	   4.333333	  38.088297	   0.030080
   9.75	   1.50	   4.666667	  34.131157	   0.030261
   9.75	   2.00	   3.750000	  30.303228	   0.030415
   9.75	   2.00	   4.000000	  28.888570	   0.030000
   9.75	   2.00	   4.250000	  28.985348	   0.030000
   9.75	   2.00	   4.500000	  27.532642	   0.030259
   9.75	   2.00	   4.750000	  26.785317	   0.032690
   9.75	   2.50	   4.000000	  22.519221	   0.031562
   9.75	   2.50	   4.200000	  21.508928	   0.031236
   9.75	   2.50	   4.400000	  20.811543	   0.032945
   9.75	   2.50	   4.600000	  19.729014	   0.032691
   9.75	   2.50	   4.800000	  18.630023	   0.034113
   9.75	   3.00	   4.166667	  17.243755	   0.037728
   9.75	   3.00	   4.333333	  16.480840	   0.031420
   9.75	   3.00	   4.500000	  15.604451	   0.054086
   9.75	   3.00	   4.666667	  14.758261	   0.031691
   9.75	   3.00	   4.833333	  14.711446	   0.038773
  10.25	   0.50	   1.000000	  49.325101	   0.030305
  10.25	   0.50	   3.000000	  53.359876	   0.030694
  10.25	   0.50	   2.000000	  56.212686	   0.030214
  10.25	   0.50	   4.000000	  49.814936	   0.030270
  10.25	   1.50	   3.333333	  41.761297	   0.030193
  10.25	   1.50	   3.666667	  39.435333	   0.030124
  10.25	   1.50	   4.000000	  37.954409	   0.030211
  10.25	   1.50	   4.333333	  33.951645	   0.030199
  10.25	   1.50	   4.666667	  32.394707	   0.030069
  10.75	   0.50	   1.000000	  45.675586	   0.030527
  10.75	   0.50	   3.000000	  50.891039	   0.030000
  10.75	   0.50	   2.000000	  51.344460	   0.030287
  10.75	   0.50	   4.000000	  49.623876	   0.030003
  10.75	   1.00	   2.500000	  52.213185	   0.030000
  10.75	   1.00	   3.000000	  45.434347	   0.030296
  10.75	   1.00	   4.500000	  44.816294	   0.030170
  10.75	   1.00	   3.500000	  48.139353	   0.030161
  10.75	   1.00	   4.000000	  48.510281	   0.032221
  10.75	   2.00	   3.750000	  28.278892	   0.030748
  10.75	   2.00	   4.000000	  26.945656	   0.030600
  10.75	   2.00	   4.250000	  25.831644	   0.030240
  10.75	   2.00	   4.500000	  25.742307	   0.030451
  10.75	   2.00	   4.750000	  23.094203	   0.032852
  10.75	   2.50	   4.000000	  20.378734	   0.031274
  10.75	   2.50	   4.200000	  19.285394	   0.031083
  10.75	   2.50	   4.400000	  17.912663	   0.030059
  10.75	   2.50	   4.600000	  17.799409	   0.030530
  10.75	   2.50	   4.800000	  17.840693	   0.031555
  11.25	   0.50	   1.000000	  44.582746	   0.030398
  11.25	   0.50	   3.000000	  50.719624	   0.030664
  11.25	   0.50	   2.000000	  50.820162	   0.030026
  11.25	   0.50	   4.000000	  62.237720	   0.030974
  11.25	   1.50	   3.333333	  35.973719	   0.030152
  11.25	   1.50	   3.666667	  32.344150	   0.030303
  11.25	   1.50	   4.000000	  31.044472	   0.030064
  11.25	   1.50	   4.333333	  29.742195	   0.030144
  11.25	   1.50	   4.666667	  28.254178	   0.030210
  11.75	   0.50	   1.000000	  45.963998	   0.030429
  11.75	   0.50	   3.000000	  64.578003	   0.030469
  11.75	   0.50	   2.000000	  51.565915	   0.030130
  11.75	   0.50	   4.000000	  62.185347	   0.030217
  11.75	   1.00	   2.500000	  46.716733	   0.030752
  11.75	   1.00	   3.000000	  46.343795	   0.031017
  11.75	   1.00	   4.500000	  38.222773	   0.030304
  11.75	   1.00	   3.500000	  42.472470	   0.030017
  11.75	   1.00	   4.000000	  38.801612	   0.030035
  11.75	   1.50	   3.333333	  32.178127	   0.030231
  11.75	   1.50	   3.666667	  30.753365	   0.030332
  11.75	   1.50	   4.000000	  29.501342	   0.030187
  11.75	   1.50	   4.333333	  27.981975	   0.030153
  11.75	   1.50	   4.666667	  26.673107	   0.033338
  11.75	   2.00	   3.750000	  27.101157	   0.030295
  11.75	   2.00	   4.000000	  26.941373	   0.030325
  11.75	   2.00	   4.250000	  23.686227	   0.030295
  11.75	   2.00	   4.500000	  22.610011	   0.030434
  11.75	   2.00	   4.750000	  22.096467	   0.031910
  11.75	   3.00	   4.166667	  16.229713	   0.030342
  11.75	   3.00	   4.333333	  15.327835	   0.030241
  11.75	   3.00	   4.500000	  14.687662	   0.030639
  12.25	   0.50	   1.000000	  33.249732	   0.030352
  12.25	   0.50	   3.000000	  49.674474	   0.044708
  12.25	   0.50	   2.000000	  48.824227	   0.030219
  12.25	   0.50	   4.000000	  42.372693	   0.030795
  12.25	   2.50	   4.000000	  21.573618	   0.030427
  12.25	   2.50	   4.200000	  21.313563	   0.031292
  12.25	   2.50	   4.400000	  20.437879	   0.031448
  12.25	   2.50	   4.600000	  18.873080	   0.030688
  12.25	   2.50	   4.800000	  18.235825	   0.035216
  12.75	   0.50	   1.000000	  46.179305	   0.030283
  12.75	   0.50	   3.000000	  49.534005	   0.030544
  12.75	   0.50	   2.000000	  55.660942	   0.030000
  12.75	   0.50	   4.000000	  52.580725	   0.030173
  12.75	   1.00	   2.500000	  51.570379	   0.030426
  12.75	   1.00	   3.000000	  45.830869	   0.030217
  12.75	   1.00	   4.500000	  36.456823	   0.030368
  12.75	   1.00	   3.500000	  44.068669	   0.030027
  12.75	   1.00	   4.000000	  41.900896	   0.030072
  12.75	   1.50	   3.333333	  37.335769	   0.030475
  12.75	   1.50	   3.666667	  35.445820	   0.030495
  12.75	   1.50	   4.000000	  33.786235	   0.032371
  12.75	   1.50	   4.333333	  34.682688	   0.030424
  12.75	   1.50	   4.666667	  33.557934	   0.030332
  12.75	   2.00	   3.750000	  28.552196	   0.030100
  12.75	   2.00	   4.000000	  27.403542	   0.030491
  12.75	   2.00	   4.250000	  26.433655	   0.030176
  12.75	   2.00	   4.500000	  24.140794	   0.030481
  12.75	   2.00	   4.750000	  23.216467	   0.030975
  12.75	   3.00	   4.166667	  15.422433	   0.031730
  13.25	   0.50	   1.000000	  50.947214	   0.030322
  13.25	   0.50	   3.000000	  61.835376	   0.030926
  13.25	   0.50	   2.000000	  54.446726	   0.031205
  13.25	   0.50	   4.000000	  63.494760	   0.030318
  13.25	   1.50	   3.333333	  37.606036	   0.030326
  13.25	   1.50	   3.666667	  36.104182	   0.034521
  13.25	   1.50	   4.000000	  37.063775	   0.030149
  13.25	   1.50	   4.333333	  35.931572	   0.030171
  13.25	   1.50	   4.666667	  34.540752	   0.031009
  13.25	   2.50	   4.000000	  21.668356	   0.030502
  13.25	   2.50	   4.200000	  20.173600	   0.030424
  13.25	   2.50	   4.400000	  19.006750	   0.030056
  13.25	   2.50	   4.600000	  17.934556	   0.030132
  13.25	   2.50	   4.800000	  17.384844	   0.033723
  13.75	   0.50	   1.000000	  46.618903	   0.031299
  13.75	   0.50	   3.000000	  74.020080	   0.035868
  13.75	   0.50	   2.000000	  67.290172	   0.030358
  13.75	   0.50	   4.000000	  71.565524	   0.032070
  13.75	   1.00	   2.500000	  53.682011	   0.030082
  13.75	   1.00	   3.000000	  51.482663	   0.030268
  13.75	   1.00	   4.500000	  41.470674	   0.030194
  13.75	   1.00	   3.500000	  45.123056	   0.030279
  13.75	   1.00	   4.000000	  43.860943	   0.030330
  13.75	   2.00	   3.750000	  27.036469	   0.030846
  13.75	   2.00	   4.000000	  24.743339	   0.031333
  13.75	   2.00	   4.250000	  23.714189	   0.030589
  13.75	   2.00	   4.500000	  23.398768	   0.031069
  13.75	   2.00	   4.750000	  23.400581	   0.030396
  14.25	   0.50	   1.000000	  45.164775	   0.030467
  14.25	   0.50	   3.000000	  59.440332	   0.030170
  14.25	   0.50	   2.000000	  59.853447	   0.030492
  14.25	   0.50	   4.000000	  55.443041	   0.030486
  14.25	   1.50	   3.333333	  34.360787	   0.030441
  14.25	   1.50	   3.666667	  33.386886	   0.030257
  14.25	   1.50	   4.000000	  32.242246	   0.030016
  14.25	   1.50	   4.333333	  28.079041	   0.030153
  14.25	   1.50	   4.666667	  28.095795	   0.030158
  14.75	   0.50	   1.000000	  41.225903	   0.030089
  14.75	   0.50	   3.000000	  46.648531	   0.030289
  14.75	   0.50	   2.000000	  47.707487	   0.030898
  14.75	   0.50	   4.000000	  42.252401	   0.030072
  14.75	   1.00	   2.500000	  40.324481	   0.030316
  14.75	   1.00	   3.000000	  38.962253	   0.030371
  14.75	   1.00	   4.500000	  33.129545	   0.030473
  14.75	   1.00	   3.500000	  36.595462	   0.030311
  14.75	   1.00	   4.000000	  34.840583	   0.030232
  14.75	   1.50	   3.333333	  36.389721	   0.031063
  14.75	   1.50	   3.666667	  34.765085	   0.030481
  14.75	   1.50	   4.000000	  30.146406	   0.030066
  14.75	   1.50	   4.333333	  30.104032	   0.030244
  14.75	   1.50	   4.666667	  29.154660	   0.030789
  14.75	   2.00	   3.750000	  25.729766	   0.030533
  14.75	   2.00	   4.000000	  25.426358	   0.030371
  14.75	   2.00	   4.250000	  25.439625	   0.030579
  14.75	   2.00	   4.500000	  24.735678	   0.030686
  14.75	   2.00	   4.750000	  23.147115	   0.040660
  14.75	   2.50	   4.000000	  20.330774	   0.031236
  14.75	   2.50	   4.200000	  19.416980	   0.030489
  14.75	   2.50	   4.400000	  18.544155	   0.030912
  14.75	   2.50	   4.600000	  17.599777	   0.038051
  15.25	   0.50	   1.000000	  41.660297	   0.030554
  15.25	   0.50	   3.000000	  48.015084	   0.030140
  15.25	   0.50	   2.000000	  49.877555	   0.030402
  15.25	   0.50	   4.000000	  52.109397	   0.030191
  15.75	   0.50	   1.000000	  43.957655	   0.030556
  15.75	   0.50	   3.000000	  57.088146	   0.030059
  15.75	   0.50	   2.000000	  49.793326	   0.030108
  15.75	   0.50	   4.000000	  48.879465	   0.030196
  15.75	   1.00	   2.500000	  44.431202	   0.030593
  15.75	   1.00	   3.000000	  42.418395	   0.030321
  15.75	   1.00	   4.500000	  42.600957	   0.030231
  15.75	   1.00	   3.500000	  40.532762	   0.031192
  15.75	   1.00	   4.000000	  39.603624	   0.030323
  15.75	   1.50	   3.333333	  34.608701	   0.030186
  15.75	   1.50	   3.666667	  34.658361	   0.030294
  15.75	   1.50	   4.000000	  33.635344	   0.030089
  15.75	   1.50	   4.333333	  30.672141	   0.030220
  15.75	   1.50	   4.666667	  28.231629	   0.030604
  15.75	   2.00	   3.750000	  29.507967	   0.030174
  15.75	   2.00	   4.000000	  28.653439	   0.030799
  15.75	   2.00	   4.250000	  26.131652	   0.035937
  15.75	   2.00	   4.500000	  24.741992	   0.031336
  15.75	   2.00	   4.750000	  23.099297	   0.030847
  15.75	   2.50	   4.000000	  21.800396	   0.030307
  15.75	   2.50	   4.200000	  20.470710	   0.044847
  16.25	   0.50	   1.000000	  37.901238	   0.030327
  16.25	   0.50	   3.000000	  46.072389	   0.030585
  16.25	   0.50	   2.000000	  50.484193	   0.030212
  16.25	   0.50	   4.000000	  46.694873	   0.030303
  16.25	   1.50	   3.333333	  35.897769	   0.030252
  16.25	   1.50	   3.666667	  34.991806	   0.030618
  16.25	   1.50	   4.000000	  31.850184	   0.030330
  16.25	   1.50	   4.333333	  29.343524	   0.030188
  16.25	   1.50	   4.666667	  30.371906	   0.030049
  16.75	   0.50	   1.000000	  43.805521	   0.030336
  16.75	   0.50	   3.000000	  50.955321	   0.030595
  16.75	   0.50	   2.000000	  48.033043	   0.030167
  16.75	   0.50	   4.000000	  49.651604	   0.030474
  16.75	   1.00	   2.500000	  44.884582	   0.030587
  16.75	   1.00	   3.000000	  44.174012	   0.030423
  16.75	   1.00	   4.500000	  36.310084	   0.030370
  16.75	   1.00	   3.500000	  47.130786	   0.030323
  16.75	   1.00	   4.000000	  46.148572	   0.032335
  16.75	   2.00	   3.750000	  29.515480	   0.032322
  16.75	   2.00	   4.000000	  27.531101	   0.030685
  16.75	   2.00	   4.250000	  25.438528	   0.030030
  16.75	   2.00	   4.500000	  24.358034	   0.030037
  16.75	   2.00	   4.750000	  23.763728	   0.031386
  17.25	   0.50	   1.000000	  40.875266	   0.030745
  17.25	   0.50	   3.000000	  52.914680	   0.030509
  17.25	   0.50	   2.000000	  51.589576	   0.030311
  17.25	   0.50	   4.000000	  50.238706	   0.030134
  17.25	   1.50	   3.333333	  35.346974	   0.030265
  17.25	   1.50	   3.666667	  32.569714	   0.030426
  17.25	   1.50	   4.000000	  33.620484	   0.030387
  17.25	   1.50	   4.333333	  33.594575	   0.030201
  17.25	   1.50	   4.666667	  33.746738	   0.030066
  17.75	   0.50	   1.000000	  41.030235	   0.030489
  17.75	   0.50	   3.000000	  52.609942	   0.030128
  17.75	   0.50	   2.000000	  51.466546	   0.030364
  17.75	   0.50	   4.000000	  50.243475	   0.030000
  17.75	   1.00	   2.500000	  52.130286	   0.030346
  17.75	   1.00	   3.000000	  51.543367	   0.030653
  17.75	   1.00	   4.500000	  41.307802	   0.030141
  17.75	   1.00	   3.500000	  40.182806	   0.030138
  17.75	   1.00	   4.000000	  40.120500	   0.033021
  17.75	   1.50	   3.333333	  33.296142	   0.030397
  17.75	   1.50	   3.666667	  34.525676	   0.030484
  17.75	   1.50	   4.000000	  34.454502	   0.030566
  17.75	   1.50	   4.333333	  34.605987	   0.030230
  17.75	   1.50	   4.666667	  31.714494	   0.030561
  17.75	   2.00	   3.750000	  27.168676	   0.030063
  17.75	   2.00	   4.000000	  26.036553	   0.030672
  17.75	   2.00	   4.250000	  25.297620	   0.030858
  17.75	   2.00	   4.500000	  23.498547	   0.030000
  17.75	   2.00	   4.750000	  21.867229	   0.030094
  18.25	   0.50	   1.000000	  39.825717	   0.031185
  18.25	   0.50	   3.000000	  45.229600	   0.030447
  18.25	   0.50	   2.000000	  46.589799	   0.030029
  18.25	   0.50	   4.000000	  47.471181	   0.030383
  18.75	   0.50	   1.000000	  33.334199	   0.030442
  18.75	   0.50	   3.000000	  44.610604	   0.030302
  18.75	   0.50	   2.000000	  38.596594	   0.030798
  18.75	   0.50	   4.000000	  47.562569	   0.030375
  18.75	   1.00	   2.500000	  40.499843	   0.030651
  18.75	   1.00	   3.000000	  40.196683	   0.031005
  18.75	   1.00	   4.500000	  33.565340	   0.030386
  18.75	   1.00	   3.500000	  41.349522	   0.030287
  18.75	   1.00	   4.000000	  37.286120	   0.030144
  18.75	   1.50	   3.333333	  36.380609	   0.031417
  18.75	   1.50	   3.666667	  36.259819	   0.030101
  18.75	   1.50	   4.000000	  33.538743	   0.030492
  18.75	   1.50	   4.333333	  31.455183	   0.030195
  18.75	   1.50	   4.666667	  29.405345	   0.030277
  18.75	   2.00	   3.750000	  28.047224	   0.030163
  18.75	   2.00	   4.000000	  26.047499	   0.030129
  18.75	   2.00	   4.250000	  24.037673	   0.030516
  19.25	   0.50	   1.000000	  28.036547	   0.031062
  19.25	   0.50	   3.000000	  46.155715	   0.030073
  19.25	   0.50	   2.000000	  39.384937	   0.030340
  19.25	   0.50	   4.000000	  56.030929	   0.030015
  19.25	   1.50	   3.333333	  38.613207	   0.030635
  19.25	   1.50	   3.666667	  35.797727	   0.030376
  19.25	   1.50	   4.000000	  33.653745	   0.030238
  19.25	   1.50	   4.333333	  31.504583	   0.030350
  19.25	   1.50	   4.666667	  29.745188	   0.030025
  19.75	   0.50	   1.000000	  32.935059	   0.030417
  19.75	   0.50	   3.000000	  59.459382	   0.030283
  19.75	   0.50	   2.000000	  46.346579	   0.030347
  19.75	   0.50	   4.000000	  47.015167	   0.031146
  19.75	   1.00	   2.500000	  46.378252	   0.030284
  19.75	   1.00	   3.000000	  41.860199	   0.030273
  19.75	   1.00	   4.500000	  39.825534	   0.030404
  19.75	   1.00	   3.500000	  37.742344	   0.030224
  19.75	   1.00	   4.000000	  37.996983	   0.030168
  19.75	   2.00	   3.750000	  27.601682	   0.033149
  20.25	   0.50	   1.000000	  39.598586	   0.030634
  20.25	   0.50	   3.000000	  48.681697	   0.030138
  20.25	   0.50	   2.000000	  59.743665	   0.030134
  20.25	   0.50	   4.000000	  44.902725	   0.030131
  20.25	   1.50	   3.333333	  37.748353	   0.030120
  20.25	   1.50	   3.666667	  35.399092	   0.030196
  20.25	   1.50	   4.000000	  33.284681	   0.030135
  20.25	   1.50	   4.333333	  33.252238	   0.030534
  20.25	   1.50	   4.666667	  32.234376	   0.030000
  20.75	   0.50	   1.000000	  48.483997	   0.030718
  20.75	   0.50	   3.000000	  44.401098	   0.030000
  20.75	   0.50	   2.000000	  47.308111	   0.030339
  20.75	   0.50	   4.000000	  48.529330	   0.030555
  20.75	   1.00	   2.500000	  39.723510	   0.030221
  20.75	   1.00	   3.000000	  40.820324	   0.030243
  20.75	   1.00	   4.500000	  41.272383	   0.030119
  20.75	   1.00	   3.500000	  42.910672	   0.030214
  20.75	   1.00	   4.000000	  43.770033	   0.030146
  20.75	   1.50	   3.333333	  38.740929	   0.030549
  20.75	   1.50	   3.666667	  36.721333	   0.030211
  20.75	   1.50	   4.000000	  36.674543	   0.030587
  20.75	   1.50	   4.333333	  35.392717	   0.031384
  20.75	   1.50	   4.666667	  32.307125	   0.030046
  21.25	   0.50	   1.000000	  43.454412	   0.030339
  21.25	   0.50	   3.000000	  53.359876	   0.030189
  21.25	   0.50	   2.000000	  45.591358	   0.030294
  21.25	   0.50	   4.000000	  51.546086	   0.030114
  21.75	   0.50	   1.000000	  50.095697	   0.030361
  21.75	   0.50	   3.000000	  62.506747	   0.030162
  21.75	   0.50	   2.000000	  65.099283	   0.030226
  21.75	   0.50	   4.000000	  48.775938	   0.030252
  21.75	   1.00	   2.500000	  46.309937	   0.031043
  21.75	   1.00	   3.000000	  46.343795	   0.030145
  21.75	   1.00	   4.500000	  38.832190	   0.030219
  21.75	   1.00	   3.500000	  44.491481	   0.030380
  21.75	   1.00	   4.000000	  42.868068	   0.030353
  21.75	   1.50	   3.333333	  37.488922	   0.030581
  21.75	   1.50	   3.666667	  36.502388	   0.031118
  21.75	   1.50	   4.000000	  33.300605	   0.030376
  21.75	   1.50	   4.333333	  30.648290	   0.033995
  22.25	   0.50	   1.000000	  58.295217	   0.030253
  22.25	   0.50	   3.000000	  47.200868	   0.030000
  22.25	   0.50	   2.000000	  64.157624	   0.030292
  22.25	   0.50	   4.000000	  45.434347	   0.030296
  22.25	   1.50	   3.333333	  38.558705	   0.031671
  22.25	   1.50	   3.666667	  35.416689	   0.030415
  22.25	   1.50	   4.000000	  31.676366	   0.033161
  22.75	   0.50	   1.000000	  56.766797	   0.030601
  22.75	   0.50	   3.000000	  53.533679	   0.030377
  22.75	   0.50	   2.000000	  49.848217	   0.030000
  22.75	   0.50	   4.000000	  49.368280	   0.030215
  22.75	   1.00	   2.500000	  53.275211	   0.030495
  22.75	   1.00	   3.000000	  52.476620	   0.030898
  22.75	   1.00	   4.500000	  41.961494	   0.030384
  22.75	   1.00	   3.500000	  46.209941	   0.030418
  22.75	   1.00	   4.000000	  42.810001	   0.030212
  23.25	   0.50	   1.000000	  49.664620	   0.030094
  23.25	   0.50	   3.000000	  59.247486	   0.030568
  23.25	   0.50	   2.000000	  63.651307	   0.030147
  23.25	   0.50	   4.000000	  63.247159	   0.030106
  23.25	   1.50	   3.333333	  38.868559	   0.031658
  23.75	   0.50	   1.000000	  63.458242	   0.030327
  23.75	   0.50	   3.000000	  68.082479	   0.030544
  23.75	   0.50	   2.000000	  62.397341	   0.030257
  23.75	   0.50	   4.000000	  64.118517	   0.030630
  23.75	   1.00	   2.500000	  54.685038	   0.030321
  23.75	   1.00	   3.000000	  50.393522	   0.030357
  23.75	   1.00	   4.500000	  46.835876	   0.030334
  23.75	   1.00	   3.500000	  49.312224	   0.030284
  23.75	   1.00	   4.000000	  48.212509	   0.030028
  24.25	   0.50	   1.000000	  50.347200	   0.030259
  24.25	   0.50	   3.000000	  64.323262	   0.030000
  24.25	   0.50	   2.000000	  66.475332	   0.030302
  24.25	   0.50	   4.000000	  64.628000	   0.030313
  24.75	   0.50	   1.000000	  65.352678	   0.030200
  24.75	   0.50	   3.000000	  81.171870	   0.030041
  24.75	   0.50	   2.000000	  77.545246	   0.030414
  24.75	   0.50	   4.000000	  74.027226	   0.030637
  24.75	   1.00	   2.500000	  76.319939	   0.030288
  24.75	   1.00	   3.000000	  73.541550	   0.030092
  24.75	   1.00	   4.500000	  53.914532	   0.030249
  24.75	   1.00	   3.500000	  71.539668	   0.030095
  24.75	   1.00	   4.000000	  63.320772	   0.030064
  25.25	   0.50	   1.000000	  92.590002	   0.030506
  25.25	   0.50	   3.000000	 104.943723	   0.030064
  25.25	   0.50	   2.000000	 112.574898	   0.030238
  25.25	   0.50	   4.000000	  89.835443	   0.030075
  25.75	   0.50	   1.000000	  99.238982	   0.030228
  25.75	   0.50	   3.000000	 104.771116	   0.030080
  25.75	   0.50	   2.000000	 112.698414	   0.030030
  25.75	   0.50	   4.000000	 106.538831	   0.030316
  25.75	   1.00	   2.500000	  95.922951	   0.030693
  25.75	   1.00	   3.000000	  88.690007	   0.030607
  25.75	   1.00	   3.500000	  77.165435	   0.030055
  26.25	   0.50	   1.000000	  66.966746	   0.030145
  26.25	   0.50	   3.000000	  84.585875	   0.030517
  26.25	   0.50	   2.000000	  76.224093	   0.030035
  26.25	   0.50	   4.000000	  86.326209	   0.030780
  26.75	   0.50	   1.000000	  57.723835	   0.030168
  26.75	   0.50	   3.000000	  79.583908	   0.030677
  26.75	   0.50	   2.000000	  73.126558	   0.030567
  26.75	   0.50	   4.000000	  88.468887	   0.030609
  26.75	   1.00	   2.500000	  78.080666	   0.030337
  27.25	   0.50	   1.000000	  49.788594	   0.030605
  27.25	   0.50	   3.000000	  75.446154	   0.030625
  27.25	   0.50	   2.000000	  63.303034	   0.030317
  27.25	   0.50	   4.000000	  84.354946	   0.030319
  27.75	   0.50	   1.000000	  53.395047	   0.030445
  27.75	   0.50	   3.000000	  85.304866	   0.030592
  27.75	   0.50	   2.000000	  71.495929	   0.030374
  27.75	   0.50	   4.000000	  83.374073	   0.030646
  28.25	   0.50	   1.000000	  55.740200	   0.030318
  28.25	   0.50	   3.000000	  86.380969	   0.030429
  28.25	   0.50	   2.000000	  78.997958	   0.030254
  28.25	   0.50	   4.000000	  95.334988	   0.030141
  28.75	   0.50	   1.000000	  59.840908	   0.030296
  28.75	   0.50	   3.000000	 100.503612	   0.030235
  28.75	   0.50	   2.000000	  81.184115	   0.030577
  29.25	   0.50	   1.000000	  52.706787	   0.030698
  29.25	   0.50	   2.000000	  82.064254	   0.030375
  29.75	   0.50	   1.000000	  60.131684	   0.030423
