LR03.AMP
0.50
3
789
0
0
Error estimate for data present
Type of error estimate (0=same unit as data)
1
  -0.25	   0.50	   4.000000	  46.045332	   0.030409
  -0.25	   0.50	   1.000000	  54.484225	   0.030230
  -0.25	   0.50	   2.000000	  68.407383	   0.030636
  -0.25	   0.50	   3.000000	  61.301400	   0.030260
  -0.25	   1.00	   3.500000	  20.554311	   0.030412
  -0.25	   1.00	   2.500000	  29.337700	   0.031123
  -0.25	   1.00	   4.500000	  15.881572	   0.030636
  -0.25	   1.00	   4.000000	  18.386868	   0.030137
  -0.25	   1.00	   3.000000	  22.561261	   0.030186
  -0.25	   1.50	   3.666667	  22.668798	   0.030582
  -0.25	   1.50	   4.333333	  18.614077	   0.030000
  -0.25	   1.50	   4.000000	  20.083272	   0.030751
  -0.25	   1.50	   4.666667	  18.437395	   0.031401
  -0.25	   1.50	   3.333333	  25.164429	   0.030256
  -0.25	   2.00	   4.250000	  12.648644	   0.032308
  -0.25	   2.00	   4.750000	  12.331611	   0.031252
  -0.25	   2.00	   4.500000	  11.800642	   0.030190
  -0.25	   2.00	   3.750000	  14.983913	   0.033812
  -0.25	   2.00	   4.000000	  13.577139	   0.031110
  -0.25	   2.50	   4.200000	  11.445233	   0.031238
  -0.25	   2.50	   4.600000	   9.775340	   0.030303
  -0.25	   2.50	   4.800000	   9.910978	   0.030000
  -0.25	   2.50	   4.000000	  12.184763	   0.052421
  -0.25	   2.50	   4.400000	  10.585210	   0.031253
  -0.25	   3.00	   4.666667	   7.466297	   0.037415
  -0.25	   3.00	   4.500000	   8.011038	   0.031682
  -0.25	   3.00	   4.333333	   8.861775	   0.032075
  -0.25	   3.00	   4.833333	   7.098478	   0.035114
  -0.25	   3.00	   4.166667	   9.523076	   0.030584
  -0.25	   3.50	   4.285714	   7.151003	   0.039726
  -0.25	   3.50	   4.571429	   7.353370	   0.032224
  -0.25	   3.50	   4.714286	   7.165757	   0.031233
  -0.25	   3.50	   4.428571	   7.139676	   0.030529
  -0.25	   3.50	   4.857143	   6.977196	   0.034780
  -0.25	   4.00	   4.500000	   6.169419	   0.033639
  -0.25	   4.00	   4.750000	   5.767365	   0.036246
  -0.25	   4.00	   4.875000	   5.705112	   0.035780
  -0.25	   4.00	   4.375000	   6.195785	   0.039455
  -0.25	   4.00	   4.625000	   7.068253	   0.030000
  -0.25	   4.50	   4.444444	   5.280339	   0.049474
  -0.25	   4.50	   4.888889	   4.804553	   0.052036
  -0.25	   4.50	   4.555556	   5.290153	   0.033939
  -0.25	   4.50	   4.666667	   4.936212	   0.031122
   0.25	   0.50	   1.000000	  67.076532	   0.030050
   0.25	   0.50	   3.000000	  63.915733	   0.030112
   0.25	   0.50	   2.000000	  76.184338	   0.030088
   0.25	   0.50	   4.000000	  50.055392	   0.030336
   0.75	   0.50	   1.000000	  57.098501	   0.030586
   0.75	   0.50	   3.000000	  57.495253	   0.030117
   0.75	   0.50	   2.000000	  64.042167	   0.030418
   0.75	   0.50	   4.000000	  47.691302	   0.030847
   0.75	   1.00	   2.500000	  36.619720	   0.030300
   0.75	   1.00	   3.000000	  30.039999	   0.030070
   0.75	   1.00	   4.500000	  29.201860	   0.030421
   0.75	   1.00	   3.500000	  21.706238	   0.030529
   0.75	   1.00	   4.000000	  25.156839	   0.030033
   0.75	   1.50	   3.333333	  23.172783	   0.030870
   0.75	   1.50	   3.666667	  20.487508	   0.033984
   0.75	   1.50	   4.000000	  20.286972	   0.030925
   0.75	   1.50	   4.333333	  18.413641	   0.030250
   0.75	   1.50	   4.666667	  16.736272	   0.034433
   0.75	   2.00	   3.750000	  14.054991	   0.030000
   0.75	   2.00	   4.000000	  13.149882	   0.030896
   0.75	   2.00	   4.250000	  13.808421	   0.030281
   0.75	   2.00	   4.500000	  13.759058	   0.030811
   0.75	   2.00	   4.750000	  14.975835	   0.030000
   0.75	   2.50	   4.000000	  11.640931	   0.032877
   0.75	   2.50	   4.200000	  10.500020	   0.032713
   0.75	   2.50	   4.400000	  11.004379	   0.031921
   0.75	   2.50	   4.600000	  10.878529	   0.034338
   0.75	   2.50	   4.800000	  11.045928	   0.041362
   0.75	   3.00	   4.166667	   9.234202	   0.030301
   0.75	   3.00	   4.333333	   8.146804	   0.033023
   0.75	   3.00	   4.500000	   7.796386	   0.035593
   0.75	   3.00	   4.666667	   7.671347	   0.038612
   0.75	   3.00	   4.833333	   8.339072	   0.053216
   0.75	   3.50	   4.285714	   7.960039	   0.036553
   0.75	   3.50	   4.428571	   8.002756	   0.031896
   0.75	   3.50	   4.571429	   7.773094	   0.051999
   0.75	   3.50	   4.714286	   7.212411	   0.116780
   0.75	   3.50	   4.857143	   7.250086	   0.054955
   0.75	   4.00	   4.375000	   7.448449	   0.052448
   0.75	   4.00	   4.500000	   6.100220	   0.035917
   0.75	   4.00	   4.625000	   6.508160	   0.116736
   0.75	   4.00	   4.750000	   5.974136	   0.035996
   0.75	   4.00	   4.875000	   8.075086	   0.030000
   0.75	   4.50	   4.444444	   5.488090	   0.038030
   0.75	   4.50	   4.555556	   5.422974	   0.030965
   0.75	   4.50	   4.666667	   4.858001	   0.041350
   0.75	   4.50	   4.777778	   4.701448	   0.061894
   1.25	   0.50	   1.000000	  54.443648	   0.030375
   1.25	   0.50	   3.000000	  62.773393	   0.030161
   1.25	   0.50	   2.000000	  65.734311	   0.030204
   1.25	   0.50	   4.000000	  48.949668	   0.030512
   1.25	   1.50	   3.333333	  22.942931	   0.034213
   1.25	   1.50	   3.666667	  22.461375	   0.030000
   1.25	   1.50	   4.000000	  20.092355	   0.030560
   1.25	   1.50	   4.333333	  18.830519	   0.033251
   1.25	   1.50	   4.666667	  16.179259	   0.031375
   1.75	   0.50	   1.000000	  60.251874	   0.030139
   1.75	   0.50	   3.000000	  66.293654	   0.030676
   1.75	   0.50	   2.000000	  74.007642	   0.030271
   1.75	   0.50	   4.000000	  58.393278	   0.030634
   1.75	   1.00	   2.500000	  39.670719	   0.031107
   1.75	   1.00	   3.000000	  41.099185	   0.030420
   1.75	   1.00	   4.500000	  29.172608	   0.030077
   1.75	   1.00	   3.500000	  43.392390	   0.030432
   1.75	   1.00	   4.000000	  37.061464	   0.030136
   1.75	   2.00	   3.750000	  15.844588	   0.030361
   1.75	   2.00	   4.000000	  15.837928	   0.031488
   1.75	   2.00	   4.250000	  15.687767	   0.039890
   1.75	   2.00	   4.500000	  14.635281	   0.031831
   1.75	   2.00	   4.750000	  13.397753	   0.034993
   2.25	   0.50	   1.000000	  62.605426	   0.030895
   2.25	   0.50	   3.000000	  68.577677	   0.032455
   2.25	   0.50	   2.000000	  72.273383	   0.030046
   2.25	   0.50	   4.000000	  75.543108	   0.030089
   2.25	   1.50	   3.333333	  22.962955	   0.030246
   2.25	   1.50	   3.666667	  20.602930	   0.045846
   2.25	   1.50	   4.000000	  17.979886	   0.030487
   2.25	   1.50	   4.333333	  16.718202	   0.030916
   2.25	   1.50	   4.666667	  15.299496	   0.031818
   2.25	   2.50	   4.000000	  13.615626	   0.030923
   2.25	   2.50	   4.200000	  13.175376	   0.031441
   2.25	   2.50	   4.400000	  12.450454	   0.032122
   2.25	   2.50	   4.600000	  11.668974	   0.031769
   2.25	   2.50	   4.800000	  10.588212	   0.042477
   2.75	   0.50	   1.000000	  47.970108	   0.030279
   2.75	   0.50	   3.000000	  76.529397	   0.030660
   2.75	   0.50	   2.000000	  60.811194	   0.030748
   2.75	   0.50	   4.000000	  47.948425	   0.030000
   2.75	   1.00	   2.500000	  56.187965	   0.030650
   2.75	   1.00	   3.000000	  45.838068	   0.030174
   2.75	   1.00	   4.500000	  28.348720	   0.036313
   2.75	   1.00	   3.500000	  35.702043	   0.030017
   2.75	   1.00	   4.000000	  28.360717	   0.030297
   2.75	   1.50	   3.333333	  21.894893	   0.031472
   2.75	   1.50	   3.666667	  18.930063	   0.030162
   2.75	   1.50	   4.000000	  17.516344	   0.030500
   2.75	   1.50	   4.333333	  15.964193	   0.032687
   2.75	   1.50	   4.666667	  16.513595	   0.030561
   2.75	   2.00	   3.750000	  17.972616	   0.033178
   2.75	   2.00	   4.000000	  16.954079	   0.030199
   2.75	   2.00	   4.250000	  15.212018	   0.030510
   2.75	   2.00	   4.500000	  13.778005	   0.031783
   2.75	   2.00	   4.750000	  14.232838	   0.034881
   2.75	   3.00	   4.166667	  11.266157	   0.030247
   2.75	   3.00	   4.333333	  11.094631	   0.030555
   2.75	   3.00	   4.500000	  11.527362	   0.033492
   2.75	   3.00	   4.666667	  11.314978	   0.030649
   2.75	   3.00	   4.833333	  11.347869	   0.045283
   3.25	   0.50	   1.000000	  53.522810	   0.031219
   3.25	   0.50	   3.000000	  54.726437	   0.030431
   3.25	   0.50	   2.000000	  80.356026	   0.030533
   3.25	   0.50	   4.000000	  55.423997	   0.030000
   3.25	   2.50	   4.000000	  16.682768	   0.032510
   3.25	   2.50	   4.200000	  15.503306	   0.032297
   3.25	   2.50	   4.400000	  13.317354	   0.033968
   3.25	   2.50	   4.600000	  12.259200	   0.031925
   3.25	   2.50	   4.800000	  12.213575	   0.039735
   3.25	   3.50	   4.285714	  12.509337	   0.035838
   3.25	   3.50	   4.428571	  11.609897	   0.032287
   3.25	   3.50	   4.571429	  11.866440	   0.043730
   3.25	   3.50	   4.714286	  10.906348	   0.031208
   3.25	   3.50	   4.857143	  12.250334	   0.045541
   3.75	   0.50	   1.000000	  59.590821	   0.030011
   3.75	   0.50	   3.000000	  60.925925	   0.030276
   3.75	   0.50	   2.000000	  54.484580	   0.032383
   3.75	   0.50	   4.000000	  72.517826	   0.030929
   3.75	   1.00	   2.500000	  47.778645	   0.030173
   3.75	   1.00	   3.000000	  36.508447	   0.030058
   3.75	   1.00	   4.500000	  24.963326	   0.038962
   3.75	   1.00	   3.500000	  35.166423	   0.033434
   3.75	   1.00	   4.000000	  29.607761	   0.030284
   3.75	   1.50	   3.333333	  22.495976	   0.030143
   3.75	   1.50	   3.666667	  20.365808	   0.030100
   3.75	   1.50	   4.000000	  21.190167	   0.031535
   3.75	   1.50	   4.333333	  22.760026	   0.031548
   3.75	   1.50	   4.666667	  23.609164	   0.036285
   3.75	   2.00	   3.750000	  20.948899	   0.030273
   3.75	   2.00	   4.000000	  18.928166	   0.030089
   3.75	   2.00	   4.250000	  18.833405	   0.031647
   3.75	   2.00	   4.500000	  19.723686	   0.030340
   3.75	   2.00	   4.750000	  20.143932	   0.034343
   3.75	   3.00	   4.166667	  17.631251	   0.033468
   3.75	   3.00	   4.333333	  17.347336	   0.032130
   3.75	   3.00	   4.500000	  16.342290	   0.032463
   3.75	   3.00	   4.666667	  14.966394	   0.036131
   3.75	   3.00	   4.833333	  15.612288	   0.040323
   3.75	   4.00	   4.375000	  11.965499	   0.034196
   3.75	   4.00	   4.500000	  11.147577	   0.037286
   3.75	   4.00	   4.625000	  13.558668	   0.110000
   3.75	   4.00	   4.750000	   9.856780	   0.032077
   3.75	   4.00	   4.875000	  11.690039	   0.056194
   4.25	   0.50	   1.000000	  44.391572	   0.032638
   4.25	   0.50	   3.000000	  81.320664	   0.030725
   4.25	   0.50	   2.000000	  62.582362	   0.030053
   4.25	   0.50	   4.000000	  66.399282	   0.030507
   4.25	   1.50	   3.333333	  23.174492	   0.030278
   4.25	   1.50	   3.666667	  24.541801	   0.030291
   4.25	   1.50	   4.000000	  26.232496	   0.030191
   4.25	   1.50	   4.333333	  26.665746	   0.034592
   4.25	   1.50	   4.666667	  26.286708	   0.031058
   4.25	   3.50	   4.285714	  16.900775	   0.065524
   4.25	   3.50	   4.428571	  15.458407	   0.033926
   4.25	   3.50	   4.571429	  17.511639	   0.154364
   4.25	   3.50	   4.714286	  14.357488	   0.030612
   4.25	   3.50	   4.857143	  16.359860	   0.048277
   4.75	   0.50	   1.000000	  63.993069	   0.030144
   4.75	   0.50	   3.000000	  90.129468	   0.030093
   4.75	   0.50	   2.000000	 104.145416	   0.030771
   4.75	   0.50	   4.000000	  82.850310	   0.030406
   4.75	   1.00	   2.500000	  58.124198	   0.030944
   4.75	   1.00	   3.000000	  46.453856	   0.030208
   4.75	   1.00	   4.500000	  28.403324	   0.031614
   4.75	   1.00	   3.500000	  37.284264	   0.030648
   4.75	   1.00	   4.000000	  33.063905	   0.030025
   4.75	   2.00	   3.750000	  30.669323	   0.031072
   4.75	   2.00	   4.000000	  31.979286	   0.031210
   4.75	   2.00	   4.250000	  31.534302	   0.030246
   4.75	   2.00	   4.500000	  29.840502	   0.030224
   4.75	   2.00	   4.750000	  28.769509	   0.034919
   4.75	   2.50	   4.000000	  24.657043	   0.030425
   4.75	   2.50	   4.200000	  23.205447	   0.032455
   4.75	   2.50	   4.400000	  23.660349	   0.032010
   4.75	   2.50	   4.600000	  23.738387	   0.031740
   4.75	   2.50	   4.800000	  24.889536	   0.035042
   4.75	   4.00	   4.375000	  13.478146	   0.070516
   4.75	   4.00	   4.500000	  11.897343	   0.031896
   4.75	   4.00	   4.625000	  11.723036	   0.032452
   5.25	   0.50	   1.000000	  80.915108	   0.030434
   5.25	   0.50	   3.000000	  96.045638	   0.031490
   5.25	   0.50	   2.000000	  87.162460	   0.030077
   5.25	   0.50	   4.000000	  65.970748	   0.030000
   5.25	   1.50	   3.333333	  42.614861	   0.030284
   5.25	   1.50	   3.666667	  44.293411	   0.032764
   5.25	   1.50	   4.000000	  42.968606	   0.030495
   5.25	   1.50	   4.333333	  37.715628	   0.030975
   5.25	   1.50	   4.666667	  32.607635	   0.030227
   5.75	   0.50	   1.000000	  64.751958	   0.030233
   5.75	   0.50	   3.000000	  76.868661	   0.030767
   5.75	   0.50	   2.000000	  94.151543	   0.030711
   5.75	   0.50	   4.000000	  82.183697	   0.032048
   5.75	   1.00	   2.500000	  62.432854	   0.030703
   5.75	   1.00	   3.000000	  55.923959	   0.030602
   5.75	   1.00	   4.500000	  44.642906	   0.033007
   5.75	   1.00	   3.500000	  47.847499	   0.030202
   5.75	   1.00	   4.000000	  40.284975	   0.030459
   5.75	   1.50	   3.333333	  56.320676	   0.031144
   5.75	   1.50	   3.666667	  55.870761	   0.030219
   5.75	   1.50	   4.000000	  48.779672	   0.030564
   5.75	   1.50	   4.333333	  42.606934	   0.030036
   5.75	   1.50	   4.666667	  43.265751	   0.030043
   5.75	   2.00	   3.750000	  45.471826	   0.030377
   5.75	   2.00	   4.000000	  43.315718	   0.030544
   5.75	   2.00	   4.250000	  41.030506	   0.030661
   5.75	   2.00	   4.500000	  34.995213	   0.031914
   5.75	   2.00	   4.750000	  32.009786	   0.034341
   5.75	   2.50	   4.000000	  28.656762	   0.030804
   5.75	   2.50	   4.200000	  28.752533	   0.030908
   5.75	   2.50	   4.400000	  29.547412	   0.030984
   5.75	   2.50	   4.600000	  29.542631	   0.030100
   5.75	   2.50	   4.800000	  28.320080	   0.033615
   5.75	   3.00	   4.166667	  24.577847	   0.052591
   5.75	   3.00	   4.333333	  22.509301	   0.031231
   5.75	   3.00	   4.500000	  21.126381	   0.031429
   5.75	   3.00	   4.666667	  20.359176	   0.030901
   5.75	   3.00	   4.833333	  19.826687	   0.036916
   6.25	   0.50	   1.000000	  82.622159	   0.030142
   6.25	   0.50	   3.000000	 108.241066	   0.030156
   6.25	   0.50	   2.000000	  90.096261	   0.030743
   6.25	   0.50	   4.000000	  96.242063	   0.037521
   6.75	   0.50	   1.000000	  74.351897	   0.031395
   6.75	   0.50	   3.000000	 102.312987	   0.030165
   6.75	   0.50	   2.000000	 109.816645	   0.030213
   6.75	   0.50	   4.000000	  85.278683	   0.031184
   6.75	   1.00	   2.500000	  60.686677	   0.030217
   6.75	   1.00	   3.000000	  51.350700	   0.030311
   6.75	   1.00	   4.500000	  63.594781	   0.031407
   6.75	   1.00	   3.500000	  57.181730	   0.031690
   6.75	   1.00	   4.000000	  58.384953	   0.030231
   6.75	   1.50	   3.333333	  51.704137	   0.030218
   6.75	   1.50	   3.666667	  44.879484	   0.030136
   6.75	   1.50	   4.000000	  45.545503	   0.030330
   6.75	   1.50	   4.333333	  45.546055	   0.031076
   6.75	   1.50	   4.666667	  48.286044	   0.030307
   6.75	   2.00	   3.750000	  44.352917	   0.030419
   6.75	   2.00	   4.000000	  37.721872	   0.031115
   6.75	   2.00	   4.250000	  33.534150	   0.030405
   6.75	   2.00	   4.500000	  31.043531	   0.030503
   6.75	   2.00	   4.750000	  30.950920	   0.030499
   6.75	   3.00	   4.166667	  22.982334	   0.030363
   6.75	   3.00	   4.333333	  22.028155	   0.030839
   6.75	   3.00	   4.500000	  21.093175	   0.033340
   6.75	   3.00	   4.666667	  20.714715	   0.030000
   6.75	   3.00	   4.833333	  20.284579	   0.059728
   6.75	   3.50	   4.285714	  18.276419	   0.030000
   6.75	   3.50	   4.428571	  16.330022	   0.030232
   6.75	   3.50	   4.571429	  15.898724	   0.050496
   6.75	   3.50	   4.714286	  13.944345	   0.032835
   6.75	   3.50	   4.857143	  14.269619	   0.116464
   7.25	   0.50	   1.000000	  73.450465	   0.030159
   7.25	   0.50	   3.000000	  71.327444	   0.030944
   7.25	   0.50	   2.000000	  81.427334	   0.030329
   7.25	   0.50	   4.000000	  63.252344	   0.030093
   7.25	   1.50	   3.333333	  45.867751	   0.030141
   7.25	   1.50	   3.666667	  46.388782	   0.030154
   7.25	   1.50	   4.000000	  46.253199	   0.030270
   7.25	   1.50	   4.333333	  48.861098	   0.030314
   7.25	   1.50	   4.666667	  47.600326	   0.030740
   7.25	   2.50	   4.000000	  33.198264	   0.031072
   7.25	   2.50	   4.200000	  31.649436	   0.030225
   7.25	   2.50	   4.400000	  28.379716	   0.031862
   7.25	   2.50	   4.600000	  25.867788	   0.031710
   7.25	   2.50	   4.800000	  25.754661	   0.040248
   7.75	   0.50	   1.000000	  53.365117	   0.030204
   7.75	   0.50	   3.000000	  51.757633	   0.030976
   7.75	   0.50	   2.000000	  54.831429	   0.030549
   7.75	   0.50	   4.000000	  55.475882	   0.030038
   7.75	   1.00	   2.500000	  51.758253	   0.030212
   7.75	   1.00	   3.000000	  53.025819	   0.030246
   7.75	   1.00	   4.500000	  55.515554	   0.030101
   7.75	   1.00	   3.500000	  58.018616	   0.030416
   7.75	   1.00	   4.000000	  65.582819	   0.030513
   7.75	   2.00	   3.750000	  34.001779	   0.030504
   7.75	   2.00	   4.000000	  31.490226	   0.031176
   7.75	   2.00	   4.250000	  30.965461	   0.030814
   7.75	   2.00	   4.500000	  31.990801	   0.031047
   7.75	   2.00	   4.750000	  34.147533	   0.031281
   7.75	   3.50	   4.285714	  15.918172	   0.047459
   7.75	   3.50	   4.428571	  13.682997	   0.031663
   7.75	   3.50	   4.571429	  13.364147	   0.069817
   7.75	   3.50	   4.714286	  11.527615	   0.031143
   8.25	   0.50	   1.000000	  48.685818	   0.030570
   8.25	   0.50	   3.000000	  61.280660	   0.030659
   8.25	   0.50	   2.000000	  52.156460	   0.030385
   8.25	   0.50	   4.000000	  44.704008	   0.030440
   8.25	   1.50	   3.333333	  48.368341	   0.030493
   8.25	   1.50	   3.666667	  51.385697	   0.030572
   8.25	   1.50	   4.000000	  50.378002	   0.030517
   8.25	   1.50	   4.333333	  49.059564	   0.030637
   8.25	   1.50	   4.666667	  41.079587	   0.030162
   8.25	   2.50	   4.000000	  29.381806	   0.030000
   8.25	   2.50	   4.200000	  26.852255	   0.030106
   8.25	   2.50	   4.400000	  26.796081	   0.033157
   8.25	   2.50	   4.600000	  23.447233	   0.030101
   8.25	   2.50	   4.800000	  22.639250	   0.030700
   8.75	   0.50	   1.000000	  34.392735	   0.030389
   8.75	   0.50	   3.000000	  39.649110	   0.030849
   8.75	   0.50	   2.000000	  47.807804	   0.030336
   8.75	   0.50	   4.000000	  49.157851	   0.030274
   8.75	   1.00	   2.500000	  55.489318	   0.030079
   8.75	   1.00	   3.000000	  64.961304	   0.030104
   8.75	   1.00	   4.500000	  46.785278	   0.030239
   8.75	   1.00	   3.500000	  56.386723	   0.030274
   8.75	   1.00	   4.000000	  46.912867	   0.030165
   8.75	   1.50	   3.333333	  49.441654	   0.030378
   8.75	   1.50	   3.666667	  48.751022	   0.030452
   8.75	   1.50	   4.000000	  47.780051	   0.030545
   8.75	   1.50	   4.333333	  40.032687	   0.030490
   8.75	   1.50	   4.666667	  36.201684	   0.030738
   8.75	   2.00	   3.750000	  31.669767	   0.030361
   8.75	   2.00	   4.000000	  32.515467	   0.030414
   8.75	   2.00	   4.250000	  35.013136	   0.030354
   8.75	   2.00	   4.500000	  34.556316	   0.030465
   8.75	   2.00	   4.750000	  33.653030	   0.030765
   8.75	   3.00	   4.166667	  19.944964	   0.032227
   8.75	   3.00	   4.333333	  20.010396	   0.030862
   8.75	   3.00	   4.500000	  18.565220	   0.030434
   8.75	   3.00	   4.666667	  17.661197	   0.053293
   8.75	   3.00	   4.833333	  16.227663	   0.053835
   9.25	   0.50	   1.000000	  27.518161	   0.030486
   9.25	   0.50	   3.000000	  38.299222	   0.031670
   9.25	   0.50	   2.000000	  27.901451	   0.030576
   9.25	   0.50	   4.000000	  44.934386	   0.030450
   9.75	   0.50	   1.000000	  17.172470	   0.030097
   9.75	   0.50	   3.000000	  38.344454	   0.030878
   9.75	   0.50	   2.000000	  30.721691	   0.030436
   9.75	   0.50	   4.000000	  40.382381	   0.030500
   9.75	   1.00	   2.500000	  50.644988	   0.030434
   9.75	   1.00	   3.000000	  42.546550	   0.030253
   9.75	   1.00	   4.500000	  44.369749	   0.030373
   9.75	   1.00	   3.500000	  42.974959	   0.030236
   9.75	   1.00	   4.000000	  43.918060	   0.030268
   9.75	   1.50	   3.333333	  45.048283	   0.030709
   9.75	   1.50	   3.666667	  37.729164	   0.030551
   9.75	   1.50	   4.000000	  34.383733	   0.030480
   9.75	   1.50	   4.333333	  30.477136	   0.030503
   9.75	   1.50	   4.666667	  29.438386	   0.030202
   9.75	   2.00	   3.750000	  33.743028	   0.030169
   9.75	   2.00	   4.000000	  33.512628	   0.030422
   9.75	   2.00	   4.250000	  32.789313	   0.030804
   9.75	   2.00	   4.500000	  29.630525	   0.030121
   9.75	   2.00	   4.750000	  26.909033	   0.031912
   9.75	   2.50	   4.000000	  23.491471	   0.030214
   9.75	   2.50	   4.200000	  22.810016	   0.031082
   9.75	   2.50	   4.400000	  22.579288	   0.031873
   9.75	   2.50	   4.600000	  21.549332	   0.030821
   9.75	   2.50	   4.800000	  20.603728	   0.030000
   9.75	   3.00	   4.166667	  19.453331	   0.030229
   9.75	   3.00	   4.333333	  18.538719	   0.045950
   9.75	   3.00	   4.500000	  16.895331	   0.033178
   9.75	   3.00	   4.666667	  15.018817	   0.030782
   9.75	   3.00	   4.833333	  13.936859	   0.033820
  10.25	   0.50	   1.000000	  23.297740	   0.030661
  10.25	   0.50	   3.000000	  34.701898	   0.030194
  10.25	   0.50	   2.000000	  31.397412	   0.030426
  10.25	   0.50	   4.000000	  54.547881	   0.030000
  10.25	   1.50	   3.333333	  38.193553	   0.030540
  10.25	   1.50	   3.666667	  34.712011	   0.030435
  10.25	   1.50	   4.000000	  30.762455	   0.030244
  10.25	   1.50	   4.333333	  29.728762	   0.030041
  10.25	   1.50	   4.666667	  29.748859	   0.030100
  10.75	   0.50	   1.000000	  22.943080	   0.030394
  10.75	   0.50	   3.000000	  45.731940	   0.030663
  10.75	   0.50	   2.000000	  29.283179	   0.030366
  10.75	   0.50	   4.000000	  51.628546	   0.030222
  10.75	   1.00	   2.500000	  41.500226	   0.030273
  10.75	   1.00	   3.000000	  42.486969	   0.031109
  10.75	   1.00	   4.500000	  48.376337	   0.030684
  10.75	   1.00	   3.500000	  43.543953	   0.030333
  10.75	   1.00	   4.000000	  47.561142	   0.030601
  10.75	   2.00	   3.750000	  34.785722	   0.030378
  10.75	   2.00	   4.000000	  31.353623	   0.030236
  10.75	   2.00	   4.250000	  28.396498	   0.030710
  10.75	   2.00	   4.500000	  27.581269	   0.030162
  10.75	   2.00	   4.750000	  26.084125	   0.037883
  10.75	   2.50	   4.000000	  25.457873	   0.037886
  10.75	   2.50	   4.200000	  24.461555	   0.030699
  10.75	   2.50	   4.400000	  23.147508	   0.033654
  10.75	   2.50	   4.600000	  23.564029	   0.031101
  10.75	   2.50	   4.800000	  22.798985	   0.034693
  11.25	   0.50	   1.000000	  21.297544	   0.030220
  11.25	   0.50	   3.000000	  53.462256	   0.030126
  11.25	   0.50	   2.000000	  43.289739	   0.030557
  11.25	   0.50	   4.000000	  41.712411	   0.030250
  11.25	   1.50	   3.333333	  34.146398	   0.030142
  11.25	   1.50	   3.666667	  32.743361	   0.030249
  11.25	   1.50	   4.000000	  32.223847	   0.030264
  11.25	   1.50	   4.333333	  36.367508	   0.030034
  11.25	   1.50	   4.666667	  37.977470	   0.030117
  11.75	   0.50	   1.000000	  34.577755	   0.030600
  11.75	   0.50	   3.000000	  41.941778	   0.030080
  11.75	   0.50	   2.000000	  48.995523	   0.030027
  11.75	   0.50	   4.000000	  44.309784	   0.030114
  11.75	   1.00	   2.500000	  49.250693	   0.030178
  11.75	   1.00	   3.000000	  54.660840	   0.030483
  11.75	   1.00	   4.500000	  40.682258	   0.030341
  11.75	   1.00	   3.500000	  56.391678	   0.030605
  11.75	   1.00	   4.000000	  45.817898	   0.030367
  11.75	   1.50	   3.333333	  37.419701	   0.030302
  11.75	   1.50	   3.666667	  36.550284	   0.030201
  11.75	   1.50	   4.000000	  40.821283	   0.030147
  11.75	   1.50	   4.333333	  42.606718	   0.030144
  11.75	   1.50	   4.666667	  40.743937	   0.030237
  11.75	   2.00	   3.750000	  33.472145	   0.030239
  11.75	   2.00	   4.000000	  32.611612	   0.030124
  11.75	   2.00	   4.250000	  30.322371	   0.030000
  11.75	   2.00	   4.500000	  28.310665	   0.030252
  11.75	   2.00	   4.750000	  28.417646	   0.030471
  11.75	   3.00	   4.166667	  17.161977	   0.030065
  11.75	   3.00	   4.333333	  15.307806	   0.031287
  11.75	   3.00	   4.500000	  14.244594	   0.030565
  12.25	   0.50	   1.000000	  39.838022	   0.030714
  12.25	   0.50	   3.000000	  49.072143	   0.031098
  12.25	   0.50	   2.000000	  44.026976	   0.030699
  12.25	   0.50	   4.000000	  48.943578	   0.030413
  12.25	   2.50	   4.000000	  27.479939	   0.030122
  12.25	   2.50	   4.200000	  26.093623	   0.030400
  12.25	   2.50	   4.400000	  24.615434	   0.030086
  12.25	   2.50	   4.600000	  22.769828	   0.030207
  12.25	   2.50	   4.800000	  20.876573	   0.033607
  12.75	   0.50	   1.000000	  41.917947	   0.030543
  12.75	   0.50	   3.000000	  58.411844	   0.030058
  12.75	   0.50	   2.000000	  55.577658	   0.030241
  12.75	   0.50	   4.000000	  64.070189	   0.030252
  12.75	   1.00	   2.500000	  70.795542	   0.030993
  12.75	   1.00	   3.000000	  57.091263	   0.030637
  12.75	   1.00	   4.500000	  41.295470	   0.030520
  12.75	   1.00	   3.500000	  50.732322	   0.030543
  12.75	   1.00	   4.000000	  45.910712	   0.030249
  12.75	   1.50	   3.333333	  42.966206	   0.030345
  12.75	   1.50	   3.666667	  44.892465	   0.030245
  12.75	   1.50	   4.000000	  43.138988	   0.030302
  12.75	   1.50	   4.333333	  39.874954	   0.030000
  12.75	   1.50	   4.666667	  36.154484	   0.030082
  12.75	   2.00	   3.750000	  32.245703	   0.032834
  12.75	   2.00	   4.000000	  30.287446	   0.030378
  12.75	   2.00	   4.250000	  30.246940	   0.030282
  12.75	   2.00	   4.500000	  29.603441	   0.036038
  12.75	   2.00	   4.750000	  27.680441	   0.030149
  12.75	   3.00	   4.166667	  17.085728	   0.033253
  13.25	   0.50	   1.000000	  37.636720	   0.030258
  13.25	   0.50	   3.000000	  54.133628	   0.030746
  13.25	   0.50	   2.000000	  47.053530	   0.030313
  13.25	   0.50	   4.000000	  56.462007	   0.031193
  13.25	   1.50	   3.333333	  45.160269	   0.030329
  13.25	   1.50	   3.666667	  43.360810	   0.030405
  13.25	   1.50	   4.000000	  39.911185	   0.030251
  13.25	   1.50	   4.333333	  36.173372	   0.030203
  13.25	   1.50	   4.666667	  35.108732	   0.030042
  13.25	   2.50	   4.000000	  28.428800	   0.030368
  13.25	   2.50	   4.200000	  26.594119	   0.030089
  13.25	   2.50	   4.400000	  23.873339	   0.030221
  13.25	   2.50	   4.600000	  20.929073	   0.030423
  13.25	   2.50	   4.800000	  19.023284	   0.036944
  13.75	   0.50	   1.000000	  40.952631	   0.030441
  13.75	   0.50	   3.000000	  59.357006	   0.030454
  13.75	   0.50	   2.000000	  54.939795	   0.030049
  13.75	   0.50	   4.000000	  81.226631	   0.031409
  13.75	   1.00	   2.500000	  55.362000	   0.030476
  13.75	   1.00	   3.000000	  49.845204	   0.030408
  13.75	   1.00	   4.500000	  41.939989	   0.030341
  13.75	   1.00	   3.500000	  44.468403	   0.030332
  13.75	   1.00	   4.000000	  39.356831	   0.030316
  13.75	   2.00	   3.750000	  34.697180	   0.030428
  13.75	   2.00	   4.000000	  33.768642	   0.035583
  13.75	   2.00	   4.250000	  31.744293	   0.030489
  13.75	   2.00	   4.500000	  33.187828	   0.030242
  13.75	   2.00	   4.750000	  31.570229	   0.031923
  14.25	   0.50	   1.000000	  45.411307	   0.030494
  14.25	   0.50	   3.000000	  85.281059	   0.031540
  14.25	   0.50	   2.000000	  57.906717	   0.030023
  14.25	   0.50	   4.000000	  66.513561	   0.030101
  14.25	   1.50	   3.333333	  48.914808	   0.030185
  14.25	   1.50	   3.666667	  43.891552	   0.030158
  14.25	   1.50	   4.000000	  42.701628	   0.030281
  14.25	   1.50	   4.333333	  38.457547	   0.031910
  14.25	   1.50	   4.666667	  37.626612	   0.030177
  14.75	   0.50	   1.000000	  54.913769	   0.030914
  14.75	   0.50	   3.000000	  79.352974	   0.030891
  14.75	   0.50	   2.000000	  96.590384	   0.030804
  14.75	   0.50	   4.000000	  73.508221	   0.030550
  14.75	   1.00	   2.500000	  60.330545	   0.030437
  14.75	   1.00	   3.000000	  51.843341	   0.030260
  14.75	   1.00	   4.500000	  59.910340	   0.030202
  14.75	   1.00	   3.500000	  54.127939	   0.030892
  14.75	   1.00	   4.000000	  58.776101	   0.031375
  14.75	   1.50	   3.333333	  45.195848	   0.030214
  14.75	   1.50	   3.666667	  44.189806	   0.030157
  14.75	   1.50	   4.000000	  39.790161	   0.031007
  14.75	   1.50	   4.333333	  39.375264	   0.030000
  14.75	   1.50	   4.666667	  37.229028	   0.033189
  14.75	   2.00	   3.750000	  36.985527	   0.030155
  14.75	   2.00	   4.000000	  38.997237	   0.030414
  14.75	   2.00	   4.250000	  36.924986	   0.030357
  14.75	   2.00	   4.500000	  35.642516	   0.030251
  14.75	   2.00	   4.750000	  34.080930	   0.030000
  14.75	   2.50	   4.000000	  26.412952	   0.030634
  14.75	   2.50	   4.200000	  22.965771	   0.030248
  14.75	   2.50	   4.400000	  21.143355	   0.030700
  14.75	   2.50	   4.600000	  20.528218	   0.030747
  15.25	   0.50	   1.000000	  69.458114	   0.030612
  15.25	   0.50	   3.000000	  71.108419	   0.030568
  15.25	   0.50	   2.000000	  69.877601	   0.030536
  15.25	   0.50	   4.000000	  66.237393	   0.030102
  15.75	   0.50	   1.000000	  40.343395	   0.030357
  15.75	   0.50	   3.000000	  52.262353	   0.030258
  15.75	   0.50	   2.000000	  50.651701	   0.030661
  15.75	   0.50	   4.000000	  56.615413	   0.030354
  15.75	   1.00	   2.500000	  52.629301	   0.030167
  15.75	   1.00	   3.000000	  60.404538	   0.030892
  15.75	   1.00	   4.500000	  49.588212	   0.030325
  15.75	   1.00	   3.500000	  61.332955	   0.030378
  15.75	   1.00	   4.000000	  52.992451	   0.030349
  15.75	   1.50	   3.333333	  42.459231	   0.032732
  15.75	   1.50	   3.666667	  42.221578	   0.033093
  15.75	   1.50	   4.000000	  40.144167	   0.033492
  15.75	   1.50	   4.333333	  40.795127	   0.033602
  15.75	   1.50	   4.666667	  38.425225	   0.035407
  15.75	   2.00	   3.750000	  38.151940	   0.030255
  15.75	   2.00	   4.000000	  37.033856	   0.030127
  15.75	   2.00	   4.250000	  35.522374	   0.032621
  15.75	   2.00	   4.500000	  32.434857	   0.033307
  15.75	   2.00	   4.750000	  28.874667	   0.030321
  15.75	   2.50	   4.000000	  21.600263	   0.030930
  15.75	   2.50	   4.200000	  20.992654	   0.031493
  16.25	   0.50	   1.000000	  42.806135	   0.030375
  16.25	   0.50	   3.000000	  61.183048	   0.030605
  16.25	   0.50	   2.000000	  51.795886	   0.030103
  16.25	   0.50	   4.000000	  51.538603	   0.030261
  16.25	   1.50	   3.333333	  42.386324	   0.030912
  16.25	   1.50	   3.666667	  40.478695	   0.032016
  16.25	   1.50	   4.000000	  40.753055	   0.030983
  16.25	   1.50	   4.333333	  38.751908	   0.032528
  16.25	   1.50	   4.666667	  41.950859	   0.030707
  16.75	   0.50	   1.000000	  39.068136	   0.030094
  16.75	   0.50	   3.000000	  48.196021	   0.030699
  16.75	   0.50	   2.000000	  53.224937	   0.030352
  16.75	   0.50	   4.000000	  48.870415	   0.030293
  16.75	   1.00	   2.500000	  58.725084	   0.030374
  16.75	   1.00	   3.000000	  51.323095	   0.030233
  16.75	   1.00	   4.500000	  41.422034	   0.031296
  16.75	   1.00	   3.500000	  47.852629	   0.030349
  16.75	   1.00	   4.000000	  48.532358	   0.030208
  16.75	   2.00	   3.750000	  34.168168	   0.032006
  16.75	   2.00	   4.000000	  31.654530	   0.035105
  16.75	   2.00	   4.250000	  28.078496	   0.030718
  16.75	   2.00	   4.500000	  23.390561	   0.030878
  16.75	   2.00	   4.750000	  21.269751	   0.030435
  17.25	   0.50	   1.000000	  41.326930	   0.030486
  17.25	   0.50	   3.000000	  45.389111	   0.030223
  17.25	   0.50	   2.000000	  43.925715	   0.030244
  17.25	   0.50	   4.000000	  50.952940	   0.030132
  17.25	   1.50	   3.333333	  38.130378	   0.030000
  17.25	   1.50	   3.666667	  35.804083	   0.031824
  17.25	   1.50	   4.000000	  38.685665	   0.030000
  17.25	   1.50	   4.333333	  36.504010	   0.030453
  17.25	   1.50	   4.666667	  35.333720	   0.030399
  17.75	   0.50	   1.000000	  31.637558	   0.030455
  17.75	   0.50	   3.000000	  43.301188	   0.030467
  17.75	   0.50	   2.000000	  36.506971	   0.030037
  17.75	   0.50	   4.000000	  52.793368	   0.030360
  17.75	   1.00	   2.500000	  44.571435	   0.030473
  17.75	   1.00	   3.000000	  46.189749	   0.030463
  17.75	   1.00	   4.500000	  39.921673	   0.030381
  17.75	   1.00	   3.500000	  39.152746	   0.031234
  17.75	   1.00	   4.000000	  37.549333	   0.030789
  17.75	   1.50	   3.333333	  35.669764	   0.030000
  17.75	   1.50	   3.666667	  38.805068	   0.031683
  17.75	   1.50	   4.000000	  36.425787	   0.030577
  17.75	   1.50	   4.333333	  35.302362	   0.030451
  17.75	   1.50	   4.666667	  35.235365	   0.032527
  17.75	   2.00	   3.750000	  30.953751	   0.030425
  17.75	   2.00	   4.000000	  25.735739	   0.030471
  17.75	   2.00	   4.250000	  23.109436	   0.030705
  17.75	   2.00	   4.500000	  22.244995	   0.032690
  17.75	   2.00	   4.750000	  22.389748	   0.031287
  18.25	   0.50	   1.000000	  27.506095	   0.030353
  18.25	   0.50	   3.000000	  50.800568	   0.030265
  18.25	   0.50	   2.000000	  39.763492	   0.032491
  18.25	   0.50	   4.000000	  51.210052	   0.030095
  18.75	   0.50	   1.000000	  32.551534	   0.030329
  18.75	   0.50	   3.000000	  49.698281	   0.030203
  18.75	   0.50	   2.000000	  46.432700	   0.030259
  18.75	   0.50	   4.000000	  41.456338	   0.030252
  18.75	   1.00	   2.500000	  49.710281	   0.031590
  18.75	   1.00	   3.000000	  45.358161	   0.030891
  18.75	   1.00	   4.500000	  42.333245	   0.032959
  18.75	   1.00	   3.500000	  50.028938	   0.030193
  18.75	   1.00	   4.000000	  46.186665	   0.030000
  18.75	   1.50	   3.333333	  48.482834	   0.030240
  18.75	   1.50	   3.666667	  46.806597	   0.030113
  18.75	   1.50	   4.000000	  45.992330	   0.030871
  18.75	   1.50	   4.333333	  43.461263	   0.030056
  18.75	   1.50	   4.666667	  39.642406	   0.030749
  18.75	   2.00	   3.750000	  30.105928	   0.030190
  18.75	   2.00	   4.000000	  28.805275	   0.031005
  18.75	   2.00	   4.250000	  28.902560	   0.030080
  19.25	   0.50	   1.000000	  43.178304	   0.030488
  19.25	   0.50	   3.000000	  49.826840	   0.030203
  19.25	   0.50	   2.000000	  55.409202	   0.030097
  19.25	   0.50	   4.000000	  66.699256	   0.030202
  19.25	   1.50	   3.333333	  55.392761	   0.030052
  19.25	   1.50	   3.666667	  54.918060	   0.032972
  19.25	   1.50	   4.000000	  51.747390	   0.030193
  19.25	   1.50	   4.333333	  47.340355	   0.030000
  19.25	   1.50	   4.666667	  38.671315	   0.030058
  19.75	   0.50	   1.000000	  43.119391	   0.030217
  19.75	   0.50	   3.000000	  65.723147	   0.030205
  19.75	   0.50	   2.000000	  45.312176	   0.030384
  19.75	   0.50	   4.000000	  55.406566	   0.030352
  19.75	   1.00	   2.500000	  63.556994	   0.030069
  19.75	   1.00	   3.000000	  60.333116	   0.030112
  19.75	   1.00	   4.500000	  60.506800	   0.030296
  19.75	   1.00	   3.500000	  55.104880	   0.031052
  19.75	   1.00	   4.000000	  63.580176	   0.030138
  19.75	   2.00	   3.750000	  31.453063	   0.030873
  20.25	   0.50	   1.000000	  38.634686	   0.030234
  20.25	   0.50	   3.000000	  61.137810	   0.030881
  20.25	   0.50	   2.000000	  68.150443	   0.030137
  20.25	   0.50	   4.000000	  57.552396	   0.030351
  20.25	   1.50	   3.333333	  53.827271	   0.030198
  20.25	   1.50	   3.666667	  49.181559	   0.030332
  20.25	   1.50	   4.000000	  40.217266	   0.030137
  20.25	   1.50	   4.333333	  33.510507	   0.030128
  20.25	   1.50	   4.666667	  31.059165	   0.031911
  20.75	   0.50	   1.000000	  49.811307	   0.030094
  20.75	   0.50	   3.000000	  51.141017	   0.030856
  20.75	   0.50	   2.000000	  52.220815	   0.030436
  20.75	   0.50	   4.000000	  57.026054	   0.030041
  20.75	   1.00	   2.500000	  50.644988	   0.030260
  20.75	   1.00	   3.000000	  59.760508	   0.030310
  20.75	   1.00	   4.500000	  54.849711	   0.030653
  20.75	   1.00	   3.500000	  57.755595	   0.030669
  20.75	   1.00	   4.000000	  55.853025	   0.030054
  20.75	   1.50	   3.333333	  49.029977	   0.030526
  20.75	   1.50	   3.666667	  39.962037	   0.030327
  20.75	   1.50	   4.000000	  32.975419	   0.030106
  20.75	   1.50	   4.333333	  30.007621	   0.032448
  20.75	   1.50	   4.666667	  31.017192	   0.035741
  21.25	   0.50	   1.000000	  38.094299	   0.030588
  21.25	   0.50	   3.000000	  50.350609	   0.030067
  21.25	   0.50	   2.000000	  43.191314	   0.030682
  21.25	   0.50	   4.000000	  61.804328	   0.030033
  21.75	   0.50	   1.000000	  34.374516	   0.030905
  21.75	   0.50	   3.000000	  61.583011	   0.030164
  21.75	   0.50	   2.000000	  46.481910	   0.030317
  21.75	   0.50	   4.000000	  42.877413	   0.031413
  21.75	   1.00	   2.500000	  56.262551	   0.030312
  21.75	   1.00	   3.000000	  55.120984	   0.030226
  21.75	   1.00	   4.500000	  51.621711	   0.030243
  21.75	   1.00	   3.500000	  54.380712	   0.030000
  21.75	   1.00	   4.000000	  54.815886	   0.030104
  21.75	   1.50	   3.333333	  30.677865	   0.030032
  21.75	   1.50	   3.666667	  26.858832	   0.031823
  21.75	   1.50	   4.000000	  27.244225	   0.031470
  21.75	   1.50	   4.333333	  29.020686	   0.030718
  22.25	   0.50	   1.000000	  37.220782	   0.030135
  22.25	   0.50	   3.000000	  38.725376	   0.031043
  22.25	   0.50	   2.000000	  56.421840	   0.030142
  22.25	   0.50	   4.000000	  54.115612	   0.030159
  22.25	   1.50	   3.333333	  25.025341	   0.030000
  22.25	   1.50	   3.666667	  25.392966	   0.031286
  22.25	   1.50	   4.000000	  26.413314	   0.030114
  22.75	   0.50	   1.000000	  47.247302	   0.030163
  22.75	   0.50	   3.000000	  50.619630	   0.030133
  22.75	   0.50	   2.000000	  35.528402	   0.030565
  22.75	   0.50	   4.000000	  53.765422	   0.030382
  22.75	   1.00	   2.500000	  51.921284	   0.031015
  22.75	   1.00	   3.000000	  52.400439	   0.030643
  22.75	   1.00	   4.500000	  31.448983	   0.030242
  22.75	   1.00	   3.500000	  49.625956	   0.030268
  22.75	   1.00	   4.000000	  40.490593	   0.030025
  23.25	   0.50	   1.000000	  28.962825	   0.030601
  23.25	   0.50	   3.000000	  52.728979	   0.030128
  23.25	   0.50	   2.000000	  46.352256	   0.030173
  23.25	   0.50	   4.000000	  52.076657	   0.030129
  23.25	   1.50	   3.333333	  23.874677	   0.030513
  23.75	   0.50	   1.000000	  45.736395	   0.030402
  23.75	   0.50	   3.000000	  61.633007	   0.030437
  23.75	   0.50	   2.000000	  60.735483	   0.030309
  23.75	   0.50	   4.000000	  61.561585	   0.030109
  23.75	   1.00	   2.500000	  61.302516	   0.030215
  23.75	   1.00	   3.000000	  50.714860	   0.030133
  23.75	   1.00	   4.500000	  22.598057	   0.030079
  23.75	   1.00	   3.500000	  36.793105	   0.030256
  23.75	   1.00	   4.000000	  25.655025	   0.030000
  24.25	   0.50	   1.000000	  48.588575	   0.030317
  24.25	   0.50	   3.000000	  61.378266	   0.030494
  24.25	   0.50	   2.000000	  57.827226	   0.030069
  24.25	   0.50	   4.000000	  64.889882	   0.030000
  24.75	   0.50	   1.000000	  54.449800	   0.030301
  24.75	   0.50	   3.000000	  86.597618	   0.030311
  24.75	   0.50	   2.000000	  73.252424	   0.030365
  24.75	   0.50	   4.000000	  92.578076	   0.030073
  24.75	   1.00	   2.500000	  51.654226	   0.030000
  24.75	   1.00	   3.000000	  33.773401	   0.030199
  24.75	   1.00	   4.500000	  26.885792	   0.030133
  24.75	   1.00	   3.500000	  27.837397	   0.030799
  24.75	   1.00	   4.000000	  27.192923	   0.030012
  25.25	   0.50	   1.000000	  42.845886	   0.030547
  25.25	   0.50	   3.000000	  74.979528	   0.030000
  25.25	   0.50	   2.000000	  64.110306	   0.030167
  25.25	   0.50	   4.000000	  69.994229	   0.030577
  25.75	   0.50	   1.000000	  53.815954	   0.030075
  25.75	   0.50	   3.000000	  78.448287	   0.030558
  25.75	   0.50	   2.000000	  76.732302	   0.030192
  25.75	   0.50	   4.000000	  70.232297	   0.031534
  25.75	   1.00	   2.500000	  29.652891	   0.030148
  25.75	   1.00	   3.000000	  27.608326	   0.030043
  25.75	   1.00	   3.500000	  26.337284	   0.030257
  26.25	   0.50	   1.000000	  53.098591	   0.030277
  26.25	   0.50	   3.000000	  64.216128	   0.030052
  26.25	   0.50	   2.000000	  66.277538	   0.030565
  26.25	   0.50	   4.000000	  41.453723	   0.030650
  26.75	   0.50	   1.000000	  46.475996	   0.030655
  26.75	   0.50	   3.000000	  41.753701	   0.030161
  26.75	   0.50	   2.000000	  59.066995	   0.030249
  26.75	   0.50	   4.000000	  31.207618	   0.030200
  26.75	   1.00	   2.500000	  27.340246	   0.030593
  27.25	   0.50	   1.000000	  50.336082	   0.030332
  27.25	   0.50	   3.000000	  35.691855	   0.030035
  27.25	   0.50	   2.000000	  44.761853	   0.030523
  27.25	   0.50	   4.000000	  31.261761	   0.030108
  27.75	   0.50	   1.000000	  28.999733	   0.030058
  27.75	   0.50	   3.000000	  25.098531	   0.030050
  27.75	   0.50	   2.000000	  27.762330	   0.030241
  27.75	   0.50	   4.000000	  23.672404	   0.030427
  28.25	   0.50	   1.000000	  25.730433	   0.030234
  28.25	   0.50	   3.000000	  22.690984	   0.030742
  28.25	   0.50	   2.000000	  24.818113	   0.030324
  28.25	   0.50	   4.000000	  20.986027	   0.030241
  28.75	   0.50	   1.000000	  27.359406	   0.030404
  28.75	   0.50	   3.000000	  23.733807	   0.030099
  28.75	   0.50	   2.000000	  26.114668	   0.030205
  29.25	   0.50	   1.000000	  25.826256	   0.030143
  29.25	   0.50	   2.000000	  24.836094	   0.030162
  29.75	   0.50	   1.000000	  26.319088	   0.030407
