80
# x y z
0.15	0	-0.25
0.138582	0.0574025	-0.25
0.106066	0.106066	-0.25
0.0574025	0.138582	-0.25
0	0.15	-0.25
-0.0574025	0.138582	-0.25
-0.106066	0.106066	-0.25
-0.138582	0.0574025	-0.25
-0.15	0	-0.25
-0.138582	-0.0574025	-0.25
-0.106066	-0.106066	-0.25
-0.0574025	-0.138582	-0.25
0	-0.15	-0.25
0.0574025	-0.138582	-0.25
0.106066	-0.106066	-0.25
0.138582	-0.0574025	-0.25
0.15	0	-0.2
0.138582	0.0574025	-0.2
0.106066	0.106066	-0.2
0.0574025	0.138582	-0.2
0	0.15	-0.2
-0.0574025	0.138582	-0.2
-0.106066	0.106066	-0.2
-0.138582	0.0574025	-0.2
-0.15	0	-0.2
-0.138582	-0.0574025	-0.2
-0.106066	-0.106066	-0.2
-0.0574025	-0.138582	-0.2
0	-0.15	-0.2
0.0574025	-0.138582	-0.2
0.106066	-0.106066	-0.2
0.138582	-0.0574025	-0.2
0.15	0	-0.15
0.138582	0.0574025	-0.15
0.106066	0.106066	-0.15
0.0574025	0.138582	-0.15
0	0.15	-0.15
-0.0574025	0.138582	-0.15
-0.106066	0.106066	-0.15
-0.138582	0.0574025	-0.15
-0.15	0	-0.15
-0.138582	-0.0574025	-0.15
-0.106066	-0.106066	-0.15
-0.0574025	-0.138582	-0.15
0	-0.15	-0.15
0.0574025	-0.138582	-0.15
0.106066	-0.106066	-0.15
0.138582	-0.0574025	-0.15
0.15	0	-0.1
0.138582	0.0574025	-0.1
0.106066	0.106066	-0.1
0.0574025	0.138582	-0.1
0	0.15	-0.1
-0.0574025	0.138582	-0.1
-0.106066	0.106066	-0.1
-0.138582	0.0574025	-0.1
-0.15	0	-0.1
-0.138582	-0.0574025	-0.1
-0.106066	-0.106066	-0.1
-0.0574025	-0.138582	-0.1
0	-0.15	-0.1
0.0574025	-0.138582	-0.1
0.106066	-0.106066	-0.1
0.138582	-0.0574025	-0.1
0.15	0	-0.05
0.138582	0.0574025	-0.05
0.106066	0.106066	-0.05
0.0574025	0.138582	-0.05
0	0.15	-0.05
-0.0574025	0.138582	-0.05
-0.106066	0.106066	-0.05
-0.138582	0.0574025	-0.05
-0.15	0	-0.05
-0.138582	-0.0574025	-0.05
-0.106066	-0.106066	-0.05
-0.0574025	-0.138582	-0.05
0	-0.15	-0.05
0.0574025	-0.138582	-0.05
0.106066	-0.106066	-0.05
0.138582	-0.0574025	-0.05
320
# a b m n rhoa err k ip
1	2	3	4	1.34341402130076e+01	3.80197000000000e-02	-1.07474841301522e+00	-1.22468000000000e+00
1	2	15	16	1.92268940568205e+01	2.24495000000000e+01	-1.07223527497940e+00	-1.93945000000000e+00
2	3	4	5	1.52537934210065e+01	3.21330000000000e-02	-1.07177289833734e+00	-2.43313000000000e+00
2	3	16	1	2.48476106741636e+01	2.22862000000000e-02	-1.07504913573156e+00	-1.45974000000000e+00
3	4	5	6	1.49124835645816e+01	3.21564000000000e-02	-1.06069218480295e+00	-8.95122000000000e-01
4	5	6	7	1.59400796448023e+01	3.13010000000000e-02	-1.07891321660748e+00	-9.71155000000000e-01
5	6	7	8	1.33987679526648e+01	3.34663000000000e-02	-1.07441126091869e+00	-1.77308000000000e+00
6	7	8	9	1.41791624036213e+01	3.27402000000000e-02	-1.07257822822161e+00	-1.28823000000000e+00
7	8	9	10	1.53897734130637e+01	3.15372000000000e-02	-1.07514782019573e+00	-3.93892000000000e-01
8	9	10	11	1.55483900004148e+01	3.13778000000000e-02	-1.06986052531221e+00	-1.71534000000000e+00
9	10	11	12	1.27813028120533e+01	3.36410000000000e-02	-1.07131325695095e+00	-1.08053000000000e+00
10	11	12	13	1.33384888803239e+01	3.35994000000000e-02	-1.07909592262021e+00	-1.46601000000000e+00
11	12	13	14	1.32747230916543e+01	3.32110000000000e-02	-1.07486766031484e+00	-1.30969000000000e+00
12	13	14	15	1.49779593316339e+01	3.18076000000000e-02	-1.06713304869967e+00	-1.26531000000000e+00
13	14	15	16	1.36924061867782e+01	3.29896000000000e-02	-1.07544091508559e+00	-9.73980000000000e-01
14	15	16	1	1.70870677121698e+01	2.68514000000000e-02	-1.07932183157225e+00	-1.84152000000000e+00
1	2	4	5	1.33182946155315e+01	1.06364000000000e-01	-3.83928699333560e+00	-1.90916000000000e+00
1	2	14	15	1.48458129285066e+01	2.11934000000000e+01	-3.83861701736957e+00	-1.21176000000000e+00
2	3	5	6	1.35328151537172e+01	7.73005000000000e-02	-3.83053348931103e+00	-1.65389000000000e+00
2	3	15	16	1.91803984322986e+01	7.04393000000000e+00	-3.83644031184904e+00	-1.94281000000000e+00
3	4	6	7	1.45912812707218e+01	6.96670000000000e-02	-3.83789191475888e+00	-1.03250000000000e+00
3	4	16	1	1.59510662859353e+01	3.07219000000000e-02	-3.84177897060098e+00	-1.49675000000000e+00
4	5	7	8	1.25127287016311e+01	7.62890000000000e-02	-3.84179573276975e+00	-1.56208000000000e+00
5	6	8	9	1.17697125819308e+01	7.94859000000000e-02	-3.83408233279825e+00	-1.54282000000000e+00
6	7	9	10	1.29980656696985e+01	7.33882000000000e-02	-3.83684082702085e+00	-8.88421000000000e-01
7	8	10	11	1.52034985234328e+01	6.56724000000000e-02	-3.83637065030011e+00	-1.38176000000000e+00
8	9	11	12	1.21246419635628e+01	7.69013000000000e-02	-3.83303046394879e+00	-1.42479000000000e+00
9	10	12	13	1.19570111188534e+01	7.77474000000000e-02	-3.84068453187293e+00	-1.31851000000000e+00
10	11	13	14	1.21977951438283e+01	7.67400000000000e-02	-3.84272086843179e+00	-1.44717000000000e+00
11	12	14	15	1.26642947632228e+01	7.45679000000000e-02	-3.83539870780078e+00	-1.34119000000000e+00
12	13	15	16	1.40862595566594e+01	6.90385000000000e-02	-3.83325656348307e+00	-1.13181000000000e+00
13	14	16	1	1.48806812095105e+01	4.16354000000000e-02	-3.84481934556069e+00	-1.83044000000000e+00
1	2	5	6	2.58202802069186e+01	1.52603000000000e-01	-8.67800650235723e+00	-1.55196000000000e+00
1	2	13	14	1.37810463583893e+01	1.65610000000000e+01	-8.67769432553950e+00	-1.71645000000000e+00
2	3	6	7	1.49838137125879e+01	1.58019000000000e-01	-8.67450166880171e+00	-1.31029000000000e+00
2	3	14	15	1.60707841100621e+01	6.22021000000000e+00	-8.68390616762966e+00	-1.47296000000000e+00
3	4	7	8	1.31632461622874e+01	1.61973000000000e-01	-8.67801441295276e+00	-1.37629000000000e+00
3	4	15	16	1.42775602354737e+01	5.31552000000000e+00	-8.67467463528770e+00	-1.63080000000000e+00
4	5	8	9	1.16463874856944e+01	1.73156000000000e-01	-8.67773450986840e+00	-1.68987000000000e+00
4	5	16	1	1.49268741009366e+01	4.21555000000000e-02	-8.68139309468748e+00	-1.37414000000000e+00
5	6	9	10	1.13220691965111e+01	1.75134000000000e-01	-8.67358884323062e+00	-1.00507000000000e+00
6	7	10	11	1.40148862910103e+01	1.43802000000000e-01	-8.67279282346733e+00	-1.43443000000000e+00
7	8	11	12	1.28117493177577e+01	1.54833000000000e-01	-8.67152818556139e+00	-1.27859000000000e+00
8	9	12	13	1.20882587740163e+01	1.62355000000000e-01	-8.67611590923308e+00	-1.48527000000000e+00
9	10	13	14	1.13428200220884e+01	1.71233000000000e-01	-8.68569286180502e+00	-1.36068000000000e+00
10	11	14	15	1.26182881865497e+01	1.56267000000000e-01	-8.67904379078721e+00	-1.41850000000000e+00
11	12	15	16	1.29649307791661e+01	1.52155000000000e-01	-8.67184646714249e+00	-1.36942000000000e+00
12	13	16	1	1.61187526072686e+01	5.63043000000000e-02	-8.67896781601998e+00	-1.71095000000000e+00
1	2	6	7	1.47555669950668e+01	5.58492000000000e-01	-1.52492460879170e+01	-1.12316000000000e+00
1	2	12	13	1.49917739086397e+01	1.08406000000000e+01	-1.52414594981382e+01	-1.67253000000000e-01
2	3	7	8	1.48125009938894e+01	3.20598000000000e-01	-1.52440289658548e+01	-1.55198000000000e+00
2	3	13	14	1.50644577485248e+01	4.80718000000000e+00	-1.52526139947642e+01	-1.39366000000000e+00
3	4	8	9	1.29425803349284e+01	3.19822000000000e-01	-1.52470858837404e+01	-1.63846000000000e+00
3	4	14	15	1.29347427465661e+01	4.31247000000000e+00	-1.52427370143275e+01	-1.15874000000000e+00
4	5	9	10	1.16244893946289e+01	3.33860000000000e-01	-1.52474316224359e+01	-9.75603000000000e-01
4	5	15	16	1.39338745714404e+01	3.49059000000000e+00	-1.52481591533446e+01	-1.82896000000000e+00
5	6	10	11	1.27343534530008e+01	2.99673000000000e-01	-1.52414318134225e+01	-1.56988000000000e+00
5	6	16	1	1.45941601318083e+01	5.63631000000000e-02	-1.52432322022106e+01	-1.75738000000000e+00
6	7	11	12	1.26563381936868e+01	2.96615000000000e-01	-1.52428520253047e+01	-1.35480000000000e+00
7	8	12	13	1.29833001082815e+01	2.87160000000000e-01	-1.52396883680558e+01	-1.07213000000000e+00
8	9	13	14	1.15172334338575e+01	3.19437000000000e-01	-1.52490393364247e+01	-1.38213000000000e+00
9	10	14	15	1.22146951764631e+01	3.01604000000000e-01	-1.52508305154860e+01	-1.24594000000000e+00
10	11	15	16	1.37849023747711e+01	2.69040000000000e-01	-1.52477569265471e+01	-1.40629000000000e+00
11	12	16	1	1.53675107125246e+01	7.52468000000000e-02	-1.52422196668630e+01	-1.75778000000000e+00
17	18	19	20	5.90914735241591e+01	2.37066000000000e-02	-1.07914257921536e+00	-1.08043000000000e+00
17	18	31	32	2.50329583565590e+01	1.74740000000000e+01	-1.07405782650455e+00	-1.20236000000000e+00
18	19	20	21	2.09696077011327e+01	2.90333000000000e-02	-1.07580033455260e+00	-5.11852000000000e-01
18	19	32	17	6.71682988576473e+01	2.08489000000000e-02	-1.07533798451307e+00	-3.93627000000000e+00
19	20	21	22	2.10222472062506e+01	2.83077000000000e-02	-1.07634732330747e+00	-1.20250000000000e+00
20	21	22	23	1.86456062635027e+01	2.91128000000000e-02	-1.07168511262546e+00	-8.04574000000000e-01
21	22	23	24	1.94553672025867e+01	2.88807000000000e-02	-1.07582128059780e+00	-1.36021000000000e+00
22	23	24	25	2.45690531101088e+01	2.71240000000000e-02	-1.07109302389928e+00	-5.64315000000000e-01
23	24	25	26	2.00863542463265e+01	2.83290000000000e-02	-1.08118452620701e+00	-1.14588000000000e+00
24	25	26	27	2.03608343246913e+01	2.86834000000000e-02	-1.07072682989978e+00	-1.31819000000000e+00
25	26	27	28	1.83121049343203e+01	2.97013000000000e-02	-1.07230052199517e+00	-8.84769000000000e-01
26	27	28	29	1.72242160585856e+01	2.96154000000000e-02	-1.07801598844550e+00	-7.94363000000000e-01
27	28	29	30	1.70929688651881e+01	2.97608000000000e-02	-1.07151169526386e+00	-2.08282000000000e+00
28	29	30	31	3.85640325107594e+01	2.45257000000000e-02	-1.07996181632934e+00	-6.74331000000000e-01
29	30	31	32	5.49309128091331e+01	2.31458000000000e-02	-1.07544668197288e+00	-1.95252000000000e+00
30	31	32	17	2.79803092715287e+01	2.38339000000000e-02	-1.08181615018167e+00	-3.80600000000000e-03
17	18	20	21	3.73680182149147e+01	5.06809000000000e-02	-3.84629428078250e+00	-1.85087000000000e-01
17	18	30	31	3.10343509564765e+01	1.01489000000000e+01	-3.84713184731601e+00	-1.95395000000000e+00
18	19	21	22	1.71182320074470e+01	6.58783000000000e-02	-3.85387791658532e+00	-1.40318000000000e+00
18	19	31	32	2.02199863997186e+01	6.72114000000000e+00	-3.84258437722700e+00	-6.38952000000000e-01
19	20	22	23	1.85260405552092e+01	5.90048000000000e-02	-3.84244487209353e+00	-1.14193000000000e+00
19	20	32	17	4.85160522760992e+01	2.34815000000000e-02	-3.84109100580321e+00	-3.45459000000000e+00
20	21	23	24	1.64484048795643e+01	6.30054000000000e-02	-3.84314810746070e+00	-1.30358000000000e+00
21	22	24	25	2.18723063108119e+01	5.16634000000000e-02	-3.84131716956422e+00	-9.29104000000000e-01
22	23	25	26	1.92202999649301e+01	5.57856000000000e-02	-3.84288407046046e+00	-9.45310000000000e-01
23	24	26	27	1.72910114420984e+01	6.01902000000000e-02	-3.84782539195862e+00	-1.26181000000000e+00
24	25	27	28	1.83502422303127e+01	5.79472000000000e-02	-3.84137371369326e+00	-9.94611000000000e-01
25	26	28	29	1.46993513637962e+01	6.70329000000000e-02	-3.84996303447995e+00	-1.05280000000000e+00
26	27	29	30	1.40503997527998e+01	6.86635000000000e-02	-3.83941056553860e+00	-1.35637000000000e+00
27	28	30	31	2.40956949737163e+01	4.85348000000000e-02	-3.84051446167666e+00	-1.20416000000000e+00
28	29	31	32	4.80157021799081e+01	3.43324000000000e-02	-3.84651821130571e+00	-9.74479000000000e-01
29	30	32	17	2.41320502498725e+01	3.31248000000000e-02	-3.84529159109085e+00	3.61516000000000e-01
17	18	21	22	2.42013239752320e+01	1.60966000000000e-01	-8.66604741545051e+00	-5.05285000000000e-01
17	18	29	30	2.58045368986511e+01	8.82838000000000e+00	-8.66299065657654e+00	-2.28228000000000e+00
18	19	22	23	1.62183585553578e+01	1.48397000000000e-01	-8.66328284868053e+00	-1.44728000000000e+00
18	19	30	31	4.26294304542499e+01	2.35842000000000e+00	-8.66612126516284e+00	-9.55955000000000e-01
19	20	23	24	1.61440966908610e+01	1.35433000000000e-01	-8.67137008914153e+00	-1.49602000000000e+00
19	20	31	32	1.70365920093860e+01	4.42628000000000e+00	-8.66085365586860e+00	-6.85655000000000e-01
20	21	24	25	1.76224945489777e+01	1.21327000000000e-01	-8.65927696377462e+00	-1.09216000000000e+00
20	21	32	17	3.39680184137921e+01	2.97657000000000e-02	-8.66601824990614e+00	-2.90465000000000e+00
21	22	25	26	1.82559821398869e+01	1.15904000000000e-01	-8.66341541814540e+00	-1.07996000000000e+00
22	23	26	27	1.75933657490848e+01	1.18705000000000e-01	-8.66066709777188e+00	-1.19141000000000e+00
23	24	27	28	1.62440633546361e+01	1.26874000000000e-01	-8.66705972833436e+00	-1.16354000000000e+00
24	25	28	29	1.62024706506320e+01	1.26688000000000e-01	-8.66433014119207e+00	-1.06247000000000e+00
25	26	29	30	1.25797190353415e+01	1.56570000000000e-01	-8.66819571772021e+00	-1.41308000000000e+00
26	27	30	31	1.91654202624984e+01	1.09182000000000e-01	-8.66347239299092e+00	-9.72215000000000e-01
27	28	31	32	3.23819794667694e+01	7.30612000000000e-02	-8.66377342507669e+00	-1.31067000000000e+00
28	29	32	17	2.37519011592105e+01	4.45349000000000e-02	-8.66500354204670e+00	-1.30787000000000e-01
17	18	22	23	2.75835970450719e+01	3.06794000000000e-01	-1.51064361264393e+01	-7.09877000000000e-01
17	18	28	29	2.45995775543628e+01	6.58340000000000e+00	-1.51030695086892e+01	-1.78646000000000e-01
18	19	23	24	1.54201897957443e+01	3.10345000000000e-01	-1.51056893436104e+01	-1.90693000000000e+00
18	19	29	30	3.81951452388591e+01	1.91986000000000e+00	-1.51103333948607e+01	-8.54776000000000e-01
19	20	24	25	1.76607299319326e+01	2.38337000000000e-01	-1.51155702185356e+01	-1.47594000000000e+00
19	20	30	31	3.01154560856876e+01	1.85195000000000e+00	-1.51084167811445e+01	-1.17005000000000e+00
20	21	25	26	1.47170864728914e+01	2.69324000000000e-01	-1.51029982850715e+01	-6.66454000000000e-01
20	21	31	32	1.55388387153983e+01	3.12965000000000e+00	-1.51110450305825e+01	-5.33201000000000e-01
21	22	26	27	1.73247982545003e+01	2.25177000000000e-01	-1.51109002577389e+01	-1.19652000000000e+00
21	22	32	17	2.59537348510871e+01	4.05128000000000e-02	-1.51069469447538e+01	-2.79844000000000e+00
22	23	27	28	1.70991456034392e+01	2.24803000000000e-01	-1.51087225011391e+01	-1.13278000000000e+00
23	24	28	29	1.50300387916777e+01	2.51870000000000e-01	-1.51115353015590e+01	-9.59664000000000e-01
24	25	29	30	1.42735266699485e+01	2.62132000000000e-01	-1.51097612992968e+01	-1.21372000000000e+00
25	26	30	31	1.70846554067592e+01	2.21219000000000e-01	-1.51188964856899e+01	-1.24555000000000e+00
26	27	31	32	2.64583981231679e+01	1.49608000000000e-01	-1.51119172753311e+01	-9.54855000000000e-01
27	28	32	17	2.23085795555807e+01	5.81992000000000e-02	-1.51069468992427e+01	-1.29447000000000e+00
33	34	35	36	4.28948593222555e+01	2.54003000000000e-02	-1.07745437406604e+00	-1.43613000000000e+00
33	34	47	48	9.19859318866776e+01	4.51207000000000e+00	-1.07453798765117e+00	-1.68101000000000e+00
34	35	36	37	3.66817450518263e+01	2.50762000000000e-02	-1.07409513113194e+00	-1.94231000000000e+00
34	35	48	33	8.91570539985240e+01	2.06470000000000e-02	-1.07624439133959e+00	-2.13739000000000e+00
35	36	37	38	3.90670605378695e+01	2.45791000000000e-02	-1.07562604212712e+00	-8.09023000000000e-01
36	37	38	39	3.17172163760003e+01	2.54529000000000e-02	-1.07703647630109e+00	-1.09828000000000e+00
37	38	39	40	2.83074174390564e+01	2.63011000000000e-02	-1.07869011367315e+00	-5.08735000000000e-01
38	39	40	41	2.46259665880700e+01	2.68397000000000e-02	-1.07905452628934e+00	-2.29395000000000e+00
39	40	41	42	3.63895185207796e+01	2.51284000000000e-02	-1.08110692436844e+00	-1.74168000000000e+00
40	41	42	43	3.96228848764666e+01	2.39447000000000e-02	-1.07450725623225e+00	-5.75271000000000e-01
41	42	43	44	4.24343416632687e+01	2.38850000000000e-02	-1.07467074736219e+00	-1.66934000000000e+00
42	43	44	45	4.25586850402094e+01	2.38935000000000e-02	-1.07736142188279e+00	-1.34996000000000e+00
43	44	45	46	3.58058695573131e+01	2.43943000000000e-02	-1.08250706106132e+00	-2.02337000000000e+00
44	45	46	47	3.33830363397933e+01	2.50523000000000e-02	-1.07766474503161e+00	-9.26354000000000e-01
45	46	47	48	4.26598232577791e+01	2.40946000000000e-02	-1.07742606891361e+00	-1.62789000000000e+00
46	47	48	33	7.39642323438232e+01	2.15747000000000e-02	-1.07763342663484e+00	-1.86298000000000e+00
33	34	36	37	5.36379509224344e+01	4.14153000000000e-02	-3.84976106184215e+00	-1.72278000000000e+00
33	34	46	47	1.00837548558241e+02	3.11672000000000e+00	-3.84858512427832e+00	-9.13874000000000e-01
34	35	37	38	4.10675203862854e+01	3.90028000000000e-02	-3.85516403378381e+00	-1.24491000000000e+00
34	35	47	48	1.07327317881673e+02	1.27245000000000e+00	-3.85088759137422e+00	-1.66461000000000e+00
35	36	38	39	3.56837656684512e+01	4.02344000000000e-02	-3.85672458007438e+00	-1.11189000000000e+00
35	36	48	33	7.72555959932250e+01	2.22080000000000e-02	-3.85616647415807e+00	-1.87070000000000e+00
36	37	39	40	3.75925661464753e+01	3.87964000000000e-02	-3.84919695059514e+00	2.61261000000000e-01
37	38	40	41	2.36083784105934e+01	4.94726000000000e-02	-3.85137946452090e+00	-3.47839000000000e+00
38	39	41	42	2.75568353178348e+01	4.52199000000000e-02	-3.85434542283567e+00	-1.40165000000000e+00
39	40	42	43	4.20833389078677e+01	3.65543000000000e-02	-3.84930885397639e+00	-1.07753000000000e+00
40	41	43	44	4.41514686054471e+01	3.57295000000000e-02	-3.85269231018134e+00	-1.07398000000000e+00
41	42	44	45	4.26883988650774e+01	3.61708000000000e-02	-3.85451777127354e+00	-1.10710000000000e+00
42	43	45	46	4.08719099540212e+01	3.66482000000000e-02	-3.85562231892734e+00	-1.32425000000000e+00
43	44	46	47	3.77006722785196e+01	3.83377000000000e-02	-3.85138144428516e+00	-9.93836000000000e-01
44	45	47	48	4.55916434405277e+01	3.51713000000000e-02	-3.84690912040904e+00	-1.43930000000000e+00
45	46	48	33	7.74222735844023e+01	2.41720000000000e-02	-3.85093478096785e+00	-1.66553000000000e+00
33	34	37	38	5.37944289265065e+01	8.35378000000000e-02	-8.57998215665456e+00	-1.04159000000000e+00
33	34	45	46	8.65523740974399e+01	2.65070000000000e+00	-8.56504745999029e+00	-1.29311000000000e+00
34	35	38	39	3.67526827849716e+01	7.65119000000000e-02	-8.56813743104530e+00	-1.16696000000000e+00
34	35	46	47	9.39067320607366e+01	1.08388000000000e+00	-8.56969630048701e+00	-9.90903000000000e-01
35	36	39	40	4.12474100876193e+01	6.51330000000000e-02	-8.57176316915787e+00	1.67297000000000e+00
35	36	47	48	7.63589103660823e+01	1.00262000000000e+00	-8.56810996938756e+00	-1.34602000000000e+00
36	37	40	41	2.60738306219365e+01	8.87856000000000e-02	-8.56925074339293e+00	-4.94061000000000e+00
36	37	48	33	8.49302360838863e+01	2.39166000000000e-02	-8.56862458308519e+00	-1.57972000000000e+00
37	38	41	42	2.44505101335578e+01	9.19043000000000e-02	-8.56986489462537e+00	-1.05825000000000e+00
38	39	42	43	3.19509052157880e+01	7.43538000000000e-02	-8.56937245964543e+00	-8.51740000000000e-01
39	40	43	44	4.09266041892880e+01	6.23582000000000e-02	-8.56742813257024e+00	-1.39795000000000e+00
40	41	44	45	3.64987581496581e+01	6.73972000000000e-02	-8.56913133043414e+00	-6.07052000000000e-01
41	42	45	46	3.59861772451885e+01	6.76963000000000e-02	-8.57450707315637e+00	-1.16091000000000e+00
42	43	46	47	4.12453100861352e+01	6.15171000000000e-02	-8.57025815225734e+00	-6.37339000000000e-01
43	44	47	48	4.41996581743263e+01	5.89011000000000e-02	-8.56771809553396e+00	-1.33075000000000e+00
44	45	48	33	6.92111454620800e+01	2.84724000000000e-02	-8.56659460441950e+00	-1.38547000000000e+00
33	34	38	39	4.41925183468245e+01	2.00088000000000e-01	-1.45849414182872e+01	-1.01742000000000e+00
33	34	44	45	6.45276836926043e+01	2.53345000000000e+00	-1.45806821492883e+01	-9.04718000000000e-01
34	35	39	40	4.38639034432536e+01	1.21404000000000e-01	-1.45853240151804e+01	4.21687000000000e+00
34	35	45	46	6.82904010210062e+01	1.07977000000000e+00	-1.45870101869250e+01	-1.29515000000000e+00
35	36	40	41	2.44645914287251e+01	1.79089000000000e-01	-1.45937898129441e+01	-8.25939000000000e+00
35	36	46	47	5.75014874562218e+01	9.82758000000000e-01	-1.45837370065363e+01	-7.13101000000000e-01
36	37	41	42	2.64728941254064e+01	1.58150000000000e-01	-1.45909223879793e+01	-1.00601000000000e+00
36	37	47	48	7.25913132357939e+01	6.87278000000000e-01	-1.45871724498117e+01	-1.18293000000000e+00
37	38	42	43	2.72092531961145e+01	1.50657000000000e-01	-1.45820622292863e+01	-5.68803000000000e-01
37	38	48	33	7.71864179463587e+01	2.69058000000000e-02	-1.45971587165022e+01	-1.39614000000000e+00
38	39	43	44	3.01293170894416e+01	1.36530000000000e-01	-1.45860889657544e+01	-1.41470000000000e+00
39	40	44	45	3.24998219096411e+01	1.26343000000000e-01	-1.45806457285836e+01	-9.90038000000000e-01
40	41	45	46	2.85638634801232e+01	1.40816000000000e-01	-1.45861253849650e+01	-5.42106000000000e-01
41	42	46	47	3.50378323126471e+01	1.18323000000000e-01	-1.45912539979124e+01	-4.47679000000000e-01
42	43	47	48	4.53057707762458e+01	9.56615000000000e-02	-1.45863449202991e+01	-1.00321000000000e+00
43	44	48	33	5.95637423505607e+01	3.43124000000000e-02	-1.45911244578426e+01	-1.48471000000000e+00
49	50	51	52	1.30717323710494e+02	2.17703000000000e-02	-1.09285369832619e+00	-7.90167000000000e-01
49	50	63	64	4.40798337205598e+02	9.43033000000000e-01	-1.08323955020224e+00	5.23534000000000e-01
50	51	52	53	1.13072930162150e+02	2.15618000000000e-02	-1.08396696667897e+00	-2.04724000000000e-01
50	51	64	49	4.23854577352962e+02	2.01330000000000e-02	-1.07352789433510e+00	-1.89996000000000e-01
51	52	53	54	1.18853967066839e+02	2.14721000000000e-02	-1.09137459084543e+00	2.58128000000000e+00
52	53	54	55	1.13314863326895e+02	2.16067000000000e-02	-1.08457071111797e+00	1.65204000000000e-01
53	54	55	56	6.33504828375889e+01	2.26860000000000e-02	-1.08451041340484e+00	-3.07554000000000e+00
54	55	56	57	5.37965463924976e+01	2.31809000000000e-02	-1.07886976910098e+00	-1.00118000000000e+00
55	56	57	58	5.81483932654612e+01	2.29653000000000e-02	-1.08854410485995e+00	-1.13728000000000e+00
56	57	58	59	8.25602908395387e+01	2.19816000000000e-02	-1.08400184919795e+00	5.77790000000000e-02
57	58	59	60	1.59032892300381e+02	2.10978000000000e-02	-1.08526725013567e+00	-2.06834000000000e+00
58	59	60	61	1.17364383829926e+02	2.13943000000000e-02	-1.08783538326715e+00	2.32981000000000e-01
59	60	61	62	1.09465795123979e+02	2.15142000000000e-02	-1.07974665000325e+00	-4.49720000000000e-01
60	61	62	63	8.69678697555328e+01	2.19946000000000e-02	-1.08585235636523e+00	-2.69527000000000e+00
61	62	63	64	1.13807243387179e+02	2.15454000000000e-02	-1.08212649412550e+00	-2.15272000000000e+00
62	63	64	49	3.02077790443956e+02	2.03602000000000e-02	-1.09236334670335e+00	3.87573000000000e-01
49	50	52	53	9.56841935791380e+01	3.20059000000000e-02	-3.78213342737412e+00	-1.94296000000000e+00
49	50	62	63	2.49681448123377e+02	1.27556000000000e+00	-3.78102996614504e+00	-1.00587000000000e+00
50	51	53	54	9.46147814335012e+01	2.81807000000000e-02	-3.77626836187048e+00	1.12789000000000e+00
50	51	63	64	2.69806234257329e+02	5.17753000000000e-01	-3.77038144894072e+00	-1.90395000000000e-01
51	52	54	55	9.91330870820077e+01	2.73399000000000e-02	-3.78311359985680e+00	1.25379000000000e-01
51	52	64	49	1.52048298514272e+02	2.11200000000000e-02	-3.77771010599749e+00	-1.48700000000000e+00
52	53	55	56	9.13204412429608e+01	2.77326000000000e-02	-3.77819321330887e+00	-2.42616000000000e+00
53	54	56	57	5.12462049495534e+01	3.35899000000000e-02	-3.77215282211443e+00	-8.07293000000000e-01
54	55	57	58	4.70522745792769e+01	3.48234000000000e-02	-3.78321912497905e+00	-1.29738000000000e+00
55	56	58	59	5.84896390300055e+01	3.16406000000000e-02	-3.78054960378028e+00	-1.45710000000000e-01
56	57	59	60	1.20590887097049e+02	2.57467000000000e-02	-3.77557983002498e+00	-1.72021000000000e+00
57	58	60	61	1.05021237873845e+02	2.66048000000000e-02	-3.78236828761238e+00	-5.91278000000000e-01
58	59	61	62	9.26743775449427e+01	2.74660000000000e-02	-3.77830958679642e+00	-2.43336000000000e-01
59	60	62	63	7.61908360689056e+01	2.90617000000000e-02	-3.77341138939185e+00	-2.24503000000000e+00
60	61	63	64	8.58464570149785e+01	2.81024000000000e-02	-3.78156568192035e+00	-1.36140000000000e+00
61	62	64	49	1.62598217683844e+02	2.19807000000000e-02	-3.78525359111466e+00	-1.17149000000000e+00
49	50	53	54	8.07879275569572e+01	6.23201000000000e-02	-7.95759853008257e+00	-3.63284000000000e-01
49	50	61	62	1.52628257822246e+02	1.51627000000000e+00	-7.95780214613608e+00	-1.25063000000000e+00
50	51	54	55	7.54628264820445e+01	4.75980000000000e-02	-7.96035651293794e+00	-3.12174000000000e-01
50	51	62	63	1.70961102854775e+02	6.02123000000000e-01	-7.95749002084195e+00	-1.08021000000000e+00
51	52	55	56	7.30999647263885e+01	4.55505000000000e-02	-7.96073913226688e+00	-1.68582000000000e+00
51	52	63	64	1.20039502221178e+02	6.48730000000000e-01	-7.96002083653365e+00	-3.93705000000000e-01
52	53	56	57	6.38927136619062e+01	4.80228000000000e-02	-7.95391848755066e+00	-6.57882000000000e-01
52	53	64	49	1.15203268976794e+02	2.28827000000000e-02	-7.95850015383194e+00	-1.88291000000000e+00
53	54	57	58	3.72101592364159e+01	6.71812000000000e-02	-7.95901780802100e+00	-9.45857000000000e-01
54	55	58	59	3.93294020147557e+01	6.41062000000000e-02	-7.95951615095093e+00	-3.21359000000000e-01
55	56	59	60	7.20152805594268e+01	4.41058000000000e-02	-7.96304169641229e+00	-1.64498000000000e+00
56	57	60	61	7.96670815805040e+01	4.17522000000000e-02	-7.95644434484555e+00	-7.13543000000000e-01
57	58	61	62	7.66390114440956e+01	4.25546000000000e-02	-7.95992271007452e+00	-5.06490000000000e-01
58	59	62	63	6.12045611272803e+01	4.81230000000000e-02	-7.96050234925016e+00	-1.44659000000000e+00
59	60	63	64	7.46081380086246e+01	4.31280000000000e-02	-7.95930507789076e+00	-8.01142000000000e-01
60	61	64	49	1.10601724528491e+02	2.53235000000000e-02	-7.96480880641287e+00	-1.52235000000000e+00
49	50	54	55	6.93189453101861e+01	1.34569000000000e-01	-1.28362949930255e+01	-1.41396000000000e+00
49	50	60	61	9.78140216303928e+01	1.68052000000000e+00	-1.28311815496734e+01	-2.86383000000000e+00
50	51	55	56	5.95487856546112e+01	9.50363000000000e-02	-1.28335134274285e+01	-1.75915000000000e+00
50	51	61	62	1.10168534345364e+02	6.77534000000000e-01	-1.28271489684544e+01	-3.65022000000000e-01
51	52	56	57	5.19945180350971e+01	9.48236000000000e-02	-1.28293779402969e+01	1.34582000000000e-01
51	52	62	63	8.58878731297864e+01	6.65776000000000e-01	-1.28360597939643e+01	-9.87836000000000e-01
52	53	57	58	4.13244684619325e+01	1.08322000000000e-01	-1.28348816541704e+01	-4.69184000000000e-01
52	53	63	64	8.85484017341113e+01	5.67266000000000e-01	-1.28357804721726e+01	-2.23019000000000e-01
53	54	58	59	2.81982885370278e+01	1.46285000000000e-01	-1.28274326005003e+01	-3.41818000000000e-01
53	54	64	49	9.05293324882086e+01	2.58965000000000e-02	-1.28309573028016e+01	-2.07423000000000e+00
54	55	59	60	4.40936434985993e+01	9.97243000000000e-02	-1.28372127583023e+01	-1.56291000000000e+00
55	56	60	61	4.85557943920666e+01	9.15751000000000e-02	-1.28337688431868e+01	-1.08906000000000e+00
56	57	61	62	6.28264512522190e+01	7.49988000000000e-02	-1.28325931660935e+01	-2.80763000000000e-01
57	58	62	63	5.24285778269796e+01	8.55548000000000e-02	-1.28322142660938e+01	-1.48039000000000e+00
58	59	63	64	5.68110492996087e+01	8.06098000000000e-02	-1.28362475060291e+01	6.23798000000000e-01
59	60	64	49	8.61655696645231e+01	2.99097000000000e-02	-1.28367560480547e+01	-1.71937000000000e+00
65	66	67	68	4.00503568703038e+01	1.00000000000000e+06	-1.00241671306118e+00	0.00000000000000e+00
65	66	79	80	3.86466699263608e+01	1.00000000000000e+06	-1.00536073647031e+00	0.00000000000000e+00
66	67	68	69	3.71256169082820e+01	1.00000000000000e+06	-1.00450543731536e+00	0.00000000000000e+00
66	67	80	65	3.90428989235053e+01	1.00000000000000e+06	-1.00663128223818e+00	0.00000000000000e+00
67	68	69	70	4.06550623929823e+01	1.00000000000000e+06	-1.00820505783084e+00	0.00000000000000e+00
68	69	70	71	3.76466634685863e+01	1.00000000000000e+06	-1.00762715477578e+00	0.00000000000000e+00
69	70	71	72	3.96991403614694e+01	1.00000000000000e+06	-1.00251113926291e+00	0.00000000000000e+00
70	71	72	73	3.79048886367187e+01	1.00000000000000e+06	-1.00358991659148e+00	0.00000000000000e+00
71	72	73	74	3.94974044508479e+01	1.00000000000000e+06	-1.00694209704623e+00	0.00000000000000e+00
72	73	74	75	3.93646922468853e+01	1.00000000000000e+06	-1.00958665347261e+00	0.00000000000000e+00
73	74	75	76	3.85529291148836e+01	1.00000000000000e+06	-1.00583704107792e+00	0.00000000000000e+00
74	75	76	77	3.92835887115861e+01	1.00000000000000e+06	-1.00619565007636e+00	0.00000000000000e+00
75	76	77	78	3.85421964703046e+01	1.00000000000000e+06	-1.00508764600986e+00	0.00000000000000e+00
76	77	78	79	3.79372174495702e+01	1.00000000000000e+06	-1.00155544070273e+00	0.00000000000000e+00
77	78	79	80	3.52461186907700e+01	1.00000000000000e+06	-1.00747525170418e+00	0.00000000000000e+00
78	79	80	65	3.84492240055411e+01	1.00000000000000e+06	-1.00830588095564e+00	0.00000000000000e+00
65	66	68	69	3.89930965937134e+01	1.00000000000000e+06	-2.98406659424918e+00	0.00000000000000e+00
65	66	78	79	3.89827927925255e+01	1.00000000000000e+06	-2.98670656771903e+00	0.00000000000000e+00
66	67	69	70	3.89355358569783e+01	1.00000000000000e+06	-2.98729722618891e+00	0.00000000000000e+00
66	67	79	80	3.91332537725260e+01	1.00000000000000e+06	-2.98492435508921e+00	0.00000000000000e+00
67	68	70	71	3.92445353856071e+01	1.00000000000000e+06	-2.99049274832982e+00	0.00000000000000e+00
67	68	80	65	3.92967772012870e+01	1.00000000000000e+06	-2.98880264688827e+00	0.00000000000000e+00
68	69	71	72	3.90231396437720e+01	1.00000000000000e+06	-2.98682288262409e+00	0.00000000000000e+00
69	70	72	73	3.89113217844829e+01	1.00000000000000e+06	-2.98244180829651e+00	0.00000000000000e+00
70	71	73	74	3.88714905600803e+01	1.00000000000000e+06	-2.98501716761226e+00	0.00000000000000e+00
71	72	74	75	3.92965614190927e+01	1.00000000000000e+06	-2.98858166227537e+00	0.00000000000000e+00
72	73	75	76	3.91186364755779e+01	1.00000000000000e+06	-2.98494780551212e+00	0.00000000000000e+00
73	74	76	77	3.88947259300827e+01	1.00000000000000e+06	-2.98382272079314e+00	0.00000000000000e+00
74	75	77	78	3.88468786888749e+01	1.00000000000000e+06	-2.98482333104426e+00	0.00000000000000e+00
75	76	78	79	3.90559125450169e+01	1.00000000000000e+06	-2.98581189901127e+00	0.00000000000000e+00
76	77	79	80	3.93064651284216e+01	1.00000000000000e+06	-2.98599662162491e+00	0.00000000000000e+00
77	78	80	65	3.90414042522486e+01	1.00000000000000e+06	-2.98689487734193e+00	0.00000000000000e+00
65	66	69	70	3.88884198146469e+01	1.00000000000000e+06	-5.88112652038317e+00	0.00000000000000e+00
65	66	77	78	3.86171512638733e+01	1.00000000000000e+06	-5.87814078498806e+00	0.00000000000000e+00
66	67	70	71	3.85569724435875e+01	1.00000000000000e+06	-5.87731848293333e+00	0.00000000000000e+00
66	67	78	79	3.89338038991257e+01	1.00000000000000e+06	-5.87819360952342e+00	0.00000000000000e+00
67	68	71	72	3.88099198880355e+01	1.00000000000000e+06	-5.87940007393356e+00	0.00000000000000e+00
67	68	79	80	3.87476990140434e+01	1.00000000000000e+06	-5.88215544295540e+00	0.00000000000000e+00
68	69	72	73	3.87144717895445e+01	1.00000000000000e+06	-5.87661175118961e+00	0.00000000000000e+00
68	69	80	65	3.86951303986631e+01	1.00000000000000e+06	-5.87938755489458e+00	0.00000000000000e+00
69	70	73	74	3.86886240080799e+01	1.00000000000000e+06	-5.87553328292556e+00	0.00000000000000e+00
70	71	74	75	3.86788956055986e+01	1.00000000000000e+06	-5.87796575327623e+00	0.00000000000000e+00
71	72	75	76	3.87136346923221e+01	1.00000000000000e+06	-5.88018887324258e+00	0.00000000000000e+00
72	73	76	77	3.87088675908819e+01	1.00000000000000e+06	-5.87528839856626e+00	0.00000000000000e+00
73	74	77	78	3.87298565800638e+01	1.00000000000000e+06	-5.87564708667618e+00	0.00000000000000e+00
74	75	78	79	3.86678153675737e+01	1.00000000000000e+06	-5.87659447802553e+00	0.00000000000000e+00
75	76	79	80	3.87690833369332e+01	1.00000000000000e+06	-5.88014404751141e+00	0.00000000000000e+00
76	77	80	65	3.89135933541834e+01	1.00000000000000e+06	-5.87583419842260e+00	0.00000000000000e+00
65	66	70	71	3.84282519280828e+01	1.00000000000000e+06	-9.49330940210993e+00	0.00000000000000e+00
65	66	76	77	3.84962545908123e+01	1.00000000000000e+06	-9.48442913969394e+00	0.00000000000000e+00
66	67	71	72	3.85678248064827e+01	1.00000000000000e+06	-9.48721964914316e+00	0.00000000000000e+00
66	67	77	78	3.85544968899545e+01	1.00000000000000e+06	-9.49344570405931e+00	0.00000000000000e+00
67	68	72	73	3.83806789928782e+01	1.00000000000000e+06	-9.48668945430952e+00	0.00000000000000e+00
67	68	78	79	3.85034364513193e+01	1.00000000000000e+06	-9.48933135791779e+00	0.00000000000000e+00
68	69	73	74	3.86075098323230e+01	1.00000000000000e+06	-9.48930199170782e+00	0.00000000000000e+00
68	69	79	80	3.84958698953040e+01	1.00000000000000e+06	-9.48968838320366e+00	0.00000000000000e+00
69	70	74	75	3.86000386370612e+01	1.00000000000000e+06	-9.48951818299538e+00	0.00000000000000e+00
69	70	80	65	3.84427967236740e+01	1.00000000000000e+06	-9.49200169966421e+00	0.00000000000000e+00
70	71	75	76	3.84438785756958e+01	1.00000000000000e+06	-9.48999592092200e+00	0.00000000000000e+00
71	72	76	77	3.84873903508544e+01	1.00000000000000e+06	-9.49059269079984e+00	0.00000000000000e+00
72	73	77	78	3.85365493620785e+01	1.00000000000000e+06	-9.48865257491474e+00	0.00000000000000e+00
73	74	78	79	3.85114083820079e+01	1.00000000000000e+06	-9.48748475849997e+00	0.00000000000000e+00
74	75	79	80	3.85044444374937e+01	1.00000000000000e+06	-9.48740524469596e+00	0.00000000000000e+00
75	76	80	65	3.86011183647204e+01	1.00000000000000e+06	-9.48994693766820e+00	0.00000000000000e+00
