SHOT	1	99999		100000	0.00	0.00				
TRACE	1	100007.93	100000	-1.01	27.52				
TRACE	2	100019.88	100000	-2.17	49.07				
TRACE	3	100021.87	100000	-2.32	49.47				
TRACE	4	100033.84	100000	-3.20	50.89				
TRACE	5	100035.83	100000	-3.33	51.19				
SHOT	2	100028.85	100000	-2.85	0.00				
TRACE	6	100009.92	100000	-1.21	42.06				
TRACE	7	100011.91	100000	-1.43	42.06				
TRACE	8	100017.88	100000	-2.01	41.28				
TRACE	9	100025.86	100000	-2.62	38.69				
TRACE	10	100031.84	100000	-3.07	35.31				
TRACE	11	100039.83	100000	-3.60	36.72				
TRACE	12	100041.82	100000	-3.69	37.38				
TRACE	13	100043.82	100000	-3.78	37.71				
TRACE	14	100055.81	100000	-4.26	39.97				
TRACE	15	100057.81	100000	-4.30	40.38				
TRACE	16	100061.81	100000	-4.38	42.07				
TRACE	17	100063.81	100000	-4.43	42.72				
TRACE	18	100065.81	100000	-4.46	43.38				
TRACE	19	100069.81	100000	-4.52	44.20				
TRACE	20	100075.81	100000	-4.60	45.33				
TRACE	21	100081.81	100000	-4.62	45.81				
TRACE	22	100085.81	100000	-4.64	46.66				
TRACE	23	100093.81	100000	-4.71	46.61				
TRACE	24	100095.81	100000	-4.71	46.44				
SHOT	3	100058.81	100000	-4.32	0.00				
TRACE	17	100063.81	100000	-4.43	16.88				
TRACE	18	100065.81	100000	-4.46	22.85				
SHOT	4	100088.81	100000	-4.67	0.00				
TRACE	19	100045.82	100000	-3.86	36.61				
TRACE	20	100047.82	100000	-3.95	36.35				
TRACE	21	100053.81	100000	-4.20	34.53				
TRACE	22	100059.81	100000	-4.34	31.68				
TRACE	16	100061.81	100000	-4.38	30.64				
TRACE	23	100073.81	100000	-4.58	29.34				
TRACE	20	100075.81	100000	-4.60	28.30				
TRACE	24	100079.81	100000	-4.61	24.15				
TRACE	25	100083.81	100000	-4.63	16.88				
TRACE	26	100087.81	100000	-4.66	10.65				
TRACE	27	100089.81	100000	-4.67	10.13				
TRACE	28	100097.81	100000	-4.69	22.59				
TRACE	29	100101.81	100000	-4.61	27.26				
TRACE	30	100109.81	100000	-4.50	27.78				
TRACE	31	100111.8	100000	-4.44	28.04				
TRACE	32	100115.8	100000	-4.32	29.60				
TRACE	33	100117.8	100000	-4.29	30.64				
TRACE	34	100119.8	100000	-4.25	30.64				
SHOT	5	100118.8	100000	-4.27	0.00				
TRACE	35	100067.81	100000	-4.49	34.79				
TRACE	36	100071.81	100000	-4.55	34.01				
TRACE	23	100073.81	100000	-4.58	33.75				
TRACE	37	100077.81	100000	-4.61	32.45				
TRACE	24	100079.81	100000	-4.61	31.42				
TRACE	21	100081.81	100000	-4.62	30.68				
TRACE	25	100083.81	100000	-4.63	29.86				
TRACE	22	100085.81	100000	-4.64	29.81				
TRACE	26	100087.81	100000	-4.66	29.86				
TRACE	27	100089.81	100000	-4.67	28.82				
TRACE	38	100091.81	100000	-4.69	28.37				
TRACE	23	100093.81	100000	-4.71	27.26				
TRACE	24	100095.81	100000	-4.71	25.96				
TRACE	28	100097.81	100000	-4.69	25.18				
TRACE	39	100099.81	100000	-4.66	24.92				
TRACE	29	100101.81	100000	-4.61	25.18				
TRACE	40	100103.81	100000	-4.55	25.70				
TRACE	41	100105.81	100000	-4.51	23.63				
TRACE	42	100107.81	100000	-4.51	22.59				
TRACE	30	100109.81	100000	-4.50	21.03				
TRACE	31	100111.8	100000	-4.44	18.95				
TRACE	43	100113.8	100000	-4.37	15.84				
TRACE	32	100115.8	100000	-4.32	14.02				
TRACE	33	100117.8	100000	-4.29	5.45				
TRACE	34	100119.8	100000	-4.25	4.41				
TRACE	44	100121.8	100000	-4.22	11.94				
TRACE	45	100123.8	100000	-4.20	16.62				
TRACE	46	100125.8	100000	-4.18	22.07				
TRACE	47	100127.8	100000	-4.17	23.89				
TRACE	48	100129.8	100000	-4.16	25.18				
TRACE	49	100131.8	100000	-4.18	26.22				
TRACE	50	100133.8	100000	-4.19	25.96				
TRACE	51	100135.8	100000	-4.19	26.74				
TRACE	52	100137.8	100000	-4.17	27.78				
TRACE	53	100139.8	100000	-4.14	29.60				
TRACE	54	100141.8	100000	-4.16	28.82				
TRACE	55	100143.8	100000	-4.19	29.60				
TRACE	56	100145.8	100000	-4.20	30.38				
TRACE	57	100147.8	100000	-4.18	30.90				
TRACE	58	100149.8	100000	-4.17	30.64				
TRACE	59	100151.8	100000	-4.14	31.42				
TRACE	60	100153.8	100000	-4.12	31.16				
TRACE	61	100155.8	100000	-4.11	30.90				
TRACE	62	100157.8	100000	-4.11	30.64				
TRACE	63	100159.8	100000	-4.11	32.71				
SHOT	6	100148.8	100000	-4.17	0.00				
TRACE	40	100103.81	100000	-4.55	35.31				
TRACE	41	100105.81	100000	-4.51	34.53				
TRACE	42	100107.81	100000	-4.51	33.30				
TRACE	30	100109.81	100000	-4.50	32.19				
TRACE	31	100111.8	100000	-4.44	31.68				
TRACE	43	100113.8	100000	-4.37	31.42				
TRACE	32	100115.8	100000	-4.32	31.42				
TRACE	33	100117.8	100000	-4.29	31.68				
TRACE	34	100119.8	100000	-4.25	31.42				
TRACE	44	100121.8	100000	-4.22	30.64				
TRACE	45	100123.8	100000	-4.20	30.90				
TRACE	46	100125.8	100000	-4.18	30.12				
TRACE	47	100127.8	100000	-4.17	29.60				
TRACE	48	100129.8	100000	-4.16	28.82				
TRACE	49	100131.8	100000	-4.18	28.46				
TRACE	50	100133.8	100000	-4.19	27.26				
TRACE	51	100135.8	100000	-4.19	27.52				
TRACE	52	100137.8	100000	-4.17	27.26				
TRACE	53	100139.8	100000	-4.14	25.18				
TRACE	54	100141.8	100000	-4.16	21.29				
TRACE	55	100143.8	100000	-4.19	16.62				
TRACE	56	100145.8	100000	-4.20	10.65				
TRACE	57	100147.8	100000	-4.18	4.67				
TRACE	58	100149.8	100000	-4.17	4.41				
TRACE	59	100151.8	100000	-4.14	10.13				
TRACE	60	100153.8	100000	-4.12	15.84				
TRACE	61	100155.8	100000	-4.11	20.51				
TRACE	62	100157.8	100000	-4.11	24.41				
TRACE	63	100159.8	100000	-4.11	27.00				
TRACE	64	100161.8	100000	-4.08	27.52				
TRACE	65	100163.8	100000	-4.05	29.08				
TRACE	66	100165.8	100000	-4.01	29.08				
TRACE	67	100167.8	100000	-3.97	29.86				
TRACE	68	100169.8	100000	-3.92	30.38				
TRACE	69	100171.8	100000	-3.90	30.90				
TRACE	70	100173.8	100000	-3.88	32.19				
TRACE	71	100175.8	100000	-3.86	32.19				
SHOT	7	100178.8	100000	-3.83	0.00				
TRACE	52	100137.8	100000	-4.17	35.43				
TRACE	53	100139.8	100000	-4.14	34.91				
TRACE	54	100141.8	100000	-4.16	34.27				
TRACE	55	100143.8	100000	-4.19	33.92				
TRACE	56	100145.8	100000	-4.20	32.97				
TRACE	57	100147.8	100000	-4.18	32.60				
TRACE	58	100149.8	100000	-4.17	32.19				
TRACE	59	100151.8	100000	-4.14	31.96				
TRACE	60	100153.8	100000	-4.12	31.42				
TRACE	61	100155.8	100000	-4.11	30.64				
TRACE	62	100157.8	100000	-4.11	31.16				
TRACE	63	100159.8	100000	-4.11	29.60				
TRACE	64	100161.8	100000	-4.08	28.82				
TRACE	65	100163.8	100000	-4.05	28.30				
TRACE	66	100165.8	100000	-4.01	26.22				
TRACE	67	100167.8	100000	-3.97	23.63				
TRACE	68	100169.8	100000	-3.92	21.03				
TRACE	69	100171.8	100000	-3.90	17.40				
TRACE	70	100173.8	100000	-3.88	16.36				
TRACE	71	100175.8	100000	-3.86	10.39				
TRACE	72	100177.8	100000	-3.84	8.57				
TRACE	73	100179.8	100000	-3.82	8.38				
TRACE	74	100181.8	100000	-3.79	13.06				
TRACE	75	100183.8	100000	-3.77	17.94				
TRACE	76	100185.8	100000	-3.75	23.98				
TRACE	77	100187.8	100000	-3.73	27.69				
TRACE	78	100189.8	100000	-3.72	27.55				
TRACE	79	100191.8	100000	-3.69	27.88				
TRACE	80	100193.8	100000	-3.69	27.88				
TRACE	81	100195.8	100000	-3.69	28.86				
TRACE	82	100197.8	100000	-3.71	29.83				
TRACE	83	100199.8	100000	-3.72	30.22				
TRACE	84	100201.79	100000	-3.81	29.83				
TRACE	85	100203.79	100000	-3.90	30.22				
TRACE	86	100205.79	100000	-3.99	31.00				
TRACE	87	100207.79	100000	-4.07	31.59				
TRACE	88	100209.79	100000	-4.15	32.17				
TRACE	89	100211.79	100000	-4.14	31.78				
TRACE	91	100215.79	100000	-4.08	33.73				
TRACE	92	100217.79	100000	-4.04	34.90				
TRACE	93	100219.79	100000	-3.99	34.71				
TRACE	94	100221.79	100000	-3.96	34.32				
TRACE	95	100223.79	100000	-3.93	34.90				
SHOT	8	100208.79	100000	-4.11	0.00				
TRACE	59	100151.8	100000	-4.14	39.20				
TRACE	60	100153.8	100000	-4.12	39.98				
TRACE	61	100155.8	100000	-4.11	39.46				
TRACE	62	100157.8	100000	-4.11	38.95				
TRACE	63	100159.8	100000	-4.11	38.43				
TRACE	64	100161.8	100000	-4.08	37.91				
TRACE	65	100163.8	100000	-4.05	37.39				
TRACE	66	100165.8	100000	-4.01	36.87				
TRACE	67	100167.8	100000	-3.97	36.09				
TRACE	68	100169.8	100000	-3.92	35.05				
TRACE	69	100171.8	100000	-3.90	34.27				
TRACE	70	100173.8	100000	-3.88	33.75				
TRACE	71	100175.8	100000	-3.86	33.23				
TRACE	72	100177.8	100000	-3.84	32.45				
TRACE	73	100179.8	100000	-3.82	32.56				
TRACE	74	100181.8	100000	-3.79	32.71				
TRACE	75	100183.8	100000	-3.77	32.17				
TRACE	76	100185.8	100000	-3.75	31.49				
TRACE	77	100187.8	100000	-3.73	31.00				
TRACE	78	100189.8	100000	-3.72	30.75				
TRACE	79	100191.8	100000	-3.69	30.53				
TRACE	80	100193.8	100000	-3.69	29.86				
TRACE	81	100195.8	100000	-3.69	28.08				
TRACE	82	100197.8	100000	-3.71	26.74				
TRACE	83	100199.8	100000	-3.72	23.40				
TRACE	84	100201.79	100000	-3.81	19.89				
TRACE	85	100203.79	100000	-3.90	16.62				
TRACE	86	100205.79	100000	-3.99	13.06				
TRACE	87	100207.79	100000	-4.07	8.83				
TRACE	88	100209.79	100000	-4.15	8.19				
TRACE	89	100211.79	100000	-4.14	13.65				
TRACE	91	100215.79	100000	-4.08	20.86				
TRACE	92	100217.79	100000	-4.04	25.44				
TRACE	93	100219.79	100000	-3.99	27.00				
TRACE	94	100221.79	100000	-3.96	27.69				
TRACE	95	100223.79	100000	-3.93	29.08				
TRACE	96	100225.78	100000	-3.89	30.12				
TRACE	97	100227.78	100000	-3.85	30.90				
TRACE	98	100229.78	100000	-3.80	31.42				
TRACE	99	100231.78	100000	-3.79	32.19				
TRACE	100	100233.78	100000	-3.78	32.97				
TRACE	101	100235.78	100000	-3.78	32.19				
TRACE	102	100237.78	100000	-3.79	31.68				
TRACE	103	100239.78	100000	-3.80	32.95				
TRACE	104	100241.78	100000	-3.79	33.15				
TRACE	105	100243.78	100000	-3.77	33.73				
SHOT	9	100238.78	100000	-3.79	0.00				
TRACE	72	100177.8	100000	-3.84	41.28				
TRACE	73	100179.8	100000	-3.82	40.76				
TRACE	74	100181.8	100000	-3.79	41.02				
TRACE	75	100183.8	100000	-3.77	40.50				
TRACE	76	100185.8	100000	-3.75	39.46				
TRACE	77	100187.8	100000	-3.73	39.20				
TRACE	78	100189.8	100000	-3.72	39.46				
TRACE	79	100191.8	100000	-3.69	38.95				
TRACE	80	100193.8	100000	-3.69	38.43				
TRACE	81	100195.8	100000	-3.69	37.91				
TRACE	82	100197.8	100000	-3.71	38.17				
TRACE	83	100199.8	100000	-3.72	36.87				
TRACE	84	100201.79	100000	-3.81	36.35				
TRACE	85	100203.79	100000	-3.90	33.73				
TRACE	86	100205.79	100000	-3.99	32.71				
TRACE	87	100207.79	100000	-4.07	32.45				
TRACE	88	100209.79	100000	-4.15	32.45				
TRACE	89	100211.79	100000	-4.14	32.17				
TRACE	91	100215.79	100000	-4.08	32.71				
TRACE	92	100217.79	100000	-4.04	31.39				
TRACE	93	100219.79	100000	-3.99	30.38				
TRACE	94	100221.79	100000	-3.96	29.25				
TRACE	95	100223.79	100000	-3.93	28.82				
TRACE	96	100225.78	100000	-3.89	28.56				
TRACE	97	100227.78	100000	-3.85	25.93				
TRACE	98	100229.78	100000	-3.80	22.33				
TRACE	99	100231.78	100000	-3.79	18.69				
TRACE	100	100233.78	100000	-3.78	15.32				
TRACE	101	100235.78	100000	-3.78	11.89				
TRACE	102	100237.78	100000	-3.79	8.31				
TRACE	103	100239.78	100000	-3.80	7.99				
TRACE	104	100241.78	100000	-3.79	10.92				
TRACE	105	100243.78	100000	-3.77	16.96				
TRACE	106	100245.78	100000	-3.77	20.08				
TRACE	107	100247.78	100000	-3.78	23.20				
TRACE	108	100249.78	100000	-3.79	25.93				
TRACE	109	100251.78	100000	-3.79	28.47				
TRACE	110	100253.78	100000	-3.79	29.05				
TRACE	111	100255.78	100000	-3.78	30.03				
TRACE	112	100257.78	100000	-3.74	30.03				
TRACE	113	100259.78	100000	-3.71	30.81				
TRACE	114	100261.78	100000	-3.66	31.00				
TRACE	115	100263.78	100000	-3.61	31.78				
TRACE	116	100265.78	100000	-3.55	32.95				
TRACE	117	100267.78	100000	-3.48	32.76				
TRACE	118	100269.78	100000	-3.40	34.71				
TRACE	119	100271.78	100000	-3.36	35.29				
TRACE	120	100273.78	100000	-3.33	35.10				
TRACE	121	100275.78	100000	-3.28	34.71				
TRACE	122	100277.77	100000	-3.19	35.29				
SHOT	10	100268.78	100000	-3.44	0.00				
TRACE	104	100241.78	100000	-3.79	33.54				
TRACE	105	100243.78	100000	-3.77	33.34				
TRACE	106	100245.78	100000	-3.77	33.20				
TRACE	107	100247.78	100000	-3.78	32.17				
TRACE	108	100249.78	100000	-3.79	31.59				
TRACE	109	100251.78	100000	-3.79	31.20				
TRACE	110	100253.78	100000	-3.79	30.42				
TRACE	111	100255.78	100000	-3.78	29.49				
TRACE	112	100257.78	100000	-3.74	29.29				
TRACE	113	100259.78	100000	-3.71	28.47				
TRACE	114	100261.78	100000	-3.66	19.89				
TRACE	115	100263.78	100000	-3.61	16.96				
TRACE	116	100265.78	100000	-3.55	10.33				
TRACE	117	100267.78	100000	-3.48	5.26				
TRACE	118	100269.78	100000	-3.40	5.07				
TRACE	119	100271.78	100000	-3.36	11.50				
TRACE	120	100273.78	100000	-3.33	16.96				
TRACE	121	100275.78	100000	-3.28	20.86				
TRACE	122	100277.77	100000	-3.19	27.69				
TRACE	123	100279.77	100000	-3.11	29.64				
TRACE	124	100281.77	100000	-2.99	31.78				
TRACE	125	100283.77	100000	-2.88	33.15				
TRACE	126	100285.76	100000	-2.79	33.15				
TRACE	127	100287.76	100000	-2.74	33.15				
TRACE	128	100289.76	100000	-2.70	33.46				
TRACE	129	100291.76	100000	-2.66	33.55				
TRACE	130	100293.76	100000	-2.62	33.63				
TRACE	131	100295.76	100000	-2.60	34.02				
TRACE	132	100297.76	100000	-2.59	34.43				
SHOT	11	100298.76	100000	-2.58	0.00				
TRACE	116	100265.78	100000	-3.55	31.51				
TRACE	117	100267.78	100000	-3.48	31.12				
TRACE	118	100269.78	100000	-3.40	30.73				
TRACE	119	100271.78	100000	-3.36	30.54				
TRACE	120	100273.78	100000	-3.33	30.30				
TRACE	121	100275.78	100000	-3.28	29.56				
TRACE	122	100277.77	100000	-3.19	28.98				
TRACE	123	100279.77	100000	-3.11	28.78				
TRACE	124	100281.77	100000	-2.99	28.33				
TRACE	125	100283.77	100000	-2.88	28.00				
TRACE	126	100285.76	100000	-2.79	25.86				
TRACE	127	100287.76	100000	-2.74	22.93				
TRACE	128	100289.76	100000	-2.70	19.23				
TRACE	129	100291.76	100000	-2.66	15.91				
TRACE	130	100293.76	100000	-2.62	10.65				
TRACE	131	100295.76	100000	-2.60	8.70				
TRACE	132	100297.76	100000	-2.59	4.80				
TRACE	133	100299.76	100000	-2.58	4.99				
TRACE	134	100301.76	100000	-2.56	9.28				
TRACE	135	100303.76	100000	-2.55	12.60				
TRACE	136	100305.76	100000	-2.54	17.47				
TRACE	137	100307.76	100000	-2.54	20.01				
TRACE	138	100309.76	100000	-2.54	23.71				
TRACE	139	100311.76	100000	-2.54	25.86				
TRACE	140	100313.76	100000	-2.53	28.39				
TRACE	141	100315.76	100000	-2.53	27.61				
TRACE	142	100317.76	100000	-2.54	27.81				
TRACE	143	100319.76	100000	-2.54	28.20				
TRACE	144	100321.76	100000	-2.55	29.17				
TRACE	145	100323.76	100000	-2.56	29.37				
TRACE	146	100325.76	100000	-2.56	30.34				
TRACE	147	100327.76	100000	-2.56	30.34				
TRACE	148	100329.76	100000	-2.57	29.56				
SHOT	12	100328.76	100000	-2.57	0.00				
TRACE	125	100283.77	100000	-2.88	38.90				
TRACE	126	100285.76	100000	-2.79	38.09				
TRACE	127	100287.76	100000	-2.74	37.47				
TRACE	128	100289.76	100000	-2.70	37.02				
TRACE	129	100291.76	100000	-2.66	36.66				
TRACE	130	100293.76	100000	-2.62	36.07				
TRACE	131	100295.76	100000	-2.60	35.68				
TRACE	132	100297.76	100000	-2.59	34.71				
TRACE	133	100299.76	100000	-2.58	35.10				
TRACE	134	100301.76	100000	-2.56	34.12				
TRACE	135	100303.76	100000	-2.55	33.93				
TRACE	136	100305.76	100000	-2.54	32.76				
TRACE	137	100307.76	100000	-2.54	33.15				
TRACE	138	100309.76	100000	-2.54	32.37				
TRACE	139	100311.76	100000	-2.54	31.98				
TRACE	140	100313.76	100000	-2.53	31.00				
TRACE	141	100315.76	100000	-2.53	30.03				
TRACE	142	100317.76	100000	-2.54	27.10				
TRACE	143	100319.76	100000	-2.54	22.81				
TRACE	144	100321.76	100000	-2.55	20.08				
TRACE	145	100323.76	100000	-2.56	15.99				
TRACE	146	100325.76	100000	-2.56	12.28				
TRACE	147	100327.76	100000	-2.56	7.02				
TRACE	148	100329.76	100000	-2.57	8.77				
TRACE	149	100331.76	100000	-2.58	11.11				
TRACE	150	100333.76	100000	-2.59	16.57				
TRACE	151	100335.76	100000	-2.60	20.47				
TRACE	152	100337.76	100000	-2.60	24.76				
TRACE	153	100339.76	100000	-2.59	28.66				
TRACE	154	100341.76	100000	-2.63	30.42				
TRACE	155	100343.76	100000	-2.68	31.00				
TRACE	156	100345.76	100000	-2.71	32.56				
TRACE	157	100347.76	100000	-2.71	32.17				
TRACE	158	100349.76	100000	-2.72	33.54				
TRACE	159	100351.76	100000	-2.73	34.32				
TRACE	160	100353.76	100000	-2.73	35.10				
TRACE	161	100355.76	100000	-2.74	35.10				
TRACE	162	100357.76	100000	-2.74	36.85				
SHOT	13	100358.76	100000	-2.74	0.00				
TRACE	146	100325.76	100000	-2.56	37.44				
TRACE	147	100327.76	100000	-2.56	37.05				
TRACE	148	100329.76	100000	-2.57	36.85				
TRACE	149	100331.76	100000	-2.58	36.27				
TRACE	150	100333.76	100000	-2.59	36.46				
TRACE	151	100335.76	100000	-2.60	35.49				
TRACE	152	100337.76	100000	-2.60	35.88				
TRACE	153	100339.76	100000	-2.59	35.29				
TRACE	154	100341.76	100000	-2.63	34.32				
TRACE	155	100343.76	100000	-2.68	33.54				
TRACE	156	100345.76	100000	-2.71	33.34				
TRACE	157	100347.76	100000	-2.71	30.61				
TRACE	158	100349.76	100000	-2.72	26.52				
TRACE	159	100351.76	100000	-2.73	21.06				
TRACE	160	100353.76	100000	-2.73	16.77				
TRACE	161	100355.76	100000	-2.74	10.92				
TRACE	162	100357.76	100000	-2.74	8.58				
TRACE	163	100359.76	100000	-2.74	7.21				
TRACE	164	100361.76	100000	-2.75	12.09				
TRACE	165	100363.76	100000	-2.75	17.74				
TRACE	166	100365.76	100000	-2.76	22.42				
TRACE	167	100367.76	100000	-2.76	26.32				
TRACE	168	100369.76	100000	-2.76	29.64				
TRACE	169	100371.76	100000	-2.77	32.17				
TRACE	170	100373.76	100000	-2.78	35.29				
TRACE	171	100375.76	100000	-2.79	35.10				
TRACE	172	100377.76	100000	-2.79	35.68				
TRACE	173	100379.76	100000	-2.80	36.66				
TRACE	174	100381.76	100000	-2.80	37.05				
TRACE	175	100383.76	100000	-2.81	36.85				
TRACE	176	100385.76	100000	-2.81	37.63				
TRACE	177	100387.76	100000	-2.82	38.41				
TRACE	178	100389.76	100000	-2.82	39.00				
TRACE	179	100391.76	100000	-2.83	39.19				
TRACE	180	100393.76	100000	-2.83	38.61				
TRACE	181	100395.76	100000	-2.83	38.80				
SHOT	14	100388.76	100000	-2.82	0.00				
TRACE	158	100349.76	100000	-2.72	38.61				
TRACE	159	100351.76	100000	-2.73	38.02				
TRACE	160	100353.76	100000	-2.73	37.05				
TRACE	161	100355.76	100000	-2.74	37.24				
TRACE	162	100357.76	100000	-2.74	37.05				
TRACE	163	100359.76	100000	-2.74	36.46				
TRACE	164	100361.76	100000	-2.75	36.07				
TRACE	165	100363.76	100000	-2.75	35.57				
TRACE	166	100365.76	100000	-2.76	33.73				
TRACE	167	100367.76	100000	-2.76	33.15				
TRACE	168	100369.76	100000	-2.76	33.21				
TRACE	169	100371.76	100000	-2.77	32.56				
TRACE	170	100373.76	100000	-2.78	33.15				
TRACE	171	100375.76	100000	-2.79	31.98				
TRACE	172	100377.76	100000	-2.79	30.42				
TRACE	173	100379.76	100000	-2.80	27.30				
TRACE	174	100381.76	100000	-2.80	23.20				
TRACE	175	100383.76	100000	-2.81	19.30				
TRACE	176	100385.76	100000	-2.81	14.82				
TRACE	177	100387.76	100000	-2.82	9.16				
TRACE	178	100389.76	100000	-2.82	9.36				
TRACE	179	100391.76	100000	-2.83	14.04				
TRACE	180	100393.76	100000	-2.83	19.50				
TRACE	181	100395.76	100000	-2.83	23.40				
TRACE	182	100397.76	100000	-2.82	27.69				
TRACE	183	100399.76	100000	-2.82	29.44				
TRACE	184	100401.76	100000	-2.82	31.78				
TRACE	187	100407.76	100000	-2.84	33.57				
TRACE	188	100409.76	100000	-2.86	34.12				
TRACE	189	100411.76	100000	-2.87	34.12				
TRACE	190	100413.76	100000	-2.87	35.68				
TRACE	191	100415.76	100000	-2.88	37.05				
TRACE	192	100417.76	100000	-2.88	36.85				
TRACE	193	100419.76	100000	-2.88	37.05				
SHOT	15	100418.76	100000	-2.88	0.00				
TRACE	174	100381.76	100000	-2.80	37.44				
TRACE	175	100383.76	100000	-2.81	37.44				
TRACE	176	100385.76	100000	-2.81	37.83				
TRACE	177	100387.76	100000	-2.82	36.66				
TRACE	178	100389.76	100000	-2.82	36.21				
TRACE	179	100391.76	100000	-2.83	35.55				
TRACE	180	100393.76	100000	-2.83	34.84				
TRACE	181	100395.76	100000	-2.83	34.36				
TRACE	182	100397.76	100000	-2.82	33.73				
TRACE	183	100399.76	100000	-2.82	33.34				
TRACE	184	100401.76	100000	-2.82	32.17				
TRACE	185	100403.76	100000	-2.82	31.39				
TRACE	186	100405.76	100000	-2.83	30.22				
TRACE	187	100407.76	100000	-2.84	28.66				
TRACE	188	100409.76	100000	-2.86	25.93				
TRACE	189	100411.76	100000	-2.87	22.03				
TRACE	190	100413.76	100000	-2.87	20.47				
TRACE	191	100415.76	100000	-2.88	16.38				
TRACE	192	100417.76	100000	-2.88	10.14				
TRACE	193	100419.76	100000	-2.88	9.55				
TRACE	194	100421.76	100000	-2.88	11.89				
TRACE	195	100423.76	100000	-2.89	16.57				
TRACE	196	100425.76	100000	-2.89	22.03				
TRACE	197	100427.76	100000	-2.88	29.05				
TRACE	198	100429.76	100000	-2.88	30.22				
TRACE	199	100431.76	100000	-2.87	30.81				
TRACE	200	100433.76	100000	-2.86	31.39				
TRACE	201	100435.73	100000	-2.86	32.56				
TRACE	202	100437.73	100000	-2.81	32.56				
TRACE	203	100439.73	100000	-2.77	33.34				
TRACE	204	100441.73	100000	-2.75	33.15				
TRACE	205	100443.73	100000	-2.74	33.54				
TRACE	206	100445.73	100000	-2.72	33.93				
TRACE	207	100447.73	100000	-2.69	34.71				
TRACE	208	100449.73	100000	-2.65	35.88				
SHOT	16	100448.73	100000	-2.67	0.00				
TRACE	189	100411.76	100000	-2.87	37.24				
TRACE	190	100413.76	100000	-2.87	37.44				
TRACE	191	100415.76	100000	-2.88	37.63				
TRACE	192	100417.76	100000	-2.88	36.27				
TRACE	193	100419.76	100000	-2.88	36.07				
TRACE	194	100421.76	100000	-2.88	35.29				
TRACE	195	100423.76	100000	-2.89	34.51				
TRACE	196	100425.76	100000	-2.89	34.32				
TRACE	197	100427.76	100000	-2.88	33.93				
TRACE	198	100429.76	100000	-2.88	33.54				
TRACE	199	100431.76	100000	-2.87	32.95				
TRACE	200	100433.76	100000	-2.86	32.17				
TRACE	201	100435.73	100000	-2.86	31.78				
TRACE	202	100437.73	100000	-2.81	27.49				
TRACE	203	100439.73	100000	-2.77	25.54				
TRACE	204	100441.73	100000	-2.75	20.86				
TRACE	205	100443.73	100000	-2.74	17.16				
TRACE	206	100445.73	100000	-2.72	9.75				
TRACE	207	100447.73	100000	-2.69	5.26				
TRACE	208	100449.73	100000	-2.65	5.46				
TRACE	209	100451.73	100000	-2.63	12.09				
TRACE	210	100453.73	100000	-2.62	17.35				
TRACE	211	100455.73	100000	-2.59	22.42				
TRACE	212	100457.73	100000	-2.55	28.66				
TRACE	213	100459.73	100000	-2.52	31.00				
TRACE	214	100461.73	100000	-2.54	32.17				
TRACE	215	100463.73	100000	-2.58	31.94				
TRACE	216	100465.73	100000	-2.60	31.98				
TRACE	217	100467.73	100000	-2.59	32.76				
TRACE	218	100469.73	100000	-2.58	33.10				
TRACE	219	100471.73	100000	-2.58	34.32				
TRACE	220	100473.73	100000	-2.58	34.90				
TRACE	221	100475.73	100000	-2.58	34.51				
SHOT	17	100478.73	100000	-2.59	0.00				
TRACE	210	100453.73	100000	-2.62	35.88				
TRACE	211	100455.73	100000	-2.59	35.39				
TRACE	212	100457.73	100000	-2.55	35.02				
TRACE	213	100459.73	100000	-2.52	34.51				
TRACE	214	100461.73	100000	-2.54	33.81				
TRACE	215	100463.73	100000	-2.58	32.17				
TRACE	216	100465.73	100000	-2.60	32.17				
TRACE	217	100467.73	100000	-2.59	27.88				
TRACE	218	100469.73	100000	-2.58	25.54				
TRACE	219	100471.73	100000	-2.58	20.67				
TRACE	220	100473.73	100000	-2.58	18.33				
TRACE	221	100475.73	100000	-2.58	10.53				
TRACE	222	100477.73	100000	-2.58	9.16				
TRACE	223	100479.73	100000	-2.59	5.46				
TRACE	224	100481.73	100000	-2.58	10.92				
TRACE	225	100483.73	100000	-2.58	16.57				
TRACE	226	100485.73	100000	-2.57	21.84				
TRACE	227	100487.73	100000	-2.56	24.76				
TRACE	228	100489.73	100000	-2.55	27.10				
TRACE	229	100491.73	100000	-2.52	29.83				
TRACE	230	100493.73	100000	-2.48	31.39				
TRACE	231	100495.73	100000	-2.45	31.39				
TRACE	232	100497.73	100000	-2.41	31.78				
TRACE	233	100499.73	100000	-2.38	33.34				
TRACE	234	100501.73	100000	-2.37	34.71				
TRACE	235	100503.73	100000	-2.37	34.32				
SHOT	18	100508.73	100000	-2.33	0.00				
TRACE	222	100477.73	100000	-2.58	35.68				
TRACE	223	100479.73	100000	-2.59	35.68				
TRACE	224	100481.73	100000	-2.58	34.71				
TRACE	225	100483.73	100000	-2.58	35.10				
TRACE	226	100485.73	100000	-2.57	33.54				
TRACE	227	100487.73	100000	-2.56	33.93				
TRACE	228	100489.73	100000	-2.55	32.56				
TRACE	229	100491.73	100000	-2.52	31.78				
TRACE	230	100493.73	100000	-2.48	31.39				
TRACE	231	100495.73	100000	-2.45	31.20				
TRACE	232	100497.73	100000	-2.41	29.64				
TRACE	233	100499.73	100000	-2.38	25.93				
TRACE	234	100501.73	100000	-2.37	21.64				
TRACE	235	100503.73	100000	-2.37	16.57				
TRACE	236	100505.73	100000	-2.36	12.48				
TRACE	237	100507.73	100000	-2.34	7.80				
TRACE	238	100509.73	100000	-2.32	7.41				
TRACE	239	100511.73	100000	-2.33	11.50				
TRACE	240	100513.73	100000	-2.35	16.96				
TRACE	241	100515.73	100000	-2.36	22.42				
TRACE	242	100517.73	100000	-2.35	26.32				
TRACE	243	100519.73	100000	-2.35	29.83				
TRACE	244	100521.73	100000	-2.35	30.81				
TRACE	245	100523.73	100000	-2.36	31.78				
TRACE	246	100525.73	100000	-2.35	32.37				
TRACE	247	100527.73	100000	-2.34	33.15				
TRACE	248	100529.73	100000	-2.33	34.12				
SHOT	19	100530.73	100000	-2.33	0.00				
TRACE	227	100487.73	100000	-2.56	39.19				
TRACE	228	100489.73	100000	-2.55	38.61				
TRACE	229	100491.73	100000	-2.52	38.41				
TRACE	230	100493.73	100000	-2.48	38.22				
TRACE	231	100495.73	100000	-2.45	38.22				
TRACE	232	100497.73	100000	-2.41	37.44				
TRACE	233	100499.73	100000	-2.38	36.27				
TRACE	234	100501.73	100000	-2.37	35.88				
TRACE	235	100503.73	100000	-2.37	36.07				
TRACE	236	100505.73	100000	-2.36	35.29				
TRACE	237	100507.73	100000	-2.34	35.29				
TRACE	238	100509.73	100000	-2.32	34.32				
TRACE	239	100511.73	100000	-2.33	31.98				
TRACE	240	100513.73	100000	-2.35	31.20				
TRACE	241	100515.73	100000	-2.36	31.20				
TRACE	242	100517.73	100000	-2.35	29.25				
TRACE	243	100519.73	100000	-2.35	25.54				
TRACE	244	100521.73	100000	-2.35	21.64				
TRACE	245	100523.73	100000	-2.36	17.35				
TRACE	246	100525.73	100000	-2.35	13.45				
TRACE	247	100527.73	100000	-2.34	10.92				
TRACE	248	100529.73	100000	-2.33	8.38				

									
									
									
									
									
									
									
									
									
									
									
									
									
									
									
									
									
									
									
									
									
									
									
									
									
									
									
									
									
									
									
									
									
									
									
									
									
									
									
									
									
									
									
									
									
									
									
									
									
									
									
									
									
									
									
									
									
									
									
									
									
									
									
									
									
									
									
									
									
									
									
									
									
									
									
									
									
									
									
									
									
									
									
									
									
									
									
									
									
									
									
									
									
									
									
									
									
									
									
									
									
									
									
									
									
									
									
									
									
									
									
									
									
									
									
									
									
									
									
									
									
									
									
									
									
									
									
									
									
									
									
									
									
									
									
									
									
									
									
									
									
									
									
									
									
									
									
									
									
									
									
									
									
									
									
									
									
									
									
									
									
									
									
									
									
									
									
									
									
									
									
									
									
									
									
									
									
									
									
									
									
									
									
									
									
									
									
									
									
									
									
									
									
									
									
									
									
									
									
									
									
									
									
									
									
									
									
									
									
									
									
									
									
									
									
									
									
									
									
									
									
									
									
									
									
									
									
									
									
									
									
									
									
									
									
									
									
									
									
									
									
									
									
									
									
									
									
									
									
									
									
									
									
									
									
									
									
									
									
									
									
									
									
									
									
									
									
									
									
									
									
									
									
									
									
									
									
									
									
									
									
									
									
									
									
									
									
									
									
									
									
									
									
									
									
									
									
									
									
									
									
									
									
									
									
									
									
									
									
									
									
									
