1 1 2 1 10.18
2 1 3 1 19.83
3 1 4 1 29.90
4 1 5 1 40.72
5 1 6 1 52.41
6 1 7 1 57.55
7 1 8 1 57.39
8 1 9 1 61.31
9 1 10 1 68.18
10 1 11 1 67.23
11 1 12 1 72.82
12 1 13 1 77.46
13 1 14 1 79.01
14 1 15 1 85.66
15 1 16 1 86.97
16 1 17 1 93.69
17 1 18 1 93.73
18 1 19 1 93.79
19 1 20 1 97.52
20 1 21 1 97.58
21 1 22 1 105.07
22 1 23 1 105.90
23 1 24 1 109.99
24 1 25 1 107.03
25 1 26 1 118.08
26 1 27 1 117.33
27 1 28 1 121.75
28 1 29 1 125.26
29 1 30 1 133.26
30 1 31 1 139.71
31 1 32 1 143.28
32 1 33 1 147.72
33 1 34 1 145.00
34 1 35 1 146.27
35 1 36 1 145.07
36 1 37 1 150.70
37 1 38 1 152.63
38 1 39 1 155.60
39 1 40 1 158.70
40 1 41 1 162.46
41 1 42 1 162.15
42 1 43 1 165.95
43 1 44 1 166.89
44 1 45 1 172.45
45 1 46 1 174.07
46 1 47 1 176.28
47 1 48 1 178.07
48 1 49 1 183.31
49 1 50 1 181.61
50 1 51 1 183.22
51 1 52 1 191.66
52 1 53 1 197.82
53 1 54 1 196.33
54 1 55 1 195.12
55 1 56 1 200.16
56 1 57 1 203.91
57 1 58 1 210.84
58 1 59 1 207.84
59 1 60 1 209.74
60 3 1 1 20.26
61 3 2 1 8.31
62 3 4 1 8.69
63 3 5 1 19.90
64 3 6 1 31.40
65 3 7 1 41.95
66 3 8 1 48.31
67 3 9 1 57.14
68 3 10 1 61.99
69 3 11 1 63.03
70 3 12 1 64.76
71 3 13 1 70.22
72 3 14 1 76.54
73 3 15 1 82.96
74 3 16 1 82.51
75 3 17 1 86.16
76 3 18 1 87.25
77 3 19 1 87.99
78 3 20 1 92.33
79 3 21 1 93.52
80 3 22 1 97.76
81 3 23 1 103.63
82 3 24 1 105.80
83 3 25 1 106.82
84 3 26 1 106.30
85 3 27 1 119.32
86 3 28 1 117.07
87 3 29 1 129.71
88 3 30 1 130.24
89 3 31 1 136.57
90 3 32 1 142.16
91 3 33 1 144.96
92 3 34 1 141.67
93 3 35 1 143.80
94 3 36 1 143.62
95 3 37 1 148.60
96 3 38 1 146.73
97 3 39 1 153.95
98 3 40 1 152.61
99 3 41 1 154.61
100 3 42 1 155.95
101 3 43 1 158.54
102 3 44 1 165.15
103 3 45 1 163.19
104 3 46 1 170.03
105 3 47 1 169.90
106 3 48 1 176.43
107 3 49 1 175.07
108 3 50 1 180.11
109 3 51 1 185.49
110 3 52 1 185.27
111 3 53 1 185.78
112 3 54 1 187.52
113 3 55 1 199.15
114 3 56 1 196.60
115 3 57 1 201.11
116 3 58 1 202.20
117 3 59 1 203.33
118 3 60 1 206.71
119 5 1 1 38.25
120 5 2 1 33.21
121 5 3 1 20.32
122 5 4 1 10.62
123 5 6 1 11.25
124 5 7 1 20.52
125 5 8 1 31.31
126 5 9 1 40.00
127 5 10 1 48.00
128 5 11 1 61.80
129 5 12 1 61.00
130 5 13 1 65.19
131 5 14 1 74.96
132 5 15 1 76.63
133 5 16 1 72.59
134 5 17 1 78.63
135 5 18 1 82.68
136 5 19 1 79.31
137 5 20 1 88.59
138 5 21 1 88.41
139 5 22 1 91.61
140 5 23 1 97.19
141 5 24 1 102.18
142 5 25 1 100.92
143 5 26 1 103.86
144 5 27 1 112.05
145 5 28 1 113.95
146 5 29 1 117.27
147 5 30 1 122.44
148 5 31 1 128.53
149 5 32 1 129.33
150 5 33 1 141.71
151 5 34 1 140.43
152 5 35 1 137.15
153 5 36 1 137.39
154 5 37 1 140.61
155 5 38 1 143.96
156 5 39 1 142.49
157 5 40 1 149.14
158 5 41 1 150.53
159 5 42 1 149.62
160 5 43 1 153.22
161 5 44 1 158.00
162 5 45 1 163.43
163 5 46 1 164.49
164 5 47 1 164.38
165 5 48 1 165.53
166 5 49 1 177.69
167 5 50 1 175.64
168 5 51 1 174.96
169 5 52 1 177.78
170 5 53 1 186.35
171 5 54 1 181.94
172 5 55 1 188.42
173 5 56 1 190.39
174 5 57 1 196.81
175 5 58 1 198.00
176 5 59 1 195.35
177 5 60 1 199.44
178 7 1 1 57.35
179 7 2 1 48.77
180 7 3 1 40.67
181 7 4 1 29.65
182 7 5 1 21.20
183 7 6 1 10.38
184 7 8 1 9.64
185 7 9 1 18.72
186 7 10 1 29.48
187 7 11 1 38.05
188 7 12 1 51.96
189 7 13 1 62.27
190 7 14 1 63.17
191 7 15 1 69.93
192 7 16 1 68.39
193 7 17 1 73.35
194 7 18 1 77.91
195 7 19 1 77.23
196 7 20 1 80.25
197 7 21 1 86.23
198 7 22 1 84.43
199 7 23 1 91.74
200 7 24 1 92.71
201 7 25 1 93.84
202 7 26 1 97.43
203 7 27 1 103.11
204 7 28 1 107.07
205 7 29 1 112.05
206 7 30 1 117.03
207 7 31 1 123.38
208 7 32 1 123.62
209 7 33 1 136.63
210 7 34 1 136.23
211 7 35 1 132.26
212 7 36 1 132.88
213 7 37 1 129.83
214 7 38 1 141.18
215 7 39 1 138.13
216 7 40 1 139.83
217 7 41 1 144.25
218 7 42 1 146.49
219 7 43 1 149.41
220 7 44 1 152.43
221 7 45 1 153.31
222 7 46 1 158.73
223 7 47 1 156.91
224 7 48 1 161.96
225 7 49 1 165.81
226 7 50 1 167.23
227 7 51 1 173.02
228 7 52 1 178.78
229 7 53 1 180.10
230 7 54 1 185.50
231 7 55 1 177.87
232 7 56 1 186.59
233 7 57 1 191.72
234 7 58 1 191.68
235 7 59 1 193.59
236 7 60 1 200.94
237 9 1 1 58.96
238 9 2 1 59.12
239 9 3 1 59.54
240 9 4 1 50.81
241 9 5 1 40.75
242 9 6 1 30.44
243 9 7 1 19.38
244 9 8 1 10.80
245 9 10 1 10.63
246 9 11 1 20.58
247 9 12 1 31.11
248 9 13 1 38.96
249 9 14 1 48.67
250 9 15 1 57.48
251 9 16 1 65.41
252 9 17 1 66.45
253 9 18 1 71.04
254 9 19 1 73.55
255 9 20 1 77.07
256 9 21 1 76.56
257 9 22 1 80.45
258 9 23 1 83.82
259 9 24 1 91.03
260 9 25 1 87.89
261 9 26 1 91.65
262 9 27 1 94.05
263 9 28 1 102.09
264 9 29 1 108.63
265 9 30 1 114.79
266 9 31 1 118.59
267 9 32 1 126.45
268 9 33 1 128.34
269 9 34 1 128.23
270 9 35 1 132.43
271 9 36 1 126.01
272 9 37 1 130.81
273 9 38 1 129.28
274 9 39 1 135.75
275 9 40 1 139.36
276 9 41 1 142.57
277 9 42 1 141.01
278 9 43 1 142.17
279 9 44 1 143.93
280 9 45 1 151.17
281 9 46 1 153.70
282 9 47 1 157.96
283 9 48 1 160.61
284 9 49 1 163.22
285 9 50 1 165.17
286 9 51 1 169.10
287 9 52 1 173.55
288 9 53 1 174.83
289 9 54 1 181.88
290 9 55 1 178.58
291 9 56 1 179.90
292 9 57 1 181.24
293 9 58 1 184.24
294 9 59 1 189.23
295 9 60 1 190.19
296 11 1 1 67.78
297 11 2 1 66.22
298 11 3 1 64.96
299 11 4 1 59.47
300 11 5 1 57.09
301 11 6 1 49.14
302 11 7 1 38.32
303 11 8 1 29.53
304 11 9 1 20.44
305 11 10 1 11.05
306 11 12 1 8.40
307 11 13 1 22.61
308 11 14 1 29.87
309 11 15 1 39.26
310 11 16 1 49.63
311 11 17 1 59.07
312 11 18 1 67.69
313 11 19 1 68.51
314 11 20 1 67.28
315 11 21 1 72.89
316 11 22 1 74.60
317 11 23 1 78.45
318 11 24 1 81.32
319 11 25 1 84.00
320 11 26 1 89.56
321 11 27 1 95.21
322 11 28 1 101.33
323 11 29 1 104.59
324 11 30 1 108.22
325 11 31 1 114.51
326 11 32 1 117.35
327 11 33 1 122.34
328 11 34 1 124.41
329 11 35 1 116.72
330 11 36 1 119.81
331 11 37 1 126.74
332 11 38 1 128.54
333 11 39 1 133.75
334 11 40 1 132.12
335 11 41 1 132.55
336 11 42 1 135.43
337 11 43 1 142.61
338 11 44 1 144.27
339 11 45 1 143.36
340 11 46 1 151.62
341 11 47 1 152.45
342 11 48 1 151.61
343 11 49 1 155.68
344 11 50 1 160.28
345 11 51 1 164.05
346 11 52 1 166.03
347 11 53 1 163.13
348 11 54 1 166.99
349 11 55 1 171.87
350 11 56 1 183.85
351 11 57 1 172.53
352 11 58 1 180.88
353 11 59 1 188.22
354 11 60 1 184.22
355 13 1 1 75.61
356 13 2 1 72.17
357 13 3 1 68.72
358 13 4 1 66.88
359 13 5 1 65.54
360 13 6 1 67.14
361 13 7 1 59.85
362 13 8 1 51.40
363 13 9 1 39.00
364 13 10 1 30.70
365 13 11 1 19.32
366 13 12 1 8.15
367 13 14 1 10.19
368 13 15 1 21.02
369 13 16 1 31.51
370 13 17 1 39.99
371 13 18 1 50.47
372 13 19 1 55.39
373 13 20 1 62.10
374 13 21 1 65.52
375 13 22 1 67.05
376 13 23 1 71.32
377 13 24 1 69.91
378 13 25 1 78.75
379 13 26 1 81.67
380 13 27 1 88.65
381 13 28 1 90.78
382 13 29 1 98.42
383 13 30 1 101.87
384 13 31 1 108.77
385 13 32 1 111.94
386 13 33 1 115.31
387 13 34 1 115.09
388 13 35 1 114.77
389 13 36 1 118.98
390 13 37 1 117.51
391 13 38 1 120.96
392 13 39 1 120.97
393 13 40 1 123.54
394 13 41 1 132.17
395 13 42 1 133.86
396 13 43 1 134.65
397 13 44 1 135.58
398 13 45 1 144.38
399 13 46 1 139.76
400 13 47 1 145.69
401 13 48 1 145.23
402 13 49 1 153.94
403 13 50 1 155.08
404 13 51 1 158.66
405 13 52 1 155.43
406 13 53 1 160.98
407 13 54 1 164.65
408 13 55 1 165.88
409 13 56 1 168.74
410 13 57 1 174.62
411 13 58 1 172.05
412 13 59 1 176.73
413 13 60 1 179.39
414 15 1 1 87.32
415 15 2 1 82.15
416 15 3 1 82.46
417 15 4 1 76.35
418 15 5 1 75.35
419 15 6 1 70.78
420 15 7 1 69.50
421 15 8 1 66.27
422 15 9 1 57.25
423 15 10 1 47.98
424 15 11 1 43.23
425 15 12 1 29.58
426 15 13 1 17.95
427 15 14 1 10.30
428 15 16 1 11.61
429 15 17 1 21.14
430 15 18 1 32.52
431 15 19 1 40.69
432 15 20 1 49.07
433 15 21 1 57.27
434 15 22 1 56.49
435 15 23 1 62.81
436 15 24 1 65.94
437 15 25 1 69.89
438 15 26 1 69.56
439 15 27 1 73.35
440 15 28 1 82.58
441 15 29 1 87.37
442 15 30 1 96.31
443 15 31 1 99.06
444 15 32 1 104.14
445 15 33 1 105.46
446 15 34 1 112.32
447 15 35 1 104.80
448 15 36 1 111.79
449 15 37 1 114.74
450 15 38 1 115.17
451 15 39 1 118.29
452 15 40 1 115.41
453 15 41 1 119.72
454 15 42 1 121.12
455 15 43 1 122.14
456 15 44 1 124.30
457 15 45 1 127.59
458 15 46 1 134.07
459 15 47 1 137.12
460 15 48 1 136.99
461 15 49 1 145.27
462 15 50 1 148.37
463 15 51 1 150.10
464 15 52 1 154.98
465 15 53 1 157.10
466 15 54 1 157.19
467 15 55 1 159.95
468 15 56 1 163.21
469 15 57 1 166.54
470 15 58 1 166.25
471 15 59 1 171.31
472 15 60 1 175.64
473 17 1 1 91.07
474 17 2 1 86.56
475 17 3 1 86.41
476 17 4 1 79.00
477 17 5 1 77.95
478 17 6 1 74.80
479 17 7 1 70.89
480 17 8 1 73.13
481 17 9 1 70.09
482 17 10 1 65.27
483 17 11 1 60.88
484 17 12 1 49.77
485 17 13 1 42.68
486 17 14 1 30.54
487 17 15 1 19.06
488 17 16 1 10.24
489 17 18 1 8.00
490 17 19 1 19.72
491 17 20 1 26.85
492 17 21 1 38.19
493 17 22 1 52.08
494 17 23 1 55.65
495 17 24 1 59.13
496 17 25 1 64.11
497 17 26 1 66.13
498 17 27 1 73.83
499 17 28 1 75.13
500 17 29 1 83.49
501 17 30 1 90.81
502 17 31 1 93.74
503 17 32 1 97.67
504 17 33 1 100.49
505 17 34 1 105.38
506 17 35 1 102.50
507 17 36 1 107.29
508 17 37 1 103.67
509 17 38 1 109.65
510 17 39 1 112.90
511 17 40 1 112.63
512 17 41 1 116.61
513 17 42 1 119.17
514 17 43 1 119.48
515 17 44 1 125.26
516 17 45 1 127.41
517 17 46 1 130.11
518 17 47 1 131.40
519 17 48 1 134.07
520 17 49 1 135.83
521 17 50 1 138.10
522 17 51 1 145.34
523 17 52 1 145.66
524 17 53 1 152.93
525 17 54 1 151.18
526 17 55 1 149.84
527 17 56 1 156.16
528 17 57 1 159.24
529 17 58 1 162.74
530 17 59 1 162.41
531 17 60 1 168.79
532 19 1 1 91.85
533 19 2 1 90.95
534 19 3 1 89.53
535 19 4 1 84.37
536 19 5 1 81.64
537 19 6 1 82.74
538 19 7 1 76.74
539 19 8 1 77.49
540 19 9 1 76.68
541 19 10 1 70.56
542 19 11 1 70.57
543 19 12 1 67.21
544 19 13 1 57.70
545 19 14 1 50.43
546 19 15 1 35.96
547 19 16 1 28.65
548 19 17 1 17.84
549 19 18 1 9.04
550 19 20 1 8.76
551 19 21 1 17.40
552 19 22 1 30.66
553 19 23 1 38.69
554 19 24 1 48.94
555 19 25 1 57.68
556 19 26 1 59.07
557 19 27 1 65.59
558 19 28 1 70.28
559 19 29 1 76.31
560 19 30 1 80.44
561 19 31 1 86.16
562 19 32 1 91.38
563 19 33 1 96.00
564 19 34 1 100.15
565 19 35 1 96.07
566 19 36 1 96.13
567 19 37 1 100.51
568 19 38 1 104.77
569 19 39 1 104.12
570 19 40 1 107.15
571 19 41 1 111.22
572 19 42 1 112.99
573 19 43 1 110.23
574 19 44 1 116.51
575 19 45 1 119.77
576 19 46 1 120.69
577 19 47 1 127.57
578 19 48 1 131.90
579 19 49 1 129.91
580 19 50 1 133.42
581 19 51 1 139.26
582 19 52 1 138.29
583 19 53 1 146.77
584 19 54 1 143.23
585 19 55 1 143.83
586 19 56 1 154.15
587 19 57 1 155.36
588 19 58 1 153.60
589 19 59 1 158.65
590 19 60 1 165.88
591 21 1 1 99.59
592 21 2 1 98.94
593 21 3 1 93.97
594 21 4 1 86.98
595 21 5 1 89.43
596 21 6 1 88.42
597 21 7 1 87.75
598 21 8 1 81.32
599 21 9 1 78.55
600 21 10 1 77.20
601 21 11 1 72.67
602 21 12 1 70.72
603 21 13 1 65.74
604 21 14 1 59.14
605 21 15 1 55.80
606 21 16 1 48.50
607 21 17 1 40.82
608 21 18 1 31.08
609 21 19 1 18.58
610 21 20 1 9.43
611 21 22 1 9.73
612 21 23 1 18.73
613 21 24 1 31.72
614 21 25 1 39.60
615 21 26 1 49.55
616 21 27 1 59.55
617 21 28 1 66.07
618 21 29 1 70.63
619 21 30 1 75.17
620 21 31 1 82.06
621 21 32 1 86.54
622 21 33 1 92.03
623 21 34 1 94.34
624 21 35 1 87.45
625 21 36 1 92.59
626 21 37 1 93.60
627 21 38 1 94.88
628 21 39 1 100.82
629 21 40 1 104.81
630 21 41 1 104.53
631 21 42 1 109.53
632 21 43 1 109.27
633 21 44 1 113.80
634 21 45 1 111.63
635 21 46 1 115.06
636 21 47 1 119.59
637 21 48 1 123.01
638 21 49 1 126.13
639 21 50 1 131.33
640 21 51 1 131.78
641 21 52 1 135.12
642 21 53 1 133.40
643 21 54 1 143.16
644 21 55 1 143.54
645 21 56 1 146.52
646 21 57 1 146.91
647 21 58 1 147.08
648 21 59 1 150.69
649 21 60 1 160.31
650 23 1 1 103.85
651 23 2 1 102.19
652 23 3 1 98.70
653 23 4 1 96.13
654 23 5 1 96.39
655 23 6 1 90.27
656 23 7 1 90.41
657 23 8 1 85.71
658 23 9 1 81.66
659 23 10 1 84.16
660 23 11 1 80.99
661 23 12 1 78.54
662 23 13 1 70.09
663 23 14 1 70.56
664 23 15 1 63.49
665 23 16 1 58.97
666 23 17 1 54.39
667 23 18 1 51.27
668 23 19 1 39.51
669 23 20 1 31.21
670 23 21 1 20.10
671 23 22 1 9.15
672 23 24 1 10.31
673 23 25 1 20.71
674 23 26 1 28.75
675 23 27 1 39.26
676 23 28 1 51.79
677 23 29 1 61.13
678 23 30 1 71.99
679 23 31 1 77.35
680 23 32 1 79.51
681 23 33 1 85.32
682 23 34 1 93.94
683 23 35 1 86.68
684 23 36 1 90.16
685 23 37 1 92.48
686 23 38 1 91.74
687 23 39 1 97.67
688 23 40 1 97.37
689 23 41 1 101.06
690 23 42 1 104.76
691 23 43 1 107.27
692 23 44 1 104.64
693 23 45 1 113.12
694 23 46 1 114.39
695 23 47 1 119.03
696 23 48 1 117.78
697 23 49 1 121.48
698 23 50 1 129.21
699 23 51 1 130.85
700 23 52 1 128.34
701 23 53 1 136.50
702 23 54 1 137.61
703 23 55 1 140.26
704 23 56 1 140.28
705 23 57 1 145.65
706 23 58 1 148.76
707 23 59 1 151.54
708 23 60 1 154.77
709 25 1 1 110.93
710 25 2 1 109.03
711 25 3 1 107.47
712 25 4 1 100.71
713 25 5 1 99.95
714 25 6 1 97.83
715 25 7 1 97.40
716 25 8 1 92.82
717 25 9 1 90.18
718 25 10 1 87.73
719 25 11 1 84.82
720 25 12 1 83.55
721 25 13 1 75.65
722 25 14 1 73.93
723 25 15 1 67.73
724 25 16 1 64.85
725 25 17 1 61.51
726 25 18 1 57.40
727 25 19 1 56.47
728 25 20 1 50.13
729 25 21 1 39.46
730 25 22 1 27.76
731 25 23 1 18.88
732 25 24 1 10.46
733 25 26 1 8.70
734 25 27 1 21.14
735 25 28 1 32.58
736 25 29 1 40.54
737 25 30 1 50.63
738 25 31 1 60.17
739 25 32 1 72.66
740 25 33 1 78.16
741 25 34 1 83.47
742 25 35 1 81.08
743 25 36 1 84.89
744 25 37 1 85.17
745 25 38 1 90.22
746 25 39 1 90.29
747 25 40 1 96.35
748 25 41 1 95.39
749 25 42 1 102.51
750 25 43 1 101.59
751 25 44 1 103.09
752 25 45 1 107.52
753 25 46 1 109.79
754 25 47 1 115.40
755 25 48 1 113.82
756 25 49 1 119.94
757 25 50 1 123.88
758 25 51 1 123.70
759 25 52 1 123.82
760 25 53 1 129.53
761 25 54 1 129.76
762 25 55 1 139.62
763 25 56 1 135.26
764 25 57 1 145.41
765 25 58 1 140.30
766 25 59 1 145.34
767 25 60 1 149.28
768 27 1 1 123.15
769 27 2 1 114.83
770 27 3 1 112.58
771 27 4 1 112.82
772 27 5 1 109.09
773 27 6 1 107.19
774 27 7 1 103.56
775 27 8 1 104.75
776 27 9 1 100.15
777 27 10 1 95.32
778 27 11 1 93.51
779 27 12 1 93.77
780 27 13 1 83.15
781 27 14 1 80.28
782 27 15 1 78.81
783 27 16 1 74.98
784 27 17 1 72.95
785 27 18 1 66.74
786 27 19 1 69.76
787 27 20 1 63.61
788 27 21 1 58.21
789 27 22 1 50.43
790 27 23 1 38.08
791 27 24 1 31.58
792 27 25 1 19.48
793 27 26 1 9.65
794 27 28 1 9.55
795 27 29 1 21.69
796 27 30 1 29.00
797 27 31 1 39.94
798 27 32 1 51.09
799 27 33 1 58.93
800 27 34 1 70.45
801 27 35 1 78.60
802 27 36 1 79.46
803 27 37 1 83.70
804 27 38 1 86.65
805 27 39 1 87.51
806 27 40 1 94.21
807 27 41 1 96.40
808 27 42 1 98.38
809 27 43 1 100.83
810 27 44 1 104.16
811 27 45 1 105.05
812 27 46 1 115.50
813 27 47 1 117.32
814 27 48 1 114.92
815 27 49 1 120.15
816 27 50 1 122.20
817 27 51 1 125.44
818 27 52 1 127.10
819 27 53 1 134.94
820 27 54 1 132.23
821 27 55 1 134.58
822 27 56 1 141.07
823 27 57 1 148.29
824 27 58 1 145.39
825 27 59 1 145.80
826 27 60 1 149.34
827 29 1 1 127.94
828 29 2 1 126.44
829 29 3 1 124.79
830 29 4 1 121.98
831 29 5 1 119.27
832 29 6 1 115.69
833 29 7 1 113.62
834 29 8 1 112.81
835 29 9 1 111.98
836 29 10 1 106.27
837 29 11 1 103.37
838 29 12 1 99.20
839 29 13 1 94.56
840 29 14 1 88.65
841 29 15 1 83.83
842 29 16 1 86.21
843 29 17 1 78.16
844 29 18 1 77.41
845 29 19 1 78.34
846 29 20 1 74.06
847 29 21 1 71.38
848 29 22 1 64.96
849 29 23 1 60.91
850 29 24 1 50.72
851 29 25 1 39.77
852 29 26 1 29.57
853 29 27 1 18.89
854 29 28 1 10.43
855 29 30 1 10.59
856 29 31 1 19.63
857 29 32 1 30.53
858 29 33 1 39.75
859 29 34 1 52.69
860 29 35 1 62.07
861 29 36 1 71.50
862 29 37 1 74.65
863 29 38 1 74.11
864 29 39 1 78.48
865 29 40 1 81.77
866 29 41 1 87.12
867 29 42 1 89.48
868 29 43 1 91.50
869 29 44 1 93.97
870 29 45 1 97.52
871 29 46 1 103.75
872 29 47 1 102.54
873 29 48 1 107.44
874 29 49 1 114.40
875 29 50 1 109.67
876 29 51 1 116.15
877 29 52 1 113.15
878 29 53 1 123.68
879 29 54 1 126.53
880 29 55 1 121.61
881 29 56 1 131.95
882 29 57 1 135.05
883 29 58 1 130.87
884 29 59 1 137.05
885 29 60 1 143.81
886 31 1 1 136.66
887 31 2 1 134.80
888 31 3 1 135.83
889 31 4 1 131.18
890 31 5 1 130.55
891 31 6 1 127.54
892 31 7 1 123.21
893 31 8 1 117.78
894 31 9 1 118.25
895 31 10 1 117.70
896 31 11 1 109.88
897 31 12 1 105.84
898 31 13 1 106.83
899 31 14 1 101.41
900 31 15 1 101.33
901 31 16 1 96.49
902 31 17 1 90.84
903 31 18 1 86.65
904 31 19 1 85.21
905 31 20 1 84.20
906 31 21 1 81.76
907 31 22 1 78.79
908 31 23 1 76.88
909 31 24 1 69.68
910 31 25 1 56.78
911 31 26 1 49.20
912 31 27 1 40.12
913 31 28 1 30.87
914 31 29 1 20.11
915 31 30 1 9.56
916 31 32 1 9.32
917 31 33 1 20.29
918 31 34 1 30.26
919 31 35 1 39.50
920 31 36 1 50.70
921 31 37 1 60.07
922 31 38 1 68.34
923 31 39 1 70.41
924 31 40 1 70.62
925 31 41 1 78.41
926 31 42 1 77.26
927 31 43 1 77.64
928 31 44 1 84.00
929 31 45 1 89.55
930 31 46 1 91.08
931 31 47 1 92.59
932 31 48 1 97.31
933 31 49 1 100.14
934 31 50 1 104.05
935 31 51 1 108.62
936 31 52 1 104.99
937 31 53 1 112.07
938 31 54 1 113.47
939 31 55 1 113.54
940 31 56 1 117.89
941 31 57 1 124.33
942 31 58 1 125.80
943 31 59 1 129.96
944 31 60 1 129.69
945 33 1 1 149.50
946 33 2 1 146.11
947 33 3 1 144.17
948 33 4 1 141.69
949 33 5 1 138.60
950 33 6 1 135.20
951 33 7 1 137.02
952 33 8 1 126.47
953 33 9 1 127.75
954 33 10 1 125.92
955 33 11 1 120.94
956 33 12 1 120.79
957 33 13 1 114.21
958 33 14 1 108.51
959 33 15 1 106.98
960 33 16 1 106.68
961 33 17 1 101.50
962 33 18 1 97.80
963 33 19 1 97.46
964 33 20 1 96.66
965 33 21 1 89.06
966 33 22 1 87.55
967 33 23 1 82.62
968 33 24 1 81.12
969 33 25 1 73.89
970 33 26 1 70.05
971 33 27 1 57.76
972 33 28 1 47.65
973 33 29 1 42.92
974 33 30 1 29.71
975 33 31 1 19.62
976 33 32 1 8.36
977 33 34 1 9.65
978 33 35 1 21.45
979 33 36 1 30.02
980 33 37 1 37.21
981 33 38 1 50.49
982 33 39 1 59.58
983 33 40 1 63.00
984 33 41 1 64.36
985 33 42 1 66.89
986 33 43 1 69.50
987 33 44 1 72.27
988 33 45 1 74.92
989 33 46 1 82.64
990 33 47 1 84.27
991 33 48 1 85.96
992 33 49 1 91.58
993 33 50 1 91.27
994 33 51 1 96.52
995 33 52 1 101.25
996 33 53 1 103.49
997 33 54 1 104.88
998 33 55 1 106.85
999 33 56 1 111.61
1000 33 57 1 113.79
1001 33 58 1 116.22
1002 33 59 1 115.63
1003 33 60 1 118.80
1004 35 1 1 148.99
1005 35 2 1 141.38
1006 35 3 1 141.60
1007 35 4 1 135.54
1008 35 5 1 138.19
1009 35 6 1 135.85
1010 35 7 1 128.65
1011 35 8 1 129.73
1012 35 9 1 125.59
1013 35 10 1 125.79
1014 35 11 1 118.98
1015 35 12 1 120.22
1016 35 13 1 115.17
1017 35 14 1 112.30
1018 35 15 1 106.35
1019 35 16 1 105.75
1020 35 17 1 103.58
1021 35 18 1 98.31
1022 35 19 1 96.44
1023 35 20 1 94.55
1024 35 21 1 91.88
1025 35 22 1 85.29
1026 35 23 1 88.67
1027 35 24 1 87.05
1028 35 25 1 80.06
1029 35 26 1 82.96
1030 35 27 1 78.35
1031 35 28 1 67.12
1032 35 29 1 61.58
1033 35 30 1 48.82
1034 35 31 1 40.74
1035 35 32 1 31.28
1036 35 33 1 23.00
1037 35 34 1 8.85
1038 35 36 1 8.62
1039 35 37 1 20.65
1040 35 38 1 30.23
1041 35 39 1 40.30
1042 35 40 1 51.88
1043 35 41 1 56.40
1044 35 42 1 59.49
1045 35 43 1 62.34
1046 35 44 1 65.40
1047 35 45 1 70.22
1048 35 46 1 68.75
1049 35 47 1 77.54
1050 35 48 1 77.22
1051 35 49 1 79.47
1052 35 50 1 87.95
1053 35 51 1 88.64
1054 35 52 1 90.33
1055 35 53 1 91.68
1056 35 54 1 96.39
1057 35 55 1 97.89
1058 35 56 1 102.07
1059 35 57 1 104.22
1060 35 58 1 107.49
1061 35 59 1 111.04
1062 35 60 1 114.71
1063 37 1 1 145.49
1064 37 2 1 148.61
1065 37 3 1 144.03
1066 37 4 1 141.64
1067 37 5 1 142.28
1068 37 6 1 136.87
1069 37 7 1 136.28
1070 37 8 1 131.86
1071 37 9 1 128.77
1072 37 10 1 129.06
1073 37 11 1 129.55
1074 37 12 1 126.50
1075 37 13 1 115.78
1076 37 14 1 114.02
1077 37 15 1 110.42
1078 37 16 1 108.59
1079 37 17 1 109.21
1080 37 18 1 103.96
1081 37 19 1 98.30
1082 37 20 1 94.39
1083 37 21 1 95.29
1084 37 22 1 91.25
1085 37 23 1 93.59
1086 37 24 1 86.00
1087 37 25 1 84.74
1088 37 26 1 87.99
1089 37 27 1 86.00
1090 37 28 1 80.52
1091 37 29 1 76.60
1092 37 30 1 68.58
1093 37 31 1 61.48
1094 37 32 1 49.95
1095 37 33 1 39.18
1096 37 34 1 30.39
1097 37 35 1 18.95
1098 37 36 1 9.94
1099 37 38 1 10.62
1100 37 39 1 21.38
1101 37 40 1 28.78
1102 37 41 1 40.14
1103 37 42 1 50.48
1104 37 43 1 57.70
1105 37 44 1 60.66
1106 37 45 1 63.92
1107 37 46 1 65.70
1108 37 47 1 69.48
1109 37 48 1 74.33
1110 37 49 1 72.70
1111 37 50 1 77.41
1112 37 51 1 81.52
1113 37 52 1 86.30
1114 37 53 1 87.69
1115 37 54 1 87.70
1116 37 55 1 92.02
1117 37 56 1 96.92
1118 37 57 1 99.88
1119 37 58 1 100.89
1120 37 59 1 103.02
1121 37 60 1 106.59
1122 39 1 1 151.89
1123 39 2 1 149.03
1124 39 3 1 152.55
1125 39 4 1 151.18
1126 39 5 1 144.36
1127 39 6 1 138.39
1128 39 7 1 140.49
1129 39 8 1 140.13
1130 39 9 1 137.01
1131 39 10 1 131.79
1132 39 11 1 131.92
1133 39 12 1 131.82
1134 39 13 1 127.81
1135 39 14 1 121.75
1136 39 15 1 112.99
1137 39 16 1 114.98
1138 39 17 1 108.42
1139 39 18 1 107.30
1140 39 19 1 106.58
1141 39 20 1 103.55
1142 39 21 1 101.98
1143 39 22 1 97.55
1144 39 23 1 100.50
1145 39 24 1 91.19
1146 39 25 1 91.71
1147 39 26 1 92.22
1148 39 27 1 90.79
1149 39 28 1 82.99
1150 39 29 1 80.15
1151 39 30 1 74.91
1152 39 31 1 70.90
1153 39 32 1 62.52
1154 39 33 1 62.75
1155 39 34 1 51.85
1156 39 35 1 38.69
1157 39 36 1 29.41
1158 39 37 1 21.88
1159 39 38 1 10.33
1160 39 40 1 10.29
1161 39 41 1 19.62
1162 39 42 1 30.02
1163 39 43 1 42.32
1164 39 44 1 49.38
1165 39 45 1 59.71
1166 39 46 1 63.86
1167 39 47 1 67.59
1168 39 48 1 68.61
1169 39 49 1 71.75
1170 39 50 1 72.21
1171 39 51 1 78.46
1172 39 52 1 79.96
1173 39 53 1 82.47
1174 39 54 1 85.20
1175 39 55 1 86.14
1176 39 56 1 91.69
1177 39 57 1 91.60
1178 39 58 1 99.71
1179 39 59 1 100.95
1180 39 60 1 99.23
1181 41 1 1 159.52
1182 41 2 1 158.20
1183 41 3 1 157.27
1184 41 4 1 150.41
1185 41 5 1 150.51
1186 41 6 1 149.23
1187 41 7 1 141.77
1188 41 8 1 145.62
1189 41 9 1 137.79
1190 41 10 1 138.17
1191 41 11 1 136.30
1192 41 12 1 135.17
1193 41 13 1 129.74
1194 41 14 1 128.09
1195 41 15 1 118.25
1196 41 16 1 116.57
1197 41 17 1 116.99
1198 41 18 1 115.43
1199 41 19 1 109.29
1200 41 20 1 107.21
1201 41 21 1 104.42
1202 41 22 1 102.22
1203 41 23 1 102.72
1204 41 24 1 98.53
1205 41 25 1 91.92
1206 41 26 1 100.61
1207 41 27 1 93.39
1208 41 28 1 89.78
1209 41 29 1 84.28
1210 41 30 1 78.03
1211 41 31 1 78.01
1212 41 32 1 69.59
1213 41 33 1 63.97
1214 41 34 1 60.15
1215 41 35 1 58.38
1216 41 36 1 48.51
1217 41 37 1 38.21
1218 41 38 1 29.34
1219 41 39 1 19.97
1220 41 40 1 11.33
1221 41 42 1 8.70
1222 41 43 1 20.42
1223 41 44 1 27.89
1224 41 45 1 40.02
1225 41 46 1 51.33
1226 41 47 1 59.63
1227 41 48 1 64.35
1228 41 49 1 64.86
1229 41 50 1 71.06
1230 41 51 1 72.69
1231 41 52 1 71.46
1232 41 53 1 76.52
1233 41 54 1 79.86
1234 41 55 1 83.07
1235 41 56 1 84.85
1236 41 57 1 85.13
1237 41 58 1 89.63
1238 41 59 1 92.41
1239 41 60 1 96.19
1240 43 1 1 163.02
1241 43 2 1 162.71
1242 43 3 1 158.29
1243 43 4 1 155.19
1244 43 5 1 157.96
1245 43 6 1 154.38
1246 43 7 1 146.74
1247 43 8 1 142.56
1248 43 9 1 140.49
1249 43 10 1 141.90
1250 43 11 1 136.90
1251 43 12 1 141.39
1252 43 13 1 134.36
1253 43 14 1 126.79
1254 43 15 1 122.73
1255 43 16 1 121.53
1256 43 17 1 121.52
1257 43 18 1 117.14
1258 43 19 1 113.78
1259 43 20 1 109.40
1260 43 21 1 108.94
1261 43 22 1 108.57
1262 43 23 1 105.55
1263 43 24 1 98.33
1264 43 25 1 99.96
1265 43 26 1 104.51
1266 43 27 1 101.95
1267 43 28 1 97.91
1268 43 29 1 91.14
1269 43 30 1 84.88
1270 43 31 1 81.87
1271 43 32 1 73.87
1272 43 33 1 69.41
1273 43 34 1 66.38
1274 43 35 1 61.22
1275 43 36 1 58.05
1276 43 37 1 55.67
1277 43 38 1 49.16
1278 43 39 1 41.21
1279 43 40 1 29.73
1280 43 41 1 20.88
1281 43 42 1 8.28
1282 43 44 1 10.49
1283 43 45 1 20.27
1284 43 46 1 28.45
1285 43 47 1 40.67
1286 43 48 1 50.97
1287 43 49 1 57.65
1288 43 50 1 63.54
1289 43 51 1 66.06
1290 43 52 1 67.27
1291 43 53 1 72.15
1292 43 54 1 74.52
1293 43 55 1 74.85
1294 43 56 1 79.94
1295 43 57 1 80.91
1296 43 58 1 85.20
1297 43 59 1 85.79
1298 43 60 1 90.62
1299 45 1 1 175.16
1300 45 2 1 173.50
1301 45 3 1 162.45
1302 45 4 1 162.08
1303 45 5 1 161.41
1304 45 6 1 159.93
1305 45 7 1 149.29
1306 45 8 1 153.17
1307 45 9 1 150.96
1308 45 10 1 151.23
1309 45 11 1 148.70
1310 45 12 1 143.12
1311 45 13 1 141.29
1312 45 14 1 133.56
1313 45 15 1 128.89
1314 45 16 1 127.20
1315 45 17 1 127.22
1316 45 18 1 121.77
1317 45 19 1 118.90
1318 45 20 1 120.60
1319 45 21 1 117.33
1320 45 22 1 113.31
1321 45 23 1 111.61
1322 45 24 1 109.25
1323 45 25 1 105.58
1324 45 26 1 111.15
1325 45 27 1 109.56
1326 45 28 1 100.70
1327 45 29 1 96.61
1328 45 30 1 92.10
1329 45 31 1 85.54
1330 45 32 1 80.34
1331 45 33 1 75.96
1332 45 34 1 73.80
1333 45 35 1 67.55
1334 45 36 1 66.26
1335 45 37 1 66.06
1336 45 38 1 58.64
1337 45 39 1 58.95
1338 45 40 1 49.76
1339 45 41 1 41.17
1340 45 42 1 29.88
1341 45 43 1 20.57
1342 45 44 1 9.64
1343 45 46 1 10.54
1344 45 47 1 18.53
1345 45 48 1 29.57
1346 45 49 1 40.46
1347 45 50 1 49.10
1348 45 51 1 59.44
1349 45 52 1 61.99
1350 45 53 1 68.83
1351 45 54 1 70.63
1352 45 55 1 71.22
1353 45 56 1 76.08
1354 45 57 1 78.46
1355 45 58 1 82.93
1356 45 59 1 84.62
1357 45 60 1 82.08
1358 47 1 1 179.88
1359 47 2 1 175.03
1360 47 3 1 173.62
1361 47 4 1 173.05
1362 47 5 1 165.21
1363 47 6 1 166.46
1364 47 7 1 159.41
1365 47 8 1 162.10
1366 47 9 1 160.83
1367 47 10 1 156.01
1368 47 11 1 153.92
1369 47 12 1 150.24
1370 47 13 1 148.37
1371 47 14 1 140.95
1372 47 15 1 139.74
1373 47 16 1 136.91
1374 47 17 1 135.88
1375 47 18 1 131.73
1376 47 19 1 127.27
1377 47 20 1 125.09
1378 47 21 1 123.73
1379 47 22 1 116.29
1380 47 23 1 119.75
1381 47 24 1 118.31
1382 47 25 1 113.59
1383 47 26 1 111.39
1384 47 27 1 115.15
1385 47 28 1 109.80
1386 47 29 1 103.96
1387 47 30 1 96.50
1388 47 31 1 96.27
1389 47 32 1 90.20
1390 47 33 1 85.01
1391 47 34 1 85.68
1392 47 35 1 76.60
1393 47 36 1 72.40
1394 47 37 1 72.38
1395 47 38 1 66.66
1396 47 39 1 65.32
1397 47 40 1 61.05
1398 47 41 1 61.40
1399 47 42 1 53.70
1400 47 43 1 39.77
1401 47 44 1 29.94
1402 47 45 1 17.88
1403 47 46 1 9.33
1404 47 48 1 10.15
1405 47 49 1 19.47
1406 47 50 1 31.12
1407 47 51 1 40.15
1408 47 52 1 50.10
1409 47 53 1 61.43
1410 47 54 1 60.59
1411 47 55 1 63.16
1412 47 56 1 66.28
1413 47 57 1 68.09
1414 47 58 1 74.82
1415 47 59 1 71.86
1416 47 60 1 76.20
1417 49 1 1 180.87
1418 49 2 1 176.32
1419 49 3 1 178.26
1420 49 4 1 172.72
1421 49 5 1 171.03
1422 49 6 1 169.16
1423 49 7 1 168.73
1424 49 8 1 165.50
1425 49 9 1 162.37
1426 49 10 1 162.36
1427 49 11 1 158.96
1428 49 12 1 157.25
1429 49 13 1 150.32
1430 49 14 1 148.58
1431 49 15 1 140.91
1432 49 16 1 141.08
1433 49 17 1 134.29
1434 49 18 1 134.62
1435 49 19 1 129.04
1436 49 20 1 128.76
1437 49 21 1 126.85
1438 49 22 1 126.51
1439 49 23 1 124.16
1440 49 24 1 121.72
1441 49 25 1 115.48
1442 49 26 1 117.42
1443 49 27 1 118.92
1444 49 28 1 115.38
1445 49 29 1 105.39
1446 49 30 1 104.57
1447 49 31 1 97.42
1448 49 32 1 92.26
1449 49 33 1 90.80
1450 49 34 1 85.55
1451 49 35 1 80.37
1452 49 36 1 79.26
1453 49 37 1 74.35
1454 49 38 1 74.24
1455 49 39 1 69.95
1456 49 40 1 66.40
1457 49 41 1 64.39
1458 49 42 1 64.68
1459 49 43 1 57.65
1460 49 44 1 48.48
1461 49 45 1 39.56
1462 49 46 1 28.62
1463 49 47 1 21.76
1464 49 48 1 11.51
1465 49 50 1 9.43
1466 49 51 1 17.76
1467 49 52 1 29.29
1468 49 53 1 37.77
1469 49 54 1 51.53
1470 49 55 1 55.80
1471 49 56 1 59.00
1472 49 57 1 60.26
1473 49 58 1 64.44
1474 49 59 1 67.90
1475 49 60 1 68.71
1476 51 1 1 189.88
1477 51 2 1 187.39
1478 51 3 1 184.13
1479 51 4 1 178.85
1480 51 5 1 181.06
1481 51 6 1 175.30
1482 51 7 1 168.76
1483 51 8 1 171.69
1484 51 9 1 168.88
1485 51 10 1 161.76
1486 51 11 1 165.01
1487 51 12 1 165.86
1488 51 13 1 153.64
1489 51 14 1 152.92
1490 51 15 1 152.49
1491 51 16 1 151.96
1492 51 17 1 143.27
1493 51 18 1 141.39
1494 51 19 1 135.59
1495 51 20 1 137.76
1496 51 21 1 137.22
1497 51 22 1 129.81
1498 51 23 1 132.27
1499 51 24 1 125.32
1500 51 25 1 127.12
1501 51 26 1 123.16
1502 51 27 1 124.62
1503 51 28 1 123.41
1504 51 29 1 118.33
1505 51 30 1 107.41
1506 51 31 1 106.43
1507 51 32 1 99.00
1508 51 33 1 98.02
1509 51 34 1 92.69
1510 51 35 1 89.06
1511 51 36 1 81.97
1512 51 37 1 81.34
1513 51 38 1 79.01
1514 51 39 1 76.95
1515 51 40 1 76.01
1516 51 41 1 74.37
1517 51 42 1 70.38
1518 51 43 1 67.50
1519 51 44 1 62.81
1520 51 45 1 61.68
1521 51 46 1 49.84
1522 51 47 1 42.82
1523 51 48 1 28.88
1524 51 49 1 19.08
1525 51 50 1 10.58
1526 51 52 1 10.17
1527 51 53 1 21.33
1528 51 54 1 31.24
1529 51 55 1 40.74
1530 51 56 1 48.03
1531 51 57 1 58.56
1532 51 58 1 57.66
1533 51 59 1 59.79
1534 51 60 1 66.46
1535 53 1 1 193.39
1536 53 2 1 198.11
1537 53 3 1 193.77
1538 53 4 1 184.94
1539 53 5 1 184.42
1540 53 6 1 181.93
1541 53 7 1 177.98
1542 53 8 1 178.87
1543 53 9 1 169.82
1544 53 10 1 174.10
1545 53 11 1 164.92
1546 53 12 1 169.58
1547 53 13 1 163.83
1548 53 14 1 159.54
1549 53 15 1 155.08
1550 53 16 1 152.78
1551 53 17 1 151.34
1552 53 18 1 153.54
1553 53 19 1 142.64
1554 53 20 1 142.11
1555 53 21 1 137.36
1556 53 22 1 134.85
1557 53 23 1 137.75
1558 53 24 1 135.09
1559 53 25 1 129.83
1560 53 26 1 133.60
1561 53 27 1 132.46
1562 53 28 1 130.71
1563 53 29 1 119.74
1564 53 30 1 117.16
1565 53 31 1 111.08
1566 53 32 1 109.39
1567 53 33 1 98.74
1568 53 34 1 98.58
1569 53 35 1 97.87
1570 53 36 1 91.81
1571 53 37 1 87.90
1572 53 38 1 87.98
1573 53 39 1 81.48
1574 53 40 1 82.60
1575 53 41 1 74.12
1576 53 42 1 73.19
1577 53 43 1 74.45
1578 53 44 1 70.77
1579 53 45 1 70.55
1580 53 46 1 65.23
1581 53 47 1 60.21
1582 53 48 1 49.82
1583 53 49 1 38.18
1584 53 50 1 32.27
1585 53 51 1 18.30
1586 53 52 1 10.24
1587 53 54 1 9.16
1588 53 55 1 22.24
1589 53 56 1 28.12
1590 53 57 1 41.62
1591 53 58 1 52.10
1592 53 59 1 52.88
1593 53 60 1 60.53
1594 55 1 1 203.61
1595 55 2 1 198.30
1596 55 3 1 190.32
1597 55 4 1 189.89
1598 55 5 1 182.70
1599 55 6 1 189.15
1600 55 7 1 182.92
1601 55 8 1 181.02
1602 55 9 1 173.95
1603 55 10 1 178.56
1604 55 11 1 173.08
1605 55 12 1 176.30
1606 55 13 1 169.01
1607 55 14 1 161.57
1608 55 15 1 161.87
1609 55 16 1 159.28
1610 55 17 1 148.76
1611 55 18 1 151.38
1612 55 19 1 150.41
1613 55 20 1 146.44
1614 55 21 1 146.71
1615 55 22 1 141.32
1616 55 23 1 138.37
1617 55 24 1 137.62
1618 55 25 1 134.15
1619 55 26 1 134.21
1620 55 27 1 138.51
1621 55 28 1 135.60
1622 55 29 1 129.28
1623 55 30 1 118.35
1624 55 31 1 114.51
1625 55 32 1 112.79
1626 55 33 1 105.51
1627 55 34 1 103.97
1628 55 35 1 97.63
1629 55 36 1 94.03
1630 55 37 1 92.54
1631 55 38 1 87.28
1632 55 39 1 89.20
1633 55 40 1 85.51
1634 55 41 1 78.46
1635 55 42 1 79.46
1636 55 43 1 75.76
1637 55 44 1 74.34
1638 55 45 1 70.44
1639 55 46 1 66.34
1640 55 47 1 61.67
1641 55 48 1 63.05
1642 55 49 1 55.14
1643 55 50 1 49.23
1644 55 51 1 40.63
1645 55 52 1 28.78
1646 55 53 1 20.31
1647 55 54 1 10.11
1648 55 56 1 12.45
1649 55 57 1 21.67
1650 55 58 1 27.66
1651 55 59 1 39.96
1652 55 60 1 51.23
1653 57 1 1 209.14
1654 57 2 1 207.82
1655 57 3 1 199.19
1656 57 4 1 197.02
1657 57 5 1 192.42
1658 57 6 1 191.60
1659 57 7 1 191.14
1660 57 8 1 186.29
1661 57 9 1 180.57
1662 57 10 1 181.84
1663 57 11 1 183.18
1664 57 12 1 182.46
1665 57 13 1 175.35
1666 57 14 1 168.06
1667 57 15 1 166.94
1668 57 16 1 159.48
1669 57 17 1 161.46
1670 57 18 1 161.03
1671 57 19 1 153.17
1672 57 20 1 152.17
1673 57 21 1 154.94
1674 57 22 1 147.60
1675 57 23 1 147.54
1676 57 24 1 142.36
1677 57 25 1 142.28
1678 57 26 1 143.67
1679 57 27 1 145.76
1680 57 28 1 139.55
1681 57 29 1 133.57
1682 57 30 1 124.82
1683 57 31 1 123.70
1684 57 32 1 112.45
1685 57 33 1 113.80
1686 57 34 1 108.10
1687 57 35 1 101.60
1688 57 36 1 100.50
1689 57 37 1 101.07
1690 57 38 1 94.33
1691 57 39 1 90.39
1692 57 40 1 94.91
1693 57 41 1 87.20
1694 57 42 1 86.20
1695 57 43 1 85.54
1696 57 44 1 80.14
1697 57 45 1 78.07
1698 57 46 1 71.30
1699 57 47 1 68.75
1700 57 48 1 65.91
1701 57 49 1 65.96
1702 57 50 1 60.22
1703 57 51 1 58.28
1704 57 52 1 51.14
1705 57 53 1 39.41
1706 57 54 1 31.78
1707 57 55 1 19.52
1708 57 56 1 11.51
1709 57 58 1 12.54
1710 57 59 1 20.51
1711 57 60 1 29.42
1712 59 1 1 211.50
1713 59 2 1 205.65
1714 59 3 1 205.63
1715 59 4 1 202.25
1716 59 5 1 197.72
1717 59 6 1 196.40
1718 59 7 1 192.94
1719 59 8 1 193.24
1720 59 9 1 193.85
1721 59 10 1 185.95
1722 59 11 1 185.70
1723 59 12 1 188.82
1724 59 13 1 179.43
1725 59 14 1 171.70
1726 59 15 1 165.55
1727 59 16 1 165.21
1728 59 17 1 164.04
1729 59 18 1 164.43
1730 59 19 1 157.29
1731 59 20 1 155.42
1732 59 21 1 154.16
1733 59 22 1 148.66
1734 59 23 1 150.50
1735 59 24 1 147.70
1736 59 25 1 142.59
1737 59 26 1 144.76
1738 59 27 1 147.69
1739 59 28 1 144.91
1740 59 29 1 137.15
1741 59 30 1 136.16
1742 59 31 1 124.94
1743 59 32 1 121.61
1744 59 33 1 116.71
1745 59 34 1 115.44
1746 59 35 1 104.15
1747 59 36 1 106.09
1748 59 37 1 103.49
1749 59 38 1 96.58
1750 59 39 1 95.91
1751 59 40 1 95.83
1752 59 41 1 90.88
1753 59 42 1 90.65
1754 59 43 1 89.13
1755 59 44 1 86.38
1756 59 45 1 81.46
1757 59 46 1 76.15
1758 59 47 1 73.56
1759 59 48 1 69.54
1760 59 49 1 66.41
1761 59 50 1 62.71
1762 59 51 1 65.74
1763 59 52 1 63.50
1764 59 53 1 54.20
1765 59 54 1 50.53
1766 59 55 1 38.00
1767 59 56 1 31.85
1768 59 57 1 19.44
1769 59 58 1 10.75
1770 59 60 1 11.23
