47 # number of electrodes
# x y z
14.86	301.49	-1
14.86	301.49	-3
14.86	301.49	-4
14.86	301.49	-5
14.86	301.49	-6
14.86	301.49	-7
14.86	301.49	-8
14.86	301.49	-9
14.86	301.49	-10
14.86	301.49	-11
14.86	301.49	-12
14.86	301.49	-13
14.86	301.49	-14
14.86	301.49	-15
14.86	301.49	-16
16.26	310.1	-1
16.26	310.1	-2
16.26	310.1	-3
16.26	310.1	-4
16.26	310.1	-5
16.26	310.1	-6
16.26	310.1	-7
16.26	310.1	-8
16.26	310.1	-9
16.26	310.1	-10
16.26	310.1	-11
16.26	310.1	-12
16.26	310.1	-13
16.26	310.1	-14
16.26	310.1	-15
16.26	310.1	-16
17.45	319.7	-1
17.45	319.7	-2
17.45	319.7	-3
17.45	319.7	-4
17.45	319.7	-5
17.45	319.7	-6
17.45	319.7	-7
17.45	319.7	-8
17.45	319.7	-9
17.45	319.7	-10
17.45	319.7	-11
17.45	319.7	-12
17.45	319.7	-13
17.45	319.7	-14
17.45	319.7	-15
17.45	319.7	-16
304 # number of data
#a b m n rhoa R I U
   2	   3	  18	  19	-0.743415	-9.53789e-05	0.20969	-2e-05
   2	   3	  34	  35	0	0	0.20969	0
   3	   4	  19	  20	4.28375	0.000602375	0.34862	0.00021
   3	   4	  35	  36	45.3517	0.000401583	0.34862	0.00014
   4	   5	  20	  21	-1.31119	-0.000187301	0.26695	-5e-05
   4	   5	  36	  37	281.272	0.0031092	0.26695	0.00083
   5	   6	  21	  22	-34.8101	-0.00490336	0.24473	-0.0012
   5	   6	  37	  38	0	0	0.24473	0
   6	   7	  22	  23	3.36766	0.000463515	0.15102	7e-05
   6	   7	  38	  39	-71.2966	-0.000993246	0.15102	-0.00015
   7	   8	  23	  24	-5.96822	-0.0008022	0.17452	-0.00014
   7	   8	  39	  40	-81.9218	-0.0012033	0.17452	-0.00021
   8	   9	  24	  25	0.906239	0.000119261	0.25155	3e-05
   8	   9	  40	  41	15.7792	0.000238521	0.25155	6e-05
   9	  10	  25	  26	9.61437	0.00124292	0.21723	0.00027
   9	  10	  41	  42	96.226	0.00147309	0.21723	0.00032
  10	  11	  26	  27	-9.04045	-0.00115179	0.12155	-0.00014
  10	  11	  42	  43	-48.2582	-0.000740436	0.12155	-9e-05
  11	  12	  27	  28	17.4783	0.00220059	0.2363	0.00052
  11	  12	  43	  44	5.53995	8.46382e-05	0.2363	2e-05
  12	  13	  28	  29	-0.0128303	-1.6e-06	-100	0.00016
  12	  13	  44	  45	-0.197973	-3e-06	-100	0.0003
  13	  14	  29	  30	10.638	0.00131637	0.18232	0.00024
  13	  14	  45	  46	-25.5984	-0.00038394	0.18232	-7e-05
  14	  15	  30	  31	0.659993	8.11557e-05	0.24644	2e-05
  14	  15	  46	  47	32.8322	0.000486934	0.24644	0.00012
  16	  17	  32	  33	-18771.4	-0.579978	0.04645	-0.02694
  17	  18	  33	  34	14.3626	0.000924044	0.05411	5e-05
  18	  19	   2	   3	-2.83286	-0.000363451	0.27514	-0.0001
  18	  19	  34	  35	-3.70015	-0.000327106	0.27514	-9e-05
  19	  20	   3	   4	8.52215	0.00119837	0.23365	0.00028
  19	  20	  35	  36	8.51155	0.000855981	0.23365	0.0002
  20	  21	   4	   5	-5.59687	-0.000799503	0.11257	-9e-05
  20	  21	  36	  37	0.848927	8.88336e-05	0.11257	1e-05
  21	  22	   5	   6	-4.04908	-0.000570355	0.29806	-0.00017
  21	  22	  37	  38	25.9831	0.00271757	0.29806	0.00081
  22	  23	   6	   7	3.69949	0.000509187	0.23567	0.00012
  22	  23	  38	  39	-9.07535	-0.000933509	0.23567	-0.00022
  23	  24	   7	   8	-19.944	-0.00268071	0.10445	-0.00028
  23	  24	  39	  40	-18.0676	-0.00181905	0.10445	-0.00019
  24	  25	   8	   9	-8.93538	-0.00117589	0.26363	-0.00031
  24	  25	  40	  41	55.7999	0.00550013	0.26363	0.00145
  25	  26	   9	  10	11.4048	0.00147438	0.2713	0.0004
  25	  26	  41	  42	139.108	0.0134537	0.2713	0.00365
  26	  27	  10	  11	-20.7193	-0.00263972	0.10986	-0.00029
  26	  27	  42	  43	77.4853	0.00737302	0.10986	0.00081
  27	  28	  11	  12	30.3506	0.00382128	0.23814	0.00091
  27	  28	  43	  44	48.7625	0.00457714	0.23814	0.00109
  28	  29	  12	  13	-28.2647	-0.00352475	0.27236	-0.00096
  28	  29	  44	  45	51.4278	0.00477309	0.27236	0.0013
  29	  30	  13	  14	42.6252	0.00527451	0.12513	0.00066
  29	  30	  45	  46	26.9433	0.00247742	0.12513	0.00031
  30	  31	  14	  15	3.56245	0.000438055	0.25111	0.00011
  30	  31	  46	  47	1.74579	0.000159293	0.25111	4e-05
  32	  33	  16	  17	101143	3.125	0.0004	0.00125
  33	  34	  17	  18	98.0893	0.00631074	0.07923	0.0005
  34	  35	   2	   3	532.274	0.00334317	0.05085	0.00017
  34	  35	  18	  19	4.44907	0.000393314	0.05085	2e-05
  35	  36	   3	   4	-24.7631	-0.000219274	0.09121	-2e-05
  35	  36	  19	  20	17.443	0.00175419	0.09121	0.00016
  36	  37	   4	   5	96.2632	0.0010641	0.19735	0.00021
  36	  37	  20	  21	15.0113	0.00157081	0.19735	0.00031
  37	  38	   5	   6	42.0976	0.000536538	0.09319	5e-05
  37	  38	  21	  22	-51.2992	-0.00536538	0.09319	-0.0005
  38	  39	   6	   7	-9.59773	-0.000133708	0.07479	-1e-05
  38	  39	  22	  23	-131.287	-0.0135045	0.07479	-0.00101
  39	  40	   7	   8	73.5904	0.00108093	0.13877	0.00015
  39	  40	  23	  24	8.58899	0.00086474	0.13877	0.00012
  40	  41	   8	   9	-11.343	-0.000171462	0.29161	-5e-05
  40	  41	  24	  25	65.0578	0.00641267	0.29161	0.00187
  41	  42	   9	  10	47.0269	0.00071992	0.31948	0.00023
  41	  42	  25	  26	175.414	0.0169651	0.31948	0.00542
  42	  43	  10	  11	-54.4381	-0.000835254	0.29931	-0.00025
  42	  43	  26	  27	90.9395	0.00865324	0.29931	0.00259
  43	  44	  11	  12	79.9229	0.00122105	0.27845	0.00034
  43	  44	  27	  28	68.1028	0.00639253	0.27845	0.00178
  44	  45	  12	  13	178.88	0.00271068	0.20659	0.00056
  44	  45	  28	  29	123.084	0.0114236	0.20659	0.00236
  45	  46	  13	  14	83.5224	0.00125272	0.15167	0.00019
  45	  46	  29	  30	124.05	0.0114063	0.15167	0.00173
  46	  47	  14	  15	61.6845	0.000914843	0.13117	0.00012
  46	  47	  30	  31	0	0	0.13117	0
   1	   2	  16	  18	-1.66157e+06	-473.35	0.21126	-100
   1	   2	  32	  34	-5661.93	-0.0547666	0.21126	-0.01157
   2	   4	  18	  20	0.196674	0.000103824	0.28895	3e-05
   2	   4	  34	  36	33.456	0.00100363	0.28895	0.00029
   3	   5	  19	  21	1.58511	0.000879937	0.20456	0.00018
   3	   5	  35	  37	-27.1585	-0.00107548	0.20456	-0.00022
   4	   6	  20	  22	0	0	0.22292	0
   4	   6	  36	  38	131.566	0.00623542	0.22292	0.00139
   5	   7	  21	  23	0.206988	0.00011253	0.17773	2e-05
   5	   7	  37	  39	-4.23561	-0.00022506	0.17773	-4e-05
   6	   8	  22	  24	-0.718981	-0.000381479	0.20971	-8e-05
   6	   8	  38	  40	-51.0329	-0.00290878	0.20971	-0.00061
   7	   9	  23	  25	1.07268	0.000556143	0.17981	0.0001
   7	   9	  39	  41	94.6538	0.00561704	0.17981	0.00101
   8	  10	  24	  26	-0.621403	-0.000315794	0.25333	-8e-05
   8	  10	  40	  42	3.259	0.000197371	0.25333	5e-05
   9	  11	  25	  27	2.00801	0.00100364	0.18931	0.00019
   9	  11	  41	  43	-13.8555	-0.000845175	0.18931	-0.00016
  10	  12	  26	  28	2.93134	0.00144543	0.25598	0.00037
  10	  12	  42	  44	13.4653	0.000820377	0.25598	0.00021
  11	  13	  27	  29	17.1169	0.00834813	0.2252	0.00188
  11	  13	  43	  45	46.9448	0.00284192	0.2252	0.00064
  12	  14	  28	  30	5.10453	0.00246754	0.24721	0.00061
  12	  14	  44	  46	61.3785	0.00368108	0.24721	0.00091
  13	  15	  29	  31	12.3409	0.00592277	0.21105	0.00125
  13	  15	  45	  47	11.1817	0.00066335	0.21105	0.00014
  16	  18	   1	   2	-28.1067	-0.00800707	0.38466	-0.00308
  16	  18	  32	  34	-1203.19	-0.220662	0.38466	-0.08488
  17	  19	  33	  35	3.476	0.00104475	0.05743	6e-05
  18	  20	   2	   4	5.87391	0.00310084	0.24187	0.00075
  18	  20	  34	  36	-0.777059	-0.000289412	0.24187	-7e-05
  19	  21	   3	   5	0.917371	0.000509258	0.27491	0.00014
  19	  21	  35	  37	2.25214	0.000909389	0.27491	0.00025
  20	  22	   4	   6	4.76025	0.00263979	0.25002	0.00066
  20	  22	  36	  38	19.3646	0.00795936	0.25002	0.00199
  21	  23	   5	   7	-1.14792	-0.00062407	0.20831	-0.00013
  21	  23	  37	  39	31.8437	0.0129615	0.20831	0.0027
  22	  24	   6	   8	0.01357	7.2e-06	-100	-0.00072
  22	  24	  38	  40	0.0125308	5e-06	-100	-0.0005
  23	  25	   7	   9	-0.148345	-7.69112e-05	0.26004	-2e-05
  23	  25	  39	  41	11.6247	0.00453776	0.26004	0.00118
  24	  26	   8	  10	0.926364	0.000470773	0.12745	6e-05
  24	  26	  40	  42	93.5634	0.0357787	0.12745	0.00456
  25	  27	   9	  11	-0.744654	-0.000372193	0.24181	-9e-05
  25	  27	  41	  43	81.5928	0.0306439	0.24181	0.00741
  26	  28	  10	  12	2.66206	0.00131265	0.29711	0.00039
  26	  28	  42	  44	57.6	0.0213052	0.29711	0.00633
  27	  29	  11	  13	20.8868	0.0101868	0.1178	0.0012
  27	  29	  43	  45	49.0451	0.0179117	0.1178	0.00211
  28	  30	  12	  14	3.76332	0.00181919	0.19789	0.00036
  28	  30	  44	  46	65.4411	0.0236495	0.19789	0.00468
  29	  31	  13	  15	15.815	0.00759013	0.27931	0.00212
  29	  31	  45	  47	10.8929	0.00390247	0.27931	0.00109
  32	  34	   1	   2	-46522.3	-0.45	0.0004	-0.00018
  32	  34	  16	  18	39940.4	7.325	0.0004	0.00293
  33	  35	  17	  19	0.980485	0.000294695	0.1018	3e-05
  34	  36	   2	   4	82.854	0.0024855	0.07242	0.00018
  34	  36	  18	  20	5.93197	0.00220933	0.07242	0.00016
  35	  37	   3	   5	33.6028	0.00133067	0.09018	0.00012
  35	  37	  19	  21	5.49245	0.00221779	0.09018	0.0002
  36	  38	   4	   6	8.96816	0.000425035	0.09411	4e-05
  36	  38	  20	  22	4.39485	0.0018064	0.09411	0.00017
  37	  39	   5	   7	1.50055	7.97321e-05	0.12542	1e-05
  37	  39	  21	  23	35.0636	0.014272	0.12542	0.00179
  38	  40	   6	   8	8.76784	0.00049975	0.10005	5e-05
  38	  40	  22	  24	2.25442	0.00089955	0.10005	9e-05
  39	  41	   7	   9	18.914	0.00112241	0.14255	0.00016
  39	  41	  23	  25	16.8928	0.00659418	0.14255	0.00094
  40	  42	   8	  10	12.975	0.000785787	0.2927	0.00023
  40	  42	  24	  26	139.642	0.0533994	0.2927	0.01563
  41	  43	   9	  11	-9.71393	-0.000592541	0.2869	-0.00017
  41	  43	  25	  27	112.296	0.042175	0.2869	0.0121
  42	  44	  10	  12	10.3949	0.000633312	0.30001	0.00019
  42	  44	  26	  28	75.4268	0.0278991	0.30001	0.00837
  43	  45	  11	  13	90.1766	0.00545906	0.2015	0.0011
  43	  45	  27	  29	77.4566	0.0282878	0.2015	0.0057
  44	  46	  12	  14	82.5134	0.00494861	0.18389	0.00091
  44	  46	  28	  30	114.964	0.0415466	0.18389	0.00764
  45	  47	  13	  15	4.81577	0.000285694	0.14001	4e-05
  45	  47	  29	  31	47.847	0.0171416	0.14001	0.0024
   1	   3	  16	  19	-35.7208	-0.0277827	0.16773	-0.00466
   1	   3	  32	  35	2164.2	0.0681452	0.16773	0.01143
   2	   5	  18	  21	0.696348	0.000817429	0.28137	0.00023
   2	   5	  34	  37	4.14688	0.000319864	0.28137	9e-05
   3	   6	  19	  22	-2.04752	-0.00246267	0.19085	-0.00047
   3	   6	  35	  38	32.5018	0.00314383	0.19085	0.0006
   4	   7	  20	  23	2.4786	0.0029478	0.18658	0.00055
   4	   7	  36	  39	27.2879	0.00305499	0.18658	0.00057
   5	   8	  21	  24	0.00378622	4.4e-06	-100	-0.00044
   5	   8	  37	  40	0.0195528	2.4e-06	-100	-0.00024
   6	   9	  22	  25	-2.02834	-0.00229951	0.27832	-0.00064
   6	   9	  38	  41	-7.20207	-0.000934176	0.27832	-0.00026
   7	  10	  23	  26	-0.231335	-0.000256432	0.11699	-3e-05
   7	  10	  39	  42	-2.55727	-0.00034191	0.11699	-4e-05
   8	  11	  24	  27	0.0742805	8.0782e-05	0.24758	2e-05
   8	  11	  40	  43	-5.66161	-0.000767429	0.24758	-0.00019
   9	  12	  25	  28	2.36322	0.00252996	0.28459	0.00072
   9	  12	  41	  44	-12.4065	-0.00168664	0.28459	-0.00048
  10	  13	  26	  29	5.78608	0.00611556	0.18968	0.00116
  10	  13	  42	  45	-1.16793	-0.000158161	0.18968	-3e-05
  11	  14	  27	  30	17.4997	0.0183056	0.22179	0.00406
  11	  14	  43	  46	53.698	0.00721403	0.22179	0.0016
  12	  15	  28	  31	1.02339	0.00106157	0.20724	0.00022
  12	  15	  44	  47	-1.08861	-0.00014476	0.20724	-3e-05
  16	  19	   1	   3	-12.9948	-0.010107	0.41951	-0.00424
  16	  19	  32	  35	460256	238.373	0.41951	100
  17	  20	  33	  36	-4.1196	-0.00301154	0.05977	-0.00018
  18	  21	   2	   5	0.559026	0.000656229	0.21334	0.00014
  18	  21	  34	  37	-0.830679	-0.000703103	0.21334	-0.00015
  19	  22	   3	   6	-1.18962	-0.00143082	0.20967	-0.0003
  19	  22	  35	  38	6.97379	0.00620022	0.20967	0.0013
  20	  23	   4	   7	0.728277	0.000866138	0.23091	0.0002
  20	  23	  36	  39	11.5515	0.010307	0.23091	0.00238
  21	  24	   5	   8	-0.491081	-0.000570689	0.26284	-0.00015
  21	  24	  37	  40	28.6255	0.0251484	0.26284	0.00661
  22	  25	   6	   9	-3.1051	-0.00352022	0.11647	-0.00041
  22	  25	  38	  41	-7.19096	-0.00618185	0.11647	-0.00072
  23	  26	   7	  10	0.680068	0.000753849	0.25204	0.00019
  23	  26	  39	  42	24.5339	0.0206316	0.25204	0.0052
  24	  27	   8	  11	-1.15242	-0.00125328	0.24735	-0.00031
  24	  27	  40	  43	86.6635	0.0714372	0.24735	0.01767
  25	  28	   9	  12	3.6315	0.00388771	0.19806	0.00077
  25	  28	  41	  44	67.737	0.0548824	0.19806	0.01087
  26	  29	  10	  13	13.8465	0.014635	0.22617	0.00331
  26	  29	  42	  45	40.9713	0.0327188	0.22617	0.0074
  27	  30	  11	  14	9.04385	0.00946034	0.26109	0.00247
  27	  30	  43	  46	46.115	0.0363859	0.26109	0.0095
  28	  31	  12	  15	-1.69986	-0.00176328	0.13611	-0.00024
  28	  31	  44	  47	30.0006	0.0234369	0.13611	0.00319
  32	  35	   1	   3	42874.2	1.35	0.0004	0.00054
  32	  35	  16	  19	-11633.2	-6.025	0.0004	-0.00241
  33	  36	  17	  20	-514745	-376.294	0.26575	-100
  34	  37	   2	   5	41.5936	0.00320826	0.07169	0.00023
  34	  37	  18	  21	-4.61439	-0.00390571	0.07169	-0.00028
  35	  38	   3	   6	0	0	0.06054	0
  35	  38	  19	  22	20.9941	0.0186653	0.06054	0.00113
  36	  39	   4	   7	8.44256	0.00094518	0.12696	0.00012
  36	  39	  20	  23	16.0661	0.0143352	0.12696	0.00182
  37	  40	   5	   8	-5.05061	-0.000619935	0.22583	-0.00014
  37	  40	  21	  24	29.4861	0.0259044	0.22583	0.00585
  38	  41	   6	   9	11.2833	0.00146356	0.10249	0.00015
  38	  41	  22	  25	2.83744	0.00243926	0.10249	0.00025
  39	  42	   7	  10	18.7401	0.00250557	0.14368	0.00036
  39	  42	  23	  26	30.4569	0.0256125	0.14368	0.00368
  40	  43	   8	  11	-5.52612	-0.000749064	0.267	-0.0002
  40	  43	  24	  27	101.504	0.0836704	0.267	0.02234
  41	  44	   9	  12	19.1125	0.00259829	0.2925	0.00076
  41	  44	  25	  28	87.5137	0.070906	0.2925	0.02074
  42	  45	  10	  13	62.7552	0.00849832	0.21769	0.00185
  42	  45	  26	  29	69.6034	0.0555836	0.21769	0.0121
  43	  46	  11	  14	85.9599	0.0115482	0.18098	0.00209
  43	  46	  27	  30	102.803	0.0811139	0.18098	0.01468
  44	  47	  12	  15	39.8945	0.00530504	0.16965	0.0009
  44	  47	  28	  31	65.4177	0.0511052	0.16965	0.00867
   1	   4	  16	  20	-25.8987	-0.0392805	0.16344	-0.00642
   1	   4	  32	  36	1393.53	0.102362	0.16344	0.01673
   2	   6	  18	  22	-1.12285	-0.00225407	0.24844	-0.00056
   2	   6	  34	  38	18.0777	0.00273708	0.24844	0.00068
   3	   7	  19	  23	0.0641148	0.000129681	0.30845	4e-05
   3	   7	  35	  39	4.80071	0.000875344	0.30845	0.00027
   4	   8	  20	  24	0.446603	0.000887486	0.20282	0.00018
   4	   8	  36	  40	17.9965	0.00369786	0.20282	0.00075
   5	   9	  21	  25	-213147	-413.087	0.24208	-100
   5	   9	  37	  41	15.1206	0.003346	0.24208	0.00081
   6	  10	  22	  26	0.498162	0.000941751	0.2867	0.00027
   6	  10	  38	  42	1.96242	0.000453436	0.2867	0.00013
   7	  11	  23	  27	0.000270355	5e-07	-100	-5e-05
   7	  11	  39	  43	0.014813	3.5e-06	-100	-0.00035
   8	  12	  24	  28	1.7367	0.0031533	0.22199	0.0007
   8	  12	  40	  44	1.32325	0.00031533	0.22199	7e-05
   9	  13	  25	  29	10.2905	0.0184043	0.282	0.00519
   9	  13	  41	  45	26.6478	0.00634752	0.282	0.00179
  10	  14	  26	  30	8.2564	0.0145863	0.22144	0.00323
  10	  14	  42	  46	20.9787	0.00496749	0.22144	0.0011
  11	  15	  27	  31	-0.0100618	-1.76e-05	-100	0.00176
  11	  15	  43	  47	-0.0622276	-1.46e-05	-100	0.00146
  16	  20	   1	   4	-8.07113	-0.0122415	0.26059	-0.00319
  16	  20	  32	  36	-123.203	-0.128439	0.26059	-0.03347
  17	  21	  33	  37	-0.126105	-0.000168322	0.05941	-1e-05
  18	  22	   2	   6	0.0778197	0.000156219	0.25605	4e-05
  18	  22	  34	  38	4.68156	0.00691271	0.25605	0.00177
  19	  23	   3	   7	-0.43684	-0.000883566	0.20372	-0.00018
  19	  23	  35	  39	4.26728	0.00647948	0.20372	0.00132
  20	  24	   4	   8	0.754984	0.0015003	0.09998	0.00015
  20	  24	  36	  40	17.6898	0.0267053	0.09998	0.00267
  21	  25	   5	   9	0.377752	0.000732096	0.23221	0.00017
  21	  25	  37	  41	22.0708	0.0326859	0.23221	0.00759
  22	  26	   6	  10	0.356435	0.000673824	0.22261	0.00015
  22	  26	  38	  42	14.9567	0.0216522	0.22261	0.00482
  23	  27	   7	  11	1.32282	0.00244646	0.23299	0.00057
  23	  27	  39	  43	27.396	0.0387999	0.23299	0.00904
  24	  28	   8	  12	3.44149	0.00624865	0.27846	0.00174
  24	  28	  40	  44	66.6028	0.0925088	0.27846	0.02576
  25	  29	   9	  13	13.1738	0.023561	0.20118	0.00474
  25	  29	  41	  45	43.5908	0.0595487	0.20118	0.01198
  26	  30	  10	  14	7.23678	0.012785	0.21666	0.00277
  26	  30	  42	  46	37.0688	0.04994	0.21666	0.01082
  27	  31	  11	  15	1.07668	0.00188332	0.23363	0.00044
  27	  31	  43	  47	26.3544	0.0350982	0.23363	0.0082
  32	  36	   1	   4	23907.1	1.7561	0.00041	0.00072
  32	  36	  16	  20	8165.16	8.5122	0.00041	0.00349
  33	  37	  17	  21	4.08968	0.00545881	0.26013	0.00142
  34	  38	   2	   6	0	0	0.05176	0
  34	  38	  18	  22	-9.0281	-0.0133308	0.05176	-0.00069
  35	  39	   3	   7	-3.03927	-0.00055417	0.07218	-4e-05
  35	  39	  19	  23	9.21543	0.0139928	0.07218	0.00101
  36	  40	   4	   8	10.7995	0.00221903	0.22983	0.00051
  36	  40	  20	  24	20.7227	0.031284	0.22983	0.00719
  37	  41	   5	   9	4.33594	0.000959493	0.23971	0.00023
  37	  41	  21	  25	29.5493	0.0437612	0.23971	0.01049
  38	  42	   6	  10	16.7504	0.00387034	0.10335	0.0004
  38	  42	  22	  26	24.73	0.0358007	0.10335	0.0037
  39	  43	   7	  11	6.20159	0.00146531	0.13649	0.0002
  39	  43	  23	  27	517315	732.654	0.13649	100
  40	  44	   8	  12	12.9595	0.00308824	0.272	0.00084
  40	  44	  24	  28	90.3922	0.125551	0.272	0.03415
  41	  45	   9	  13	64.6083	0.0153897	0.21118	0.00325
  41	  45	  25	  29	67.7668	0.0925751	0.21118	0.01955
  42	  46	  10	  14	43.9003	0.010395	0.1924	0.002
  42	  46	  26	  30	70.8317	0.0954262	0.1924	0.01836
  43	  47	  11	  15	41.3356	0.00969828	0.16704	0.00162
  43	  47	  27	  31	55.2908	0.0736351	0.16704	0.0123
