80 # number of electrodes
# x y z
0.12	0	-0.3
0.110866	0.045922	-0.3
0.0848528	0.0848528	-0.3
0.045922	0.110866	-0.3
7.34788e-018	0.12	-0.3
-0.045922	0.110866	-0.3
-0.0848528	0.0848528	-0.3
-0.110866	0.045922	-0.3
-0.12	1.46958e-017	-0.3
-0.110866	-0.045922	-0.3
-0.0848528	-0.0848528	-0.3
-0.045922	-0.110866	-0.3
-2.20437e-017	-0.12	-0.3
0.045922	-0.110866	-0.3
0.0848528	-0.0848528	-0.3
0.110866	-0.045922	-0.3
0.12	0	-0.25
0.110866	0.045922	-0.25
0.0848528	0.0848528	-0.25
0.045922	0.110866	-0.25
7.34788e-018	0.12	-0.25
-0.045922	0.110866	-0.25
-0.0848528	0.0848528	-0.25
-0.110866	0.045922	-0.25
-0.12	1.46958e-017	-0.25
-0.110866	-0.045922	-0.25
-0.0848528	-0.0848528	-0.25
-0.045922	-0.110866	-0.25
-2.20437e-017	-0.12	-0.25
0.045922	-0.110866	-0.25
0.0848528	-0.0848528	-0.25
0.110866	-0.045922	-0.25
0.12	0	-0.2
0.110866	0.045922	-0.2
0.0848528	0.0848528	-0.2
0.045922	0.110866	-0.2
7.34788e-018	0.12	-0.2
-0.045922	0.110866	-0.2
-0.0848528	0.0848528	-0.2
-0.110866	0.045922	-0.2
-0.12	1.46958e-017	-0.2
-0.110866	-0.045922	-0.2
-0.0848528	-0.0848528	-0.2
-0.045922	-0.110866	-0.2
-2.20437e-017	-0.12	-0.2
0.045922	-0.110866	-0.2
0.0848528	-0.0848528	-0.2
0.110866	-0.045922	-0.2
0.12	0	-0.15
0.110866	0.045922	-0.15
0.0848528	0.0848528	-0.15
0.045922	0.110866	-0.15
7.34788e-018	0.12	-0.15
-0.045922	0.110866	-0.15
-0.0848528	0.0848528	-0.15
-0.110866	0.045922	-0.15
-0.12	1.46958e-017	-0.15
-0.110866	-0.045922	-0.15
-0.0848528	-0.0848528	-0.15
-0.045922	-0.110866	-0.15
-2.20437e-017	-0.12	-0.15
0.045922	-0.110866	-0.15
0.0848528	-0.0848528	-0.15
0.110866	-0.045922	-0.15
0.12	0	-0.1
0.110866	0.045922	-0.1
0.0848528	0.0848528	-0.1
0.045922	0.110866	-0.1
7.34788e-018	0.12	-0.1
-0.045922	0.110866	-0.1
-0.0848528	0.0848528	-0.1
-0.110866	0.045922	-0.1
-0.12	1.46958e-017	-0.1
-0.110866	-0.045922	-0.1
-0.0848528	-0.0848528	-0.1
-0.045922	-0.110866	-0.1
-2.20437e-017	-0.12	-0.1
0.045922	-0.110866	-0.1
0.0848528	-0.0848528	-0.1
0.110866	-0.045922	-0.1
320 # number of data
#a b m n R err ip
  65	  66	  67	  68	-43.706	0.0200046	0.328943
  65	  66	  79	  80	-44.446	0.0200045	0.261102
  66	  67	  68	  69	-44.982	0.0200044	0.085943
  66	  67	  80	  65	-44.323	0.0200045	-0.277836
  67	  68	  69	  70	-42.066	0.0200048	-0.326793
  68	  69	  70	  71	-45.367	0.0200044	-0.165123
  69	  70	  71	  72	-44.046	0.0200045	-0.205005
  70	  71	  72	  73	-45.385	0.0200044	-0.020196
  71	  72	  73	  74	-45.279	0.0200044	-0.081955
  72	  73	  74	  75	-43.724	0.0200046	-0.300055
  73	  74	  75	  76	-43.968	0.0200045	-0.181452
  74	  75	  76	  77	-44.278	0.0200045	-0.293324
  75	  76	  77	  78	-43.856	0.0200046	0.089008
  76	  77	  78	  79	-44.243	0.0200045	-0.224564
  77	  78	  79	  80	-43.225	0.0200046	0.338392
  78	  79	  80	  65	-43.627	0.0200046	-0.359898
  65	  66	  68	  69	-12.100	0.0200165	0.389331
  65	  66	  78	  79	-12.033	0.0200166	-0.194639
  66	  67	  69	  70	-11.585	0.0200173	-0.04772
  66	  67	  79	  80	-11.981	0.0200167	0.35848
  67	  68	  70	  71	-11.501	0.0200174	0.175343
  67	  68	  80	  65	-11.795	0.020017	-0.001348
  68	  69	  71	  72	-12.085	0.0200165	0.119123
  69	  70	  72	  73	-11.923	0.0200168	0.102186
  70	  71	  73	  74	-12.230	0.0200164	0.152086
  71	  72	  74	  75	-11.907	0.0200168	0.063754
  72	  73	  75	  76	-11.679	0.0200171	0.15047
  73	  74	  76	  77	-11.884	0.0200168	0.024002
  74	  75	  77	  78	-11.832	0.0200169	0.383442
  75	  76	  78	  79	-11.941	0.0200167	-0.006078
  76	  77	  79	  80	-11.553	0.0200173	0.442658
  77	  78	  80	  65	-11.860	0.0200169	0.01268
  65	  66	  69	  70	-5.311	0.0200377	-0.058019
  65	  66	  77	  78	-5.377	0.0200372	0.577091
  66	  67	  70	  71	-5.263	0.020038	0.163513
  66	  67	  78	  79	-5.499	0.0200364	-0.133367
  67	  68	  71	  72	-5.178	0.0200386	0.127916
  67	  68	  79	  80	-5.394	0.0200371	0.293482
  68	  69	  72	  73	-5.542	0.0200361	0.092884
  68	  69	  80	  65	-5.501	0.0200364	-0.006268
  69	  70	  73	  74	-5.437	0.0200368	0.112208
  70	  71	  74	  75	-5.440	0.0200368	0.075942
  71	  72	  75	  76	-5.384	0.0200371	0.159762
  72	  73	  76	  77	-5.311	0.0200377	-0.004674
  73	  74	  77	  78	-5.346	0.0200374	0.360897
  74	  75	  78	  79	-5.472	0.0200365	-0.082815
  75	  76	  79	  80	-5.233	0.0200382	0.474091
  76	  77	  80	  65	-5.248	0.0200381	-0.061594
  65	  66	  70	  71	-3.174	0.020063	0.191866
  65	  66	  76	  77	-3.165	0.0200632	-0.001236
  66	  67	  71	  72	-3.114	0.0200642	0.239979
  66	  67	  77	  78	-3.273	0.0200611	0.237397
  67	  68	  72	  73	-3.149	0.0200635	-0.021987
  67	  68	  78	  79	-3.281	0.020061	-0.198923
  68	  69	  73	  74	-3.351	0.0200597	0.178982
  68	  69	  79	  80	-3.351	0.0200597	0.31626
  69	  70	  74	  75	-3.214	0.0200622	0.030382
  69	  70	  80	  65	-3.145	0.0200636	-0.054874
  70	  71	  75	  76	-3.262	0.0200613	0.160024
  71	  72	  76	  77	-3.238	0.0200618	0.020743
  72	  73	  77	  78	-3.164	0.0200632	0.344373
  73	  74	  78	  79	-3.261	0.0200613	-0.098062
  74	  75	  79	  80	-3.153	0.0200634	0.429659
  75	  76	  80	  65	-3.143	0.0200636	-0.022345
  49	  50	  51	  52	-46.047	0.0200043	-0.212703
  49	  50	  63	  64	-47.232	0.0200042	-0.486987
  50	  51	  52	  53	-44.777	0.0200045	0.005111
  50	  51	  64	  49	-41.876	0.0200048	-0.211871
  51	  52	  53	  54	-42.532	0.0200047	0.298528
  52	  53	  54	  55	-44.030	0.0200045	-0.296207
  53	  54	  55	  56	-45.336	0.0200044	-0.175533
  54	  55	  56	  57	-45.908	0.0200044	-0.644306
  55	  56	  57	  58	-44.031	0.0200045	0.109866
  56	  57	  58	  59	-43.235	0.0200046	-0.237623
  57	  58	  59	  60	-44.556	0.0200045	-0.042799
  58	  59	  60	  61	-45.805	0.0200044	-0.276188
  59	  60	  61	  62	-43.659	0.0200046	-0.187181
  60	  61	  62	  63	-43.011	0.0200047	-0.115379
  61	  62	  63	  64	-47.364	0.0200042	-0.430757
  62	  63	  64	  49	-42.066	0.0200048	0.273259
  49	  50	  52	  53	-12.406	0.0200161	0.149128
  49	  50	  62	  63	-11.845	0.0200169	0.356298
  50	  51	  53	  54	-11.643	0.0200172	0.432769
  50	  51	  63	  64	-11.940	0.0200167	-0.23943
  51	  52	  54	  55	-11.342	0.0200176	-0.007884
  51	  52	  64	  49	-11.475	0.0200174	0.084102
  52	  53	  55	  56	-11.918	0.0200168	0.072503
  53	  54	  56	  57	-12.276	0.0200163	-0.248398
  54	  55	  57	  58	-12.024	0.0200166	0.323588
  55	  56	  58	  59	-11.562	0.0200173	-0.028076
  56	  57	  59	  60	-11.530	0.0200173	0.095003
  57	  58	  60	  61	-12.326	0.0200162	0.036335
  58	  59	  61	  62	-12.004	0.0200167	0.019282
  59	  60	  62	  63	-11.229	0.0200178	0.191484
  60	  61	  63	  64	-12.127	0.0200165	-0.215288
  61	  62	  64	  49	-11.760	0.020017	0.256931
  49	  50	  53	  54	-5.326	0.0200375	0.315442
  49	  50	  61	  62	-5.465	0.0200366	0.076182
  50	  51	  54	  55	-5.039	0.0200397	0.083555
  50	  51	  62	  63	-5.005	0.02004	0.277158
  51	  52	  55	  56	-5.036	0.0200397	0.072459
  51	  52	  63	  64	-5.320	0.0200376	-0.225839
  52	  53	  56	  57	-5.345	0.0200374	-0.244055
  52	  53	  64	  49	-5.193	0.0200385	0.171102
  53	  54	  57	  58	-5.363	0.0200373	0.288252
  54	  55	  58	  59	-5.177	0.0200386	0.020278
  55	  56	  59	  60	-5.056	0.0200396	0.132044
  56	  57	  60	  61	-5.274	0.0200379	-0.001562
  57	  58	  61	  62	-5.394	0.0200371	0.052324
  58	  59	  62	  63	-5.043	0.0200397	0.182379
  59	  60	  63	  64	-5.166	0.0200387	-0.17789
  60	  61	  64	  49	-5.057	0.0200395	0.255703
  49	  50	  54	  55	-3.006	0.0200665	0.050522
  49	  50	  60	  61	-3.047	0.0200656	0.191527
  50	  51	  55	  56	-2.897	0.020069	0.034744
  50	  51	  61	  62	-3.030	0.020066	-0.048288
  51	  52	  56	  57	-2.947	0.0200679	-0.195953
  51	  52	  62	  63	-2.910	0.0200687	0.205618
  52	  53	  57	  58	-3.080	0.0200649	0.25245
  52	  53	  63	  64	-3.163	0.0200632	-0.228011
  53	  54	  58	  59	-3.023	0.0200662	0.172475
  53	  54	  64	  49	-2.927	0.0200683	0.17221
  54	  55	  59	  60	-2.948	0.0200679	0.196409
  55	  56	  60	  61	-3.013	0.0200664	0.045247
  56	  57	  61	  62	-3.048	0.0200656	-0.011903
  57	  58	  62	  63	-2.963	0.0200675	0.248395
  58	  59	  63	  64	-3.014	0.0200664	-0.171508
  59	  60	  64	  49	-2.823	0.0200708	0.212844
  33	  34	  35	  36	-42.863	0.0200047	0.118419
  33	  34	  47	  48	-45.853	0.0200044	-0.144513
  34	  35	  36	  37	-45.131	0.0200044	0.232574
  34	  35	  48	  33	-43.679	0.0200046	-0.189079
  35	  36	  37	  38	-41.514	0.0200048	-0.253616
  36	  37	  38	  39	-42.990	0.0200047	0.034452
  37	  38	  39	  40	-47.184	0.0200042	-0.427837
  38	  39	  40	  41	-43.391	0.0200046	-0.352357
  39	  40	  41	  42	-45.952	0.0200044	0.292968
  40	  41	  42	  43	-42.974	0.0200047	-0.000957
  41	  42	  43	  44	-42.975	0.0200047	0.138242
  42	  43	  44	  45	-45.666	0.0200044	0.014621
  43	  44	  45	  46	-44.010	0.0200045	0.224582
  44	  45	  46	  47	-44.236	0.0200045	-0.283455
  45	  46	  47	  48	-42.330	0.0200047	0.520438
  46	  47	  48	  33	-43.623	0.0200046	-0.087488
  33	  34	  36	  37	-12.079	0.0200166	0.355821
  33	  34	  46	  47	-12.374	0.0200162	-0.45472
  34	  35	  37	  38	-11.679	0.0200171	-0.038483
  34	  35	  47	  48	-12.133	0.0200165	0.218377
  35	  36	  38	  39	-10.815	0.0200185	0.305617
  35	  36	  48	  33	-11.454	0.0200175	0.135066
  36	  37	  39	  40	-12.371	0.0200162	-0.119992
  37	  38	  40	  41	-11.948	0.0200167	-0.223718
  38	  39	  41	  42	-11.870	0.0200168	0.34747
  39	  40	  42	  43	-12.104	0.0200165	0.255156
  40	  41	  43	  44	-11.381	0.0200176	0.136044
  41	  42	  44	  45	-11.832	0.0200169	0.138018
  42	  43	  45	  46	-12.276	0.0200163	0.334293
  43	  44	  46	  47	-11.774	0.020017	-0.158183
  44	  45	  47	  48	-11.278	0.0200177	0.502029
  45	  46	  48	  33	-11.488	0.0200174	0.145938
  33	  34	  37	  38	-5.159	0.0200388	-0.075692
  33	  34	  45	  46	-5.256	0.020038	-0.119442
  34	  35	  38	  39	-4.927	0.0200406	0.254977
  34	  35	  46	  47	-5.471	0.0200366	-0.391697
  35	  36	  39	  40	-5.090	0.0200393	-0.130738
  35	  36	  47	  48	-5.196	0.0200385	0.255996
  36	  37	  40	  41	-5.268	0.020038	-0.194845
  36	  37	  48	  33	-5.264	0.020038	0.205901
  37	  38	  41	  42	-5.388	0.0200371	0.147891
  38	  39	  42	  43	-5.175	0.0200386	0.282165
  39	  40	  43	  44	-5.211	0.0200384	0.13863
  40	  41	  44	  45	-5.118	0.0200391	0.042934
  41	  42	  45	  46	-5.302	0.0200377	0.303773
  42	  43	  46	  47	-5.409	0.020037	-0.167815
  43	  44	  47	  48	-4.928	0.0200406	0.419641
  44	  45	  48	  33	-4.922	0.0200406	0.16114
  33	  34	  38	  39	-2.834	0.0200706	0.333041
  33	  34	  44	  45	-2.969	0.0200674	0.144638
  34	  35	  39	  40	-2.986	0.020067	-0.094927
  34	  35	  45	  46	-3.045	0.0200657	0.064629
  35	  36	  40	  41	-2.844	0.0200703	-0.167853
  35	  36	  46	  47	-3.090	0.0200647	-0.2922
  36	  37	  41	  42	-3.113	0.0200643	0.236043
  36	  37	  47	  48	-3.133	0.0200638	0.292252
  37	  38	  42	  43	-3.075	0.020065	0.191896
  37	  38	  48	  33	-2.906	0.0200688	0.132929
  38	  39	  43	  44	-2.920	0.0200685	0.127623
  39	  40	  44	  45	-3.051	0.0200655	0.165842
  40	  41	  45	  46	-2.992	0.0200668	0.243319
  41	  42	  46	  47	-3.070	0.0200651	-0.213878
  42	  43	  47	  48	-2.956	0.0200677	0.43006
  43	  44	  48	  33	-2.777	0.020072	0.174437
  17	  18	  19	  20	-41.131	0.0200049	0.011667
  17	  18	  31	  32	-44.829	0.0200045	-0.516548
  18	  19	  20	  21	-49.833	0.020004	-0.38473
  18	  19	  32	  17	-43.960	0.0200045	-0.325786
  19	  20	  21	  22	-40.357	0.020005	0.360012
  20	  21	  22	  23	-42.342	0.0200047	-0.069569
  21	  22	  23	  24	-47.023	0.0200043	-0.302264
  22	  23	  24	  25	-43.028	0.0200046	-0.397063
  23	  24	  25	  26	-46.778	0.0200043	-0.100965
  24	  25	  26	  27	-41.839	0.0200048	0.030764
  25	  26	  27	  28	-41.693	0.0200048	0.027497
  26	  27	  28	  29	-45.635	0.0200044	0.014732
  27	  28	  29	  30	-46.683	0.0200043	-0.357661
  28	  29	  30	  31	-42.061	0.0200048	0.082812
  29	  30	  31	  32	-45.723	0.0200044	-0.348013
  30	  31	  32	  17	-43.469	0.0200046	0.206413
  17	  18	  20	  21	-12.581	0.0200159	-0.330818
  17	  18	  30	  31	-11.799	0.020017	0.084338
  18	  19	  21	  22	-12.028	0.0200166	0.430953
  18	  19	  31	  32	-12.123	0.0200165	-0.190433
  19	  20	  22	  23	-10.721	0.0200187	0.157981
  19	  20	  32	  17	-11.139	0.020018	0.072807
  20	  21	  23	  24	-12.138	0.0200165	-0.059704
  21	  22	  24	  25	-12.118	0.0200165	-0.117605
  22	  23	  25	  26	-11.956	0.0200167	0.027449
  23	  24	  26	  27	-12.071	0.0200166	0.175371
  24	  25	  27	  28	-10.965	0.0200182	0.176047
  25	  26	  28	  29	-11.773	0.020017	0.160878
  26	  27	  29	  30	-12.868	0.0200155	-0.187851
  27	  28	  30	  31	-11.562	0.0200173	0.245851
  28	  29	  31	  32	-11.715	0.0200171	-0.082511
  29	  30	  32	  17	-11.962	0.0200167	0.239875
  17	  18	  21	  22	-5.356	0.0200373	0.305122
  17	  18	  29	  30	-5.510	0.0200363	0.029871
  18	  19	  22	  23	-5.249	0.0200381	0.100935
  18	  19	  30	  31	-5.430	0.0200368	0.227977
  19	  20	  23	  24	-5.110	0.0200391	0.111878
  19	  20	  31	  32	-5.171	0.0200387	-0.180619
  20	  21	  24	  25	-5.389	0.0200371	-0.258036
  20	  21	  32	  17	-5.466	0.0200366	-0.022541
  21	  22	  25	  26	-5.696	0.0200351	0.031027
  22	  23	  26	  27	-5.291	0.0200378	0.118662
  23	  24	  27	  28	-5.237	0.0200382	0.168838
  24	  25	  28	  29	-5.103	0.0200392	0.194305
  25	  26	  29	  30	-5.645	0.0200354	-0.244596
  26	  27	  30	  31	-5.465	0.0200366	0.221413
  27	  28	  31	  32	-5.328	0.0200375	-0.090913
  28	  29	  32	  17	-5.205	0.0200384	0.24805
  17	  18	  22	  23	-3.101	0.0200645	0.092726
  17	  18	  28	  29	-3.127	0.020064	-0.171336
  18	  19	  23	  24	-3.262	0.0200613	0.131427
  18	  19	  29	  30	-3.384	0.0200591	-0.165066
  19	  20	  24	  25	-2.997	0.0200667	-0.11189
  19	  20	  30	  31	-3.072	0.0200651	0.254244
  20	  21	  25	  26	-3.372	0.0200593	-0.009078
  20	  21	  31	  32	-3.361	0.0200595	-0.262051
  21	  22	  26	  27	-3.360	0.0200595	0.088828
  21	  22	  32	  17	-3.209	0.0200623	0.15381
  22	  23	  27	  28	-3.035	0.0200659	0.144863
  23	  24	  28	  29	-3.193	0.0200626	0.246729
  24	  25	  29	  30	-3.250	0.0200615	-0.170406
  25	  26	  30	  31	-3.209	0.0200623	0.209358
  26	  27	  31	  32	-3.335	0.02006	-0.088399
  27	  28	  32	  17	-3.116	0.0200642	0.255154
   1	   2	   3	   4	-44.295	0.0200045	-0.149877
   1	   2	  15	  16	-44.042	0.0200045	-0.871367
   2	   3	   4	   5	-46.530	0.0200043	-0.056455
   2	   3	  16	   1	-45.079	0.0200044	0.128384
   3	   4	   5	   6	-42.572	0.0200047	0.214535
   4	   5	   6	   7	-44.100	0.0200045	-0.327231
   5	   6	   7	   8	-46.679	0.0200043	-0.123417
   6	   7	   8	   9	-42.764	0.0200047	-0.215635
   7	   8	   9	  10	-47.826	0.0200042	-0.03143
   8	   9	  10	  11	-46.174	0.0200043	-0.303757
   9	  10	  11	  12	-42.848	0.0200047	-0.132126
  10	  11	  12	  13	-46.137	0.0200043	-0.292926
  11	  12	  13	  14	-45.482	0.0200044	0.048008
  12	  13	  14	  15	-44.251	0.0200045	-0.036235
  13	  14	  15	  16	-48.134	0.0200042	-0.434724
  14	  15	  16	   1	-43.478	0.0200046	0.477795
   1	   2	   4	   5	-13.901	0.0200144	0.100813
   1	   2	  14	  15	-12.917	0.0200155	0.039338
   2	   3	   5	   6	-13.504	0.0200148	0.244119
   2	   3	  15	  16	-13.929	0.0200144	-0.541192
   3	   4	   6	   7	-12.995	0.0200154	-0.113556
   3	   4	  16	   1	-13.325	0.020015	0.422442
   4	   5	   7	   8	-13.943	0.0200143	0.090514
   5	   6	   8	   9	-13.384	0.0200149	-0.008972
   6	   7	   9	  10	-13.539	0.0200148	0.139444
   7	   8	  10	  11	-14.607	0.0200137	-0.060466
   8	   9	  11	  12	-13.147	0.0200152	-0.030948
   9	  10	  12	  13	-13.139	0.0200152	-0.067249
  10	  11	  13	  14	-14.214	0.0200141	0.197014
  11	  12	  14	  15	-13.412	0.0200149	0.14931
  12	  13	  15	  16	-13.986	0.0200143	-0.255942
  13	  14	  16	   1	-13.994	0.0200143	0.598111
   1	   2	   5	   6	-6.771	0.0200295	0.195808
   1	   2	  13	  14	-6.757	0.0200296	0.095939
   2	   3	   6	   7	-6.710	0.0200298	-0.079453
   2	   3	  14	  15	-6.704	0.0200298	0.128068
   3	   4	   7	   8	-6.715	0.0200298	0.060991
   3	   4	  15	  16	-6.902	0.020029	-0.493642
   4	   5	   8	   9	-6.637	0.0200301	0.011061
   4	   5	  16	   1	-6.999	0.0200286	0.451427
   5	   6	   9	  10	-7.011	0.0200285	0.107887
   6	   7	  10	  11	-7.040	0.0200284	-0.086281
   7	   8	  11	  12	-6.990	0.0200286	0.018317
   8	   9	  12	  13	-6.516	0.0200307	-0.120736
   9	  10	  13	  14	-6.805	0.0200294	0.238135
  10	  11	  14	  15	-6.986	0.0200286	0.102165
  11	  12	  15	  16	-6.971	0.0200287	-0.200902
  12	  13	  16	   1	-6.837	0.0200293	0.471498
   1	   2	   6	   7	-4.182	0.0200478	-0.074519
   1	   2	  12	  13	-4.160	0.0200481	0.065325
   2	   3	   7	   8	-4.288	0.0200466	0.02852
   2	   3	  13	  14	-4.332	0.0200462	0.127948
   3	   4	   8	   9	-3.979	0.0200503	0.035152
   3	   4	  14	  15	-4.143	0.0200483	0.185839
   4	   5	   9	  10	-4.335	0.0200461	0.133386
   4	   5	  15	  16	-4.564	0.0200438	-0.439414
   5	   6	  10	  11	-4.574	0.0200437	-0.077047
   5	   6	  16	   1	-4.306	0.0200464	0.460626
   6	   7	  11	  12	-4.251	0.020047	0.007282
   7	   8	  12	  13	-4.333	0.0200462	-0.090706
   8	   9	  13	  14	-4.201	0.0200476	0.193755
   9	  10	  14	  15	-4.183	0.0200478	0.164258
  10	  11	  15	  16	-4.546	0.020044	-0.233836
  11	  12	  16	   1	-4.252	0.020047	0.533687
