50# Number of sensors
#x	y
0.37	0
0.45	0
0.53	0
0.61	0
0.69	0
0.77	0
0.85	0
0.93	0
1.01	0
1.09	0
1.17	0
1.25	0
1.33	0
1.41	0
1.49	0
1.57	0
1.65	0
1.73	0
1.81	0
1.89	0
1.97	0
2.05	0
2.13	0
2.21	0
2.29	0
2.29	0.8
2.21	0.8
2.13	0.8
2.05	0.8
1.97	0.8
1.89	0.8
1.81	0.8
1.73	0.8
1.65	0.8
1.57	0.8
1.49	0.8
1.41	0.8
1.33	0.8
1.25	0.8
1.17	0.8
1.09	0.8
1.01	0.8
0.93	0.8
0.85	0.8
0.77	0.8
0.69	0.8
0.61	0.8
0.53	0.8
0.45	0.8
0.37	0.8
1278# Number of data
#a	b	m	n	f	rhoa	ip	err	i	u	k	R	ii	kk
1	2	4	3	1.25	19.3282	-113.89	0.0439	0.001	0.0128746	1.50127	12.8746	1	1
3	4	6	5	1.25	17.1631	-49	0.0042	0.001	0.0113785	1.50838	11.3785	5	1
4	5	7	6	1.25	11.4051	-38.44	0.0059	0.001	0.00746405	1.528	7.46405	7	1
5	6	8	7	1.25	11.376	-28.99	0.0044	0.001	0.0074751	1.52185	7.4751	9	1
6	7	9	8	1.25	8.74218	-46.64	0.0041	0.005	0.028203	1.54987	5.6406	11	1
7	8	10	9	1.25	11.3791	-31.38	0.0013	0.001	0.00732065	1.55438	7.32065	13	1
8	9	11	10	1.25	10.5702	-17.8	0.0008	0.001	0.006833	1.54693	6.833	15	1
10	11	13	12	1.25	13.3597	-53.6	0.0004	0.001	0.0085946	1.55443	8.5946	19	1
11	12	14	13	1.25	11.9066	-43.53	0.0013	0.001	0.008167	1.45789	8.167	21	1
13	14	16	15	1.25	13.0939	-44.6	0.0006	0.001	0.00847915	1.54425	8.47915	25	1
14	15	17	16	1.25	9.94245	-39.9	0.0029	0.001	0.00652795	1.52306	6.52795	27	1
15	16	18	17	1.25	8.50131	-13.99	0.0015	0.005	0.027342	1.55462	5.4684	29	1
16	17	19	18	1.25	11.0472	-38.17	0.0002	0.001	0.00710125	1.55567	7.10125	31	1
17	18	20	19	1.25	11.215	-34.69	0.0003	0.001	0.00728165	1.54018	7.28165	33	1
18	19	21	20	1.25	13.0335	-23.8	0.0222	0.001	0.0085276	1.5284	8.5276	35	1
19	20	22	21	1.25	5.19312	-20.93	0.0005	0.005	0.0169185	1.53475	3.3837	37	1
20	21	23	22	1.25	12.5559	-32.69	0.0042	0.001	0.0082543	1.52114	8.2543	39	1
21	22	24	23	1.25	8.23153	-46.46	0.0007	0.005	0.0268975	1.53017	5.3795	41	1
22	23	25	24	1.25	6.34715	-42.38	0.0038	0.005	0.0208605	1.52133	4.1721	43	1
25	26	28	27	1.25	4.59648	-29.42	0.0005	0.005	0.023306	0.986116	4.6612	49	1
26	27	29	28	1.25	4.61148	-38.99	0.0013	0.005	0.0151075	1.52622	3.0215	51	1
27	28	30	29	1.25	2.15943	-26.17	0.0018	0.015	0.0213505	1.51713	1.42337	53	1
29	30	32	31	1.25	4.21657	-23.04	0	0.005	0.01368	1.54114	2.736	57	1
30	31	33	32	1.25	6.72492	-35.07	0.0299	0.005	0.0219563	1.53144	4.39126	59	1
31	32	34	33	1.25	7.22358	-39.45	0.001	0.005	0.023241	1.55406	4.6482	61	1
32	33	35	34	1.25	9.04539	-37.44	0.0022	0.001	0.0057941	1.56114	5.7941	63	1
33	34	36	35	1.25	4.16873	-16.34	0.0324	0.005	0.0134004	1.55545	2.68008	65	1
34	35	37	36	1.25	7.44588	-35.85	0.0007	0.005	0.0241225	1.54335	4.8245	67	1
35	36	38	37	1.25	7.73214	-43.88	0.0165	0.005	0.0248695	1.55454	4.9739	69	1
36	37	39	38	1.25	9.77672	-35.76	0.0026	0.001	0.0066742	1.46485	6.6742	71	1
37	38	40	39	1.25	1.33959	-28.45	0.0019	0.015	0.0136235	1.47494	0.908233	73	1
38	39	41	40	1.25	1.53945	-35	0.004	0.015	0.014899	1.54989	0.993267	75	1
40	41	43	42	1.25	1.09147	-27.86	0.0021	0.015	0.0105245	1.55561	0.701633	79	1
41	42	44	43	1.25	1.66781	-34.86	0.0273	0.015	0.0162363	1.54081	1.08242	81	1
42	43	45	44	1.25	2.05866	-30.04	0.0051	0.015	0.01998	1.54554	1.332	83	1
43	44	46	45	1.25	2.62262	-48.4	0.0311	0.015	0.025947	1.51614	1.7298	85	1
45	46	48	47	1.25	1.41336	-40.09	0.0004	0.015	0.01394	1.52083	0.929333	89	1
46	47	49	48	1.25	2.26824	-32.77	0.0069	0.015	0.022405	1.51857	1.49367	91	1
1	2	5	4	1.25	8.41378	-46.52	0.0016	0.015	0.020802	6.06705	1.3868	2	2
4	5	8	7	1.25	10.4061	-8.25	0.0019	0.015	0.0257855	6.05344	1.71903	8	2
5	6	9	8	1.25	11.0708	-26.84	0.0058	0.015	0.027399	6.06086	1.8266	10	2
6	7	10	9	1.25	9.65685	-26.61	0.0022	0.015	0.0236855	6.11567	1.57903	12	2
7	8	11	10	1.25	13.2853	-43.55	0.0003	0.005	0.010831	6.13298	2.1662	14	2
8	9	12	11	1.25	7.90505	-16.52	0.0013	0.015	0.0194315	6.10224	1.29543	16	2
9	10	13	12	1.25	8.88795	-35.13	0.0035	0.015	0.021817	6.1108	1.45447	18	2
10	11	14	13	1.25	17.2277	-31.73	0.0003	0.005	0.0146485	5.88037	2.9297	20	2
12	13	16	15	1.25	10.0697	-36.39	0.0018	0.015	0.025023	6.03628	1.6682	24	2
13	14	17	16	1.25	15.7484	-83.42	0.0267	0.005	0.0129243	6.09252	2.58486	26	2
14	15	18	17	1.25	10.7332	-148.41	0.0265	0.015	0.0264735	6.08146	1.7649	28	2
15	16	19	18	1.25	9.94172	-22.05	0.0004	0.015	0.0244305	6.10408	1.6287	30	2
16	17	20	19	1.25	13.7452	-63.11	0.0339	0.005	0.011285	6.09004	2.257	32	2
17	18	21	20	1.25	15.408	-26.59	0.008	0.005	0.012619	6.10507	2.5238	34	2
18	19	22	21	1.25	7.07141	-28.42	0.0013	0.015	0.0173615	6.10956	1.15743	36	2
19	20	23	22	1.25	9.87314	-28.31	0.0005	0.015	0.024156	6.13086	1.6104	38	2
21	22	25	24	1.25	6.07496	-28.92	0.0066	0.015	0.014676	6.20907	0.9784	42	2
22	23	26	25	1.25	10.2968	-24.25	0.0037	0.005	0.017685	2.91116	3.537	44	2
25	26	29	28	1.25	2.48019	-45.87	0.0002	0.015	0.012749	2.9181	0.849933	50	2
26	27	30	29	1.25	1.96062	-45.34	0.0039	0.015	0.00475165	6.18928	0.316777	52	2
27	28	31	30	1.25	2.74723	-33.89	0.0004	0.015	0.0066903	6.15944	0.44602	54	2
28	29	32	31	1.25	2.28839	-26.46	0.0007	0.015	0.0055886	6.14211	0.372573	56	2
29	30	33	32	1.25	1.90913	-37.53	0.0038	0.015	0.00469525	6.09915	0.313017	58	2
31	32	35	34	1.25	5.3521	-24.18	0.0055	0.015	0.013052	6.1509	0.870133	62	2
32	33	36	35	1.25	3.38921	-26.58	0.0006	0.015	0.0083168	6.11271	0.554453	64	2
33	34	37	36	1.25	3.18727	-59.63	0.0296	0.015	0.00782736	6.10793	0.521824	66	2
34	35	38	37	1.25	4.06613	-28.4	0.0026	0.015	0.0100007	6.09877	0.666713	68	2
35	36	39	38	1.25	3.44731	-41.48	0.0166	0.015	0.0087021	5.9422	0.58014	70	2
36	37	40	39	1.25	2.19518	-28.88	0.0013	0.015	0.00562665	5.85209	0.37511	72	2
37	38	41	40	1.25	1.13853	-62	0.0001	0.015	0.00284585	6.001	0.189723	74	2
38	39	42	41	1.25	1.03901	-61.98	0.0197	0.015	0.00255	6.11185	0.17	76	2
39	40	43	42	1.25	2.67164	-6.92	0.0299	0.05	0.0219056	6.09807	0.438112	78	2
40	41	44	43	1.25	1.95322	-39.19	0.0054	0.05	0.0160285	6.09297	0.32057	80	2
41	42	45	44	1.25	1.32269	-25.78	0.0239	0.05	0.010873	6.08244	0.21746	82	2
42	43	46	45	1.25	2.57535	-36.2	0.0024	0.015	0.00634825	6.08519	0.423217	84	2
43	44	47	46	1.25	4.51835	-38.84	0.0163	0.015	0.0111945	6.05434	0.7463	86	2
44	45	48	47	1.25	1.62101	-30.59	0.0013	0.05	0.0133165	6.08647	0.26633	88	2
45	46	49	48	1.25	0.943176	-42	0.0058	0.05	0.0077386	6.09397	0.154772	90	2
46	47	50	49	1.25	2.58451	-140.79	0.0098	0.015	0.0063692	6.08674	0.424613	92	2
1	2	6	5	1.25	10.3456	-23.76	0.0449	0.015	0.0100496	15.4419	0.669973	3	3
2	3	7	6	1.25	6.74512	-46.07	0.0005	0.015	0.00654435	15.4602	0.43629	5	3
3	4	8	7	1.25	10.907	-43.9	0.0108	0.015	0.010705	15.2831	0.713667	7	3
4	5	9	8	1.25	8.11354	-18.98	0.0088	0.015	0.00797445	15.2616	0.53163	9	3
5	6	10	9	1.25	11.4175	-34.54	0.0038	0.015	0.0112305	15.2498	0.7487	11	3
6	7	11	10	1.25	10.8761	-32.75	0.0011	0.015	0.0106355	15.3393	0.709033	13	3
7	8	12	11	1.25	7.93423	-22.55	0.0028	0.015	0.0077342	15.3879	0.515613	15	3
8	9	13	12	1.25	6.75616	-29.01	0.0008	0.015	0.0066143	15.3217	0.440953	17	3
10	11	15	14	1.25	8.72777	-34.08	0.0032	0.015	0.0087737	14.9215	0.584913	21	3
11	12	16	15	1.25	7.23558	-28.5	0.0048	0.015	0.00722695	15.0179	0.481797	23	3
12	13	17	16	1.25	9.59067	-31.92	0.011	0.015	0.0094793	15.1762	0.631953	25	3
13	14	18	17	1.25	13.4334	-49.87	0.0009	0.015	0.013195	15.271	0.879667	27	3
14	15	19	18	1.25	11.3378	-39.62	0.0018	0.015	0.0111535	15.2479	0.743567	29	3
16	17	21	20	1.25	16.3281	-4.81	0.0025	0.015	0.0159035	15.4005	1.06023	33	3
17	18	22	21	1.25	7.25649	-27.11	0.0033	0.015	0.00702195	15.501	0.46813	35	3
18	19	23	22	1.25	10.404	-45.32	0.0004	0.015	0.010012	15.5873	0.667467	37	3
19	20	24	23	1.25	8.75718	-28.34	0.0003	0.015	0.0083437	15.7433	0.556247	39	3
20	21	25	24	1.25	9.63484	-44.21	0.0007	0.015	0.00902125	16.0202	0.601417	41	3
21	22	26	25	1.25	6.34241	-37.53	0.0011	0.015	0.0160665	5.9214	1.0711	43	3
25	26	30	29	1.25	1.76262	-55.07	0.0003	0.015	0.00445885	5.92961	0.297257	51	3
26	27	31	30	1.25	2.88116	-14.93	0.0026	0.015	0.0026963	16.0284	0.179753	53	3
27	28	32	31	1.25	1.70304	-51.82	0.0235	0.015	0.0016209	15.7602	0.10806	55	3
28	29	33	32	1.25	1.27811	-52.26	0.0033	0.015	0.00124005	15.4604	0.08267	57	3
29	30	34	33	1.25	1.30969	-22.47	0.0223	0.015	0.00127735	15.3798	0.0851567	59	3
30	31	35	34	1.25	3.33184	-10	0.0033	0.015	0.0032698	15.2846	0.217987	61	3
31	32	36	35	1.25	2.29069	-42.73	0.0054	0.015	0.0022431	15.3182	0.14954	63	3
32	33	37	36	1.25	2.87055	-51.76	0.0027	0.015	0.00281225	15.3109	0.187483	65	3
33	34	38	37	1.25	1.93551	-11.01	0.0002	0.015	0.0019036	15.2514	0.126907	67	3
34	35	39	38	1.25	2.72369	-126	0.0154	0.015	0.002721	15.0149	0.1814	69	3
35	36	40	39	1.25	1.51948	-31.6	0.0011	0.015	0.0015205	14.99	0.101367	71	3
36	37	41	40	1.25	1.81935	-63.01	0.0036	0.015	0.0018236	14.965	0.121573	73	3
37	38	42	41	1.25	0.891281	-53.4	0.0129	0.015	0.00088295	15.1415	0.0588633	75	3
38	39	43	42	1.25	3.22489	-38.87	0.0018	0.015	0.00315285	15.3427	0.21019	77	3
39	40	44	43	1.25	4.31881	-27.33	0.0008	0.05	0.0141235	15.2895	0.28247	79	3
40	41	45	44	1.25	1.4644	-31.21	0.0025	0.05	0.00478415	15.3047	0.095683	81	3
41	42	46	45	1.25	1.38164	-0.91	0.0288	0.05	0.00452895	15.2534	0.090579	83	3
42	43	47	46	1.25	3.95175	-24.48	0.0021	0.015	0.0038664	15.3311	0.25776	85	3
43	44	48	47	1.25	2.45481	-33.75	0.0033	0.015	0.0024033	15.3215	0.16022	87	3
44	45	49	48	1.25	1.06766	-58.31	0.0331	0.05	0.00346166	15.4212	0.0692332	89	3
45	46	50	49	1.25	1.8839	-37.31	0.0007	0.05	0.0060781	15.4974	0.121562	91	3
1	2	7	6	1.25	7.27223	-32.57	0.0032	0.015	0.0034419	31.6928	0.22946	4	4
2	3	8	7	1.25	5.75526	-118.69	0.0097	0.015	0.00275545	31.3302	0.183697	6	4
3	4	9	8	1.25	8.8444	-111.3	0.0453	0.015	0.00427488	31.0338	0.284992	8	4
4	5	10	9	1.25	7.1331	-48.38	0.0022	0.015	0.0034579	30.9426	0.230527	10	4
5	6	11	10	1.25	10.3263	-42.35	0.0008	0.015	0.00501025	30.9154	0.334017	12	4
7	8	13	12	1.25	6.11631	-40.8	0.001	0.015	0.00295945	31.0006	0.197297	16	4
8	9	14	13	1.25	6.00579	-133.63	0.0137	0.015	0.00295075	30.5301	0.196717	18	4
9	10	15	14	1.25	4.48072	-32.72	0.0025	0.015	0.0022097	30.4162	0.147313	20	4
10	11	16	15	1.25	8.67934	-29.41	0.0002	0.015	0.00427845	30.4293	0.28523	22	4
11	12	17	16	1.25	6.58534	-97.98	0.0493	0.015	0.00325612	30.3368	0.217075	24	4
12	13	18	17	1.25	8.28937	-50.35	0.0015	0.015	0.0040632	30.6016	0.27088	26	4
13	14	19	18	1.25	11.1423	-27.86	0.0284	0.015	0.00543485	30.7524	0.362323	28	4
14	15	20	19	1.25	8.92992	-24.57	0.0018	0.015	0.00433575	30.894	0.28905	30	4
15	16	21	20	1.25	10.4687	-58.04	0.0058	0.015	0.0050153	31.3102	0.334353	32	4
16	17	22	21	1.25	6.34003	-24.57	0.0088	0.015	0.00299775	31.7239	0.19985	34	4
17	18	23	22	1.25	9.71275	-46.96	0.0027	0.015	0.00453925	32.0959	0.302617	36	4
18	19	24	23	1.25	8.26862	-44.3	0.0031	0.015	0.0038078	32.5724	0.253853	38	4
19	20	25	24	1.25	4.21938	-47.26	0.002	0.015	0.0018875	33.5315	0.125833	40	4
20	21	26	25	1.25	9.70535	-26.49	0.0009	0.015	0.01408	10.3395	0.938667	42	4
25	26	31	30	1.25	2.86642	-39.09	0.0181	0.015	0.00414465	10.3739	0.27631	52	4
26	27	32	31	1.25	2.03786	-72.7	0.0026	0.015	0.0009133	33.4698	0.0608867	54	4
27	28	33	32	1.25	1.47196	-35.73	0.0014	0.015	0.00068295	32.3294	0.04553	56	4
28	29	34	33	1.25	1.0699	-12.5	0.0046	0.015	0.0005042	31.8297	0.0336133	58	4
29	30	35	34	1.25	1.49286	-26.27	0.0029	0.015	0.00071	31.5393	0.0473333	60	4
30	31	36	35	1.25	2.0646	-58.05	0.0107	0.015	0.00100005	30.9674	0.06667	62	4
31	32	37	36	1.25	2.59971	-33	0.0147	0.015	0.0012577	31.0055	0.0838467	64	4
32	33	38	37	1.25	2.08571	-31.11	0.0068	0.015	0.0010158	30.7991	0.06772	66	4
33	34	39	38	1.25	1.54396	-25.82	0.002	0.015	0.00076305	30.3511	0.05087	68	4
34	35	40	39	1.25	1.6543	-68.73	0.0075	0.015	0.00081915	30.2931	0.05461	70	4
35	36	41	40	1.25	1.24628	-74.08	0.0263	0.015	0.00061176	30.5581	0.040784	72	4
36	37	42	41	1.25	1.33176	-61.09	0.0078	0.015	0.00065805	30.3569	0.04387	74	4
37	38	43	42	1.25	2.11152	-38.46	0.0238	0.015	0.00103355	30.6446	0.0689033	76	4
38	39	44	43	1.25	5.06348	-47.93	0.003	0.015	0.00245765	30.9044	0.163843	78	4
40	41	46	45	1.25	1.55304	-39.98	0.0001	0.05	0.0025086	30.9542	0.050172	82	4
41	42	47	46	1.25	2.00488	-51.52	0.0005	0.05	0.00323355	31.0012	0.064671	84	4
42	43	48	47	1.25	1.84598	-3.83	0.0061	0.015	0.0008876	31.1961	0.0591733	86	4
43	44	49	48	1.25	1.62103	-94.04	0.0118	0.015	0.0007763	31.3223	0.0517533	88	4
44	45	50	49	1.25	2.04975	-39.05	0.0113	0.05	0.0032328	31.7024	0.064656	90	4
1	3	7	5	1.25	9.00799	-30.66	0.0004	0.005	0.014651	3.07419	2.9302	4	5
2	4	8	6	1.25	11.3586	-35.07	0.0007	0.005	0.018544	3.06261	3.7088	6	5
3	5	9	7	1.25	9.40239	-36.17	0.0002	0.005	0.0154375	3.04531	3.0875	8	5
4	6	10	8	1.25	10.2567	-45.94	0.0103	0.005	0.016842	3.04498	3.3684	10	5
5	7	11	9	1.25	10.9072	-48.02	0.0018	0.005	0.017813	3.06159	3.5626	12	5
6	8	12	10	1.25	10.447	-48.78	0.0132	0.005	0.017002	3.0723	3.4004	14	5
7	9	13	11	1.25	7.57236	-31.47	0.0051	0.005	0.0123575	3.06387	2.4715	16	5
8	10	14	12	1.25	8.13252	-22.41	0.0109	0.005	0.013349	3.04612	2.6698	18	5
10	12	16	14	1.25	7.54867	-30.31	0.0049	0.005	0.012713	2.96888	2.5426	22	5
11	13	17	15	1.25	9.58026	-34.22	0.0039	0.005	0.0158605	3.02016	3.1721	24	5
13	15	19	17	1.25	11.9972	-32.95	0.0015	0.005	0.0196765	3.04861	3.9353	28	5
15	17	21	19	1.25	12.7947	-38.93	0.0177	0.005	0.0208865	3.06291	4.1773	32	5
17	19	23	21	1.25	8.12176	-13.49	0.0026	0.005	0.013137	3.09118	2.6274	36	5
18	20	24	22	1.25	9.62724	-27.84	0.0051	0.005	0.015475	3.11058	3.095	38	5
20	22	26	24	1.25	7.64654	-44.4	0.0009	0.005	0.0186985	2.04469	3.7397	42	5
21	23	27	25	1.25	8.93719	-39.71	0.0016	0.005	0.0231965	1.92641	4.6393	44	5
22	24	28	26	1.25	3.42011	-53.98	0.0045	0.015	0.00080405	63.8041	0.0536033	46	5
23	25	29	27	1.25	2.83272	-16.31	0.0125	0.015	0.0006653	63.8672	0.0443533	48	5
24	26	30	28	1.25	2.36117	-29.4	0.0002	0.015	0.0183475	1.93038	1.22317	50	5
25	27	31	29	1.25	2.11282	-35.88	0.0086	0.015	0.0154975	2.04499	1.03317	52	5
26	28	32	30	1.25	2.6164	-33.51	0.0013	0.015	0.012483	3.14396	0.8322	54	5
27	29	33	31	1.25	1.98347	-36.97	0.0002	0.015	0.00957645	3.1068	0.63843	56	5
28	30	34	32	1.25	1.56979	-40.68	0.009	0.015	0.00765455	3.0762	0.510303	58	5
29	31	35	33	1.25	2.8501	-49.45	0.0061	0.015	0.0139985	3.05401	0.933233	60	5
30	32	36	34	1.25	4.03202	-28.19	0.0006	0.015	0.019691	3.07147	1.31273	62	5
31	33	37	35	1.25	2.91682	-48.64	0.0036	0.015	0.0142825	3.06335	0.952167	64	5
32	34	38	36	1.25	2.5124	-41.6	0.0194	0.015	0.012326	3.05745	0.821733	66	5
33	35	39	37	1.25	3.04938	-42.12	0.0002	0.015	0.0150525	3.03874	1.0035	68	5
35	37	41	39	1.25	1.80644	-63.53	0.0227	0.015	0.0091353	2.96615	0.60902	72	5
36	38	42	40	1.25	1.0354	-32.7	0.0035	0.015	0.00516325	3.008	0.344217	74	5
38	40	44	42	1.25	3.20072	-54.93	0.0006	0.015	0.015696	3.0588	1.0464	78	5
39	41	45	43	1.25	2.426	-37.37	0.0183	0.015	0.011907	3.05619	0.7938	80	5
40	42	46	44	1.25	1.42577	-31.84	0.0005	0.05	0.023355	3.05239	0.4671	82	5
41	43	47	45	1.25	2.5069	-45.14	0.0029	0.015	0.0123105	3.05459	0.8207	84	5
42	44	48	46	1.25	4.08417	-110.35	0.0305	0.015	0.020077	3.05138	1.33847	86	5
43	45	49	47	1.25	1.60594	-37.35	0.0073	0.015	0.0078612	3.0643	0.52408	88	5
44	46	50	48	1.25	1.25441	-25.18	0.0035	0.05	0.020385	3.0768	0.4077	90	5
1	3	9	7	1.25	4.58798	-29.09	0.0018	0.015	0.00538425	12.7817	0.35895	6	6
2	4	10	8	1.25	6.81819	-33.41	0.0002	0.015	0.00809325	12.6368	0.53955	8	6
3	5	11	9	1.25	7.20517	-30.88	0.0025	0.015	0.0086063	12.558	0.573753	10	6
4	6	12	10	1.25	7.85686	-146.74	0.0168	0.015	0.00941355	12.5195	0.62757	12	6
5	7	13	11	1.25	5.78265	-140.33	0.0439	0.015	0.00694036	12.4979	0.462691	14	6
6	8	14	12	1.25	5.53165	-42.7	0.0055	0.015	0.0066655	12.4484	0.444367	16	6
7	9	15	13	1.25	4.14892	-78.95	0.0215	0.015	0.0050457	12.334	0.33638	18	6
8	10	16	14	1.25	3.89605	-29.63	0.0007	0.015	0.00475295	12.2957	0.316863	20	6
9	11	17	15	1.25	6.67503	-14.22	0.0003	0.015	0.00815955	12.271	0.54397	22	6
10	12	18	16	1.25	5.11903	-6.07	0.0036	0.015	0.0062776	12.2317	0.418507	24	6
11	13	19	17	1.25	6.27484	-48.65	0.0018	0.015	0.00764955	12.3043	0.50997	26	6
12	14	20	18	1.25	8.62728	-30.77	0.0011	0.015	0.010416	12.4241	0.6944	28	6
13	15	21	19	1.25	9.24488	-41	0.0008	0.015	0.0110205	12.5832	0.7347	30	6
14	16	22	20	1.25	7.89564	-37.27	0.0033	0.015	0.00923905	12.8189	0.615937	32	6
15	17	23	21	1.25	6.08762	-48.48	0.0008	0.015	0.0069895	13.0645	0.465967	34	6
16	18	24	22	1.25	7.93369	-24.11	0.0003	0.015	0.0089378	13.3148	0.595853	36	6
17	19	25	23	1.25	6.11439	-2.76	0.016	0.015	0.00671305	13.6623	0.447537	38	6
18	20	26	24	1.25	4.93366	-4.92	0.0003	0.015	0.010688	6.92412	0.712533	40	6
19	21	27	25	1.25	7.84649	-7.42	0.0015	0.015	0.018974	6.20309	1.26493	42	6
20	22	28	26	1.25	3.34964	-39.05	0.0003	0.015	0.00066325	75.7552	0.0442167	44	6
21	23	29	27	1.25	2.83304	-56.57	0.0193	0.015	0.0007327	57.9986	0.0488467	46	6
22	24	30	28	1.25	2.62163	-69.34	0.0079	0.015	0.00067785	58.0135	0.04519	48	6
23	25	31	29	1.25	2.34145	-50.48	0.007	0.015	0.00046255	75.9306	0.0308367	50	6
24	26	32	30	1.25	2.7609	-39.19	0.0002	0.015	0.00666095	6.21736	0.444063	52	6
25	27	33	31	1.25	2.15179	-37.15	0.0015	0.015	0.00467325	6.90674	0.31155	54	6
26	28	34	32	1.25	1.40583	-100.72	0.0037	0.015	0.00155535	13.558	0.10369	56	6
27	29	35	33	1.25	1.27617	-40.51	0.0044	0.015	0.00144765	13.2232	0.09651	58	6
28	30	36	34	1.25	1.34009	-29.52	0.0066	0.015	0.00154835	12.9824	0.103223	60	6
29	31	37	35	1.25	1.72647	-32.09	0.0091	0.015	0.00203635	12.7174	0.135757	62	6
30	32	38	36	1.25	2.30434	-22.29	0.0072	0.015	0.00274825	12.5772	0.183217	64	6
31	33	39	37	1.25	2.02735	-27.08	0.005	0.015	0.00244835	12.4207	0.163223	66	6
32	34	40	38	1.25	1.37947	-48.98	0.0129	0.015	0.0016883	12.2562	0.112553	68	6
33	35	41	39	1.25	1.35866	-0.57	0.0095	0.015	0.0016658	12.2343	0.111053	70	6
34	36	42	40	1.25	1.12987	-58.76	0.0037	0.015	0.00137765	12.3021	0.0918433	72	6
35	37	43	41	1.25	1.64271	-57.54	0.0007	0.015	0.0020074	12.2749	0.133827	74	6
36	38	44	42	1.25	2.75691	-66.18	0.0173	0.015	0.0033552	12.3252	0.22368	76	6
37	39	45	43	1.25	3.90283	-60.41	0.0295	0.015	0.00470952	12.4307	0.313968	78	6
38	40	46	44	1.25	2.9	-47.03	0.0021	0.015	0.0034832	12.4885	0.232213	80	6
39	41	47	45	1.25	2.16092	-33.19	0.0286	0.05	0.0086213	12.5325	0.172426	82	6
40	42	48	46	1.25	1.80652	-33.46	0.0022	0.05	0.00717625	12.5868	0.143525	84	6
41	43	49	47	1.25	1.35988	-16.54	0.0048	0.015	0.0016085	12.6815	0.107233	86	6
42	44	50	48	1.25	2.02215	-2.37	0.0152	0.05	0.00789705	12.8032	0.157941	88	6
1	3	11	9	1.25	4.92847	-2.14	0.0137	0.015	0.0021966	33.6552	0.14644	8	7
2	4	12	10	1.25	5.47169	-61.39	0.0009	0.015	0.0024816	33.0736	0.16544	10	7
3	5	13	11	1.25	3.9355	-52.54	0.0417	0.015	0.0018108	32.6002	0.12072	12	7
4	6	14	12	1.25	3.94531	-35.81	0.0012	0.015	0.00184145	32.1375	0.122763	14	7
5	7	15	13	1.25	4.05777	-38.53	0.0035	0.015	0.0019155	31.7758	0.1277	16	7
6	8	16	14	1.25	3.26061	-62.47	0.0056	0.015	0.00154475	31.6615	0.102983	18	7
7	9	17	15	1.25	3.2581	-47.54	0.0221	0.015	0.00154915	31.5473	0.103277	20	7
8	10	18	16	1.25	3.51244	-14.63	0.0078	0.015	0.0016775	31.4078	0.111833	22	7
9	11	19	17	1.25	4.8058	-32.84	0.0008	0.015	0.00229295	31.4385	0.152863	24	7
10	12	20	18	1.25	4.47046	-10.8	0.0299	0.015	0.00211158	31.7567	0.140772	26	7
12	14	22	20	1.25	6.54369	-49.05	0.0037	0.015	0.0029002	33.8444	0.193347	30	7
13	15	23	21	1.25	4.6609	-76.01	0.0046	0.015	0.0019872	35.1819	0.13248	32	7
14	16	24	22	1.25	5.05849	-42.95	0.0003	0.015	0.00207195	36.6212	0.13813	34	7
15	17	25	23	1.25	4.88437	-5.22	0.0083	0.015	0.00190705	38.4183	0.127137	36	7
16	18	26	24	1.25	4.45568	-31.99	0.0003	0.015	0.00390585	17.1116	0.26039	38	7
17	19	27	25	1.25	4.66761	-46.64	0.0006	0.015	0.0046998	14.8973	0.31332	40	7
19	21	29	27	1.25	3.20671	-42.32	0.002	0.015	0.0006793	70.8092	0.0452867	44	7
20	22	30	28	1.25	2.85249	-97.49	0.0535	0.015	0.0007724	55.3953	0.0514933	46	7
21	23	31	29	1.25	3.03136	-99.61	0.0023	0.015	0.0008202	55.4382	0.05468	48	7
22	24	32	30	1.25	4.29741	-20.68	0.024	0.015	0.0009091	70.9066	0.0606067	50	7
24	26	34	32	1.25	2.06751	-14.92	0.0037	0.015	0.0020905	14.835	0.139367	54	7
25	27	35	33	1.25	2.14025	-77.42	0.0026	0.015	0.00188445	17.0361	0.12563	56	7
26	28	36	34	1.25	1.76997	-3.67	0.0201	0.015	0.000695	38.2008	0.0463333	58	7
27	29	37	35	1.25	1.55575	-35.39	0.0015	0.015	0.00064005	36.46	0.04267	60	7
28	30	38	36	1.25	1.56969	-138.3	0.0016	0.015	0.00067065	35.1082	0.04471	62	7
29	31	39	37	1.25	2.20426	-40.46	0.0036	0.015	0.0009824	33.6562	0.0654933	64	7
30	32	40	38	1.25	2.24047	-44.88	0.0038	0.015	0.0010339	32.5051	0.0689267	66	7
31	33	41	39	1.25	1.56128	-87.26	0.0062	0.015	0.00073515	31.8564	0.04901	68	7
32	34	42	40	1.25	1.05385	-39.07	0.0099	0.015	0.00050165	31.5114	0.0334433	70	7
33	35	43	41	1.25	1.41674	-32.48	0.0012	0.015	0.00067725	31.3786	0.04515	72	7
34	36	44	42	1.25	2.64668	-26.52	0.0054	0.015	0.0012614	31.4732	0.0840933	74	7
35	37	45	43	1.25	3.35738	-8.48	0.0203	0.015	0.001597	31.5346	0.106467	76	7
36	38	46	44	1.25	2.60131	-62.84	0.01	0.015	0.0012285	31.7621	0.0819	78	7
37	39	47	45	1.25	3.61544	-119.84	0.0029	0.015	0.00168475	32.1897	0.112317	80	7
38	40	48	46	1.25	3.52894	-40.01	0.0172	0.015	0.00162215	32.6321	0.108143	82	7
39	41	49	47	1.25	1.49811	-30.38	0.0014	0.05	0.00226265	33.1052	0.045253	84	7
40	42	50	48	1.25	1.07195	-40.79	0.0022	0.05	0.00159	33.709	0.0318	86	7
2	4	14	12	1.25	4.18073	-72.81	0.0002	0.015	0.00091055	68.8715	0.0607033	12	8
3	5	15	13	1.25	3.72105	-13.28	0.0147	0.015	0.0008319	67.0942	0.05546	14	8
4	6	16	14	1.25	2.89478	-3.95	0.0049	0.015	0.0006586	65.9303	0.0439067	16	8
5	7	17	15	1.25	3.55323	-92.74	0.008	0.015	0.0008179	65.165	0.0545267	18	8
7	9	19	17	1.25	3.17091	-25.19	0.0062	0.015	0.0007305	65.1112	0.0487	22	8
9	11	21	19	1.25	4.74577	-96.28	0.002	0.015	0.0010386	68.5409	0.06924	26	8
10	12	22	20	1.25	4.69304	-77.76	0.0117	0.015	0.00097675	72.0712	0.0651167	28	8
11	13	23	21	1.25	3.39941	-47.57	0.0116	0.015	0.0006654	76.6324	0.04436	30	8
12	14	24	22	1.25	5.73517	-64.53	0.0036	0.015	0.0010507	81.8764	0.0700467	32	8
13	15	25	23	1.25	4.47585	-51.19	0.0011	0.015	0.0007619	88.1189	0.0507933	34	8
14	16	26	24	1.25	3.77887	-46.33	0.0036	0.015	0.00150115	37.7597	0.100077	36	8
15	17	27	25	1.25	4.34784	-63.06	0.0101	0.015	0.0019942	32.7036	0.132947	38	8
18	20	30	28	1.25	2.34934	-106.19	0.0077	0.015	0.00050945	69.1727	0.0339633	44	8
19	21	31	29	1.25	3.59569	-63.25	0.0054	0.015	0.0009866	54.6679	0.0657733	46	8
20	22	32	30	1.25	3.9225	-66.96	0.0019	0.015	0.0010767	54.6461	0.07178	48	8
21	23	33	31	1.25	2.90545	-52.03	0.0049	0.015	0.00063045	69.1279	0.04203	50	8
25	27	37	35	1.25	2.55327	-12.03	0.03	0.015	0.00101732	37.6469	0.0678213	58	8
26	28	38	36	1.25	2.59353	-87.04	0.0197	0.015	0.00044235	87.946	0.02949	60	8
28	30	40	38	1.25	1.87731	-27.56	0.002	0.015	0.00036825	76.4689	0.02455	64	8
29	31	41	39	1.25	2.0178	-107.52	0.0241	0.015	0.0004204	71.9958	0.0280267	66	8
31	33	43	41	1.25	1.91278	-75.86	0.0443	0.015	0.00043292	66.2749	0.0288613	70	8
32	34	44	42	1.25	2.65442	-13.22	0.0088	0.015	0.0006125	65.0061	0.0408333	72	8
33	35	45	43	1.25	2.7904	-71.88	0.0185	0.015	0.0006469	64.7024	0.0431267	74	8
34	36	46	44	1.25	2.4367	-70.06	0.0013	0.015	0.00056095	65.1582	0.0373967	76	8
35	37	47	45	1.25	3.59161	-31.61	0.0039	0.015	0.0008178	65.877	0.05452	78	8
36	38	48	46	1.25	3.8721	-91.62	0.003	0.015	0.00086555	67.1036	0.0577033	80	8
37	39	49	47	1.25	2.74816	-139.7	0.0004	0.015	0.00059805	68.928	0.03987	82	8
38	40	50	48	1.25	2.78874	-108.8	0.0224	0.015	0.00058775	71.1716	0.0391833	84	8
1	4	10	7	1.25	7.43894	-31.08	0.0001	0.015	0.0236415	4.71984	1.5761	7	9
2	5	11	8	1.25	7.34319	-36.92	0.0397	0.015	0.023495	4.68814	1.56633	9	9
3	6	12	9	1.25	8.36756	-31.34	0.0018	0.015	0.026878	4.66974	1.79187	11	9
4	7	13	10	1.25	8.0578	-100.89	0.0302	0.015	0.0258892	4.66863	1.72595	13	9
5	8	14	11	1.25	6.12473	-32.89	0.0002	0.015	0.0197065	4.66196	1.31377	15	9
7	10	16	13	1.25	5.33868	-33.74	0.0036	0.015	0.0174595	4.58662	1.16397	19	9
8	11	17	14	1.25	6.3618	-30.62	0.0002	0.015	0.020887	4.56873	1.39247	21	9
9	12	18	15	1.25	6.31623	-46.99	0	0.015	0.0207285	4.57068	1.3819	23	9
10	13	19	16	1.25	7.3994	-36.27	0.0003	0.015	0.0241745	4.59124	1.61163	25	9
11	14	20	17	1.25	8.94842	-45.59	0.0039	0.015	0.0290175	4.6257	1.9345	27	9
12	15	21	18	1.25	9.62806	-29.85	0.0016	0.015	0.030968	4.66355	2.06453	29	9
13	16	22	19	1.25	8.85126	-30.02	0.0003	0.015	0.0281245	4.72076	1.87497	31	9
15	18	24	21	1.25	6.8611	-31.98	0.0011	0.015	0.0211255	4.87167	1.40837	35	9
16	19	25	22	1.25	8.18945	-5.54	0.0024	0.015	0.024762	4.96089	1.6508	37	9
17	20	26	23	1.25	5.85344	-26.91	0.0032	0.015	0.025517	3.44091	1.70113	39	9
18	21	27	24	1.25	7.13408	-50.44	0.0007	0.005	0.0110545	3.22678	2.2109	41	9
19	22	28	25	1.25	7.16468	-41.35	0.0026	0.005	0.0123065	2.91093	2.4613	43	9
20	23	29	26	1.25	2.86813	-31.29	0.0081	0.015	0.00147195	29.2278	0.09813	45	9
21	24	30	27	1.25	2.55283	-46.55	0.0045	0.015	0.0014877	25.7394	0.09918	47	9
22	25	31	28	1.25	2.90921	-21.06	0.0004	0.015	0.00149085	29.2707	0.09939	49	9
23	26	32	29	1.25	2.06838	-28.7	0.0008	0.015	0.010639	2.91623	0.709267	51	9
24	27	33	30	1.25	2.45891	-44.93	0.0025	0.015	0.01143	3.22692	0.762	53	9
25	28	34	31	1.25	1.9131	-33.62	0.0009	0.015	0.0083631	3.43133	0.55754	55	9
26	29	35	32	1.25	1.25864	-18.59	0.0214	0.015	0.00383465	4.92342	0.255643	57	9
27	30	36	33	1.25	1.25135	-45.28	0.001	0.015	0.00388015	4.83751	0.258677	59	9
28	31	37	34	1.25	2.16058	-34.67	0.0012	0.015	0.0068059	4.76186	0.453727	61	9
29	32	38	35	1.25	2.02653	-41.97	0.0048	0.015	0.0064524	4.71111	0.43016	63	9
30	33	39	36	1.25	2.39552	-30.47	0.0023	0.015	0.0077006	4.66623	0.513373	65	9
31	34	40	37	1.25	1.78848	-26	0.001	0.015	0.00580885	4.61833	0.387257	67	9
32	35	41	38	1.25	1.4192	-24.14	0.0242	0.015	0.00465713	4.57107	0.310475	69	9
33	36	42	39	1.25	1.25621	-37.67	0.0009	0.015	0.0041217	4.57171	0.27478	71	9
34	37	43	40	1.25	1.52268	-49.08	0	0.015	0.00499405	4.57348	0.332937	73	9
35	38	44	41	1.25	1.75086	-48.19	0.0018	0.015	0.00571455	4.5958	0.38097	75	9
36	39	45	42	1.25	2.5472	-49.75	0.0005	0.015	0.0082467	4.63312	0.54978	77	9
37	40	46	43	1.25	3.48437	-54.77	0.0005	0.015	0.0112415	4.64934	0.749433	79	9
38	41	47	44	1.25	2.36617	-29.36	0.0007	0.015	0.0076063	4.6662	0.507087	81	9
39	42	48	45	1.25	1.72223	-36.83	0.0178	0.05	0.018419	4.67513	0.36838	83	9
40	43	49	46	1.25	2.29104	-24.08	0.0068	0.015	0.00730605	4.70372	0.48707	85	9
41	44	50	47	1.25	1.84735	-44.77	0.0007	0.05	0.019519	4.73219	0.39038	87	9
1	4	13	10	1.25	4.43417	-35.88	0.0066	0.015	0.0032675	20.3558	0.217833	10	10
2	5	14	11	1.25	3.73008	-48.54	0.0004	0.015	0.00280575	19.9416	0.18705	12	10
3	6	15	12	1.25	3.90412	-32.64	0.0012	0.015	0.00299005	19.5855	0.199337	14	10
4	7	16	13	1.25	3.54964	-42.51	0.0026	0.015	0.0027555	19.3231	0.1837	16	10
5	8	17	14	1.25	3.15221	-60.99	0.0019	0.015	0.00246345	19.1939	0.16423	18	10
6	9	18	15	1.25	3.19465	-46.83	0.0056	0.015	0.0025069	19.1151	0.167127	20	10
7	10	19	16	1.25	3.19226	-39.08	0.0047	0.015	0.0025075	19.0963	0.167167	22	10
8	11	20	17	1.25	4.05893	-50.25	0.0009	0.015	0.0031671	19.2239	0.21114	24	10
9	12	21	18	1.25	4.06547	-38.78	0.0138	0.015	0.003114	19.5832	0.2076	26	10
10	13	22	19	1.25	4.19876	-42.49	0.0001	0.015	0.00310895	20.2581	0.207263	28	10
11	14	23	20	1.25	5.75546	-49.02	0.0028	0.015	0.0040773	21.1738	0.27182	30	10
12	15	24	21	1.25	4.70396	-28.43	0.0289	0.015	0.00317657	22.2125	0.211771	32	10
13	16	25	22	1.25	4.79802	-4.16	0.029	0.015	0.00307624	23.3955	0.205083	34	10
14	17	26	23	1.25	4.43691	-7.97	0.0005	0.015	0.0046681	14.2571	0.311207	36	10
15	18	27	24	1.25	4.21296	-24.58	0.0092	0.015	0.0048481	13.0349	0.323207	38	10
16	19	28	25	1.25	4.47076	-21.32	0.0029	0.015	0.00606875	11.0503	0.404583	40	10
17	20	29	26	1.25	2.62701	-36	0.0294	0.015	0.00081387	48.4169	0.054258	42	10
18	21	30	27	1.25	2.81917	-92.3	0.011	0.015	0.00134785	31.3741	0.0898567	44	10
19	22	31	28	1.25	2.98473	-65.53	0.0054	0.015	0.00178925	25.0221	0.119283	46	10
20	23	32	29	1.25	3.24199	-28.64	0.0002	0.015	0.00194335	25.0238	0.129557	48	10
21	24	33	30	1.25	3.53985	-10.3	0.0507	0.015	0.00169188	31.3838	0.112792	50	10
22	25	34	31	1.25	3.0627	-66.41	0.0042	0.015	0.00094795	48.4631	0.0631967	52	10
23	26	35	32	1.25	2.16541	-0.39	0.0256	0.015	0.00294998	11.0106	0.196665	54	10
24	27	36	33	1.25	2.08529	-128.15	0.0094	0.015	0.00240975	12.9804	0.16065	56	10
25	28	37	34	1.25	2.41198	-7.66	0.0394	0.015	0.00254688	14.2055	0.169792	58	10
26	29	38	35	1.25	1.57525	-51.97	0.0041	0.015	0.00101405	23.3014	0.0676033	60	10
27	30	39	36	1.25	1.75262	-66.21	0.0045	0.015	0.00118635	22.1598	0.07909	62	10
28	31	40	37	1.25	2.08227	-19.11	0.0017	0.015	0.00148125	21.0863	0.09875	64	10
30	33	42	39	1.25	1.63263	-8.35	0.0252	0.015	0.00124848	19.6154	0.083232	68	10
31	34	43	40	1.25	1.38107	-60.6	0.0034	0.015	0.0010759	19.2546	0.0717267	70	10
32	35	44	41	1.25	1.77266	-45.52	0.0038	0.015	0.0013938	19.0773	0.09292	72	10
33	36	45	42	1.25	2.3588	-47.61	0.0056	0.015	0.0018546	19.078	0.12364	74	10
34	37	46	43	1.25	3.32088	-1.71	0.0468	0.015	0.0026031	19.1361	0.17354	76	10
35	38	47	44	1.25	2.83291	-4.82	0.0053	0.015	0.0021995	19.3197	0.146633	78	10
36	39	48	45	1.25	3.38787	-45.54	0.0064	0.015	0.0025925	19.6019	0.172833	80	10
37	40	49	46	1.25	3.25533	-88.6	0.0085	0.015	0.00244695	19.9554	0.16313	82	10
38	41	50	47	1.25	2.03333	-107.87	0.0072	0.015	0.00149675	20.3775	0.0997833	84	10
1	4	16	13	1.25	3.75898	-43.93	0.0062	0.015	0.0010425	54.0861	0.0695	13	11
2	5	17	14	1.25	3.1236	-45.26	0.0084	0.015	0.000896	52.2924	0.0597333	15	11
3	6	18	15	1.25	3.2884	-56.19	0.0009	0.015	0.00096455	51.1388	0.0643033	17	11
4	7	19	16	1.25	3.02463	-37.83	0.0044	0.015	0.0008949	50.6977	0.05966	19	11
5	8	20	17	1.25	3.28855	-15.33	0.0496	0.015	0.00096252	51.2491	0.064168	21	11
6	9	21	18	1.25	3.37445	-102.21	0.0048	0.015	0.00095635	52.9271	0.0637567	23	11
7	10	22	19	1.25	3.28147	-30.94	0.05	0.015	0.0008816	55.8327	0.0587733	25	11
8	11	23	20	1.25	4.24157	-5.36	0.0281	0.015	0.001063	59.8528	0.0708667	27	11
9	12	24	21	1.25	3.48657	-12.32	0.0008	0.015	0.0008075	64.7661	0.0538333	29	11
10	13	25	22	1.25	3.97741	-79.83	0.0059	0.015	0.00084245	70.8186	0.0561633	31	11
11	14	26	23	1.25	4.33076	-18.5	0.0392	0.015	0.0014728	44.1074	0.0981867	33	11
12	15	27	24	1.25	4.23169	-26.04	0.0009	0.015	0.0015265	41.5823	0.101767	35	11
13	16	28	25	1.25	4.15138	-30.88	0.0157	0.015	0.00176355	35.3099	0.11757	37	11
15	18	30	27	1.25	2.55638	-41.43	0.0048	0.015	0.00058535	65.5091	0.0390233	41	11
16	19	31	28	1.25	3.1935	-7.03	0.0062	0.015	0.00123055	38.9277	0.0820367	43	11
18	21	33	30	1.25	3.6768	-39.23	0.0068	0.015	0.0022065	24.9952	0.1471	47	11
19	22	34	31	1.25	2.83656	-67.67	0.0056	0.015	0.0015198	27.996	0.10132	49	11
20	23	35	32	1.25	3.21581	-66.2	0.0413	0.015	0.00123896	38.9336	0.0825973	51	11
21	24	36	33	1.25	2.71473	-87.04	0.0009	0.015	0.00062155	65.5152	0.0414367	53	11
23	26	38	35	1.25	2.80583	-58.65	0.0009	0.015	0.0011935	35.2639	0.0795667	57	11
24	27	39	36	1.25	3.26907	-40.61	0.0004	0.015	0.0011807	41.5314	0.0787133	59	11
25	28	40	37	1.25	2.8219	-61.39	0.0256	0.015	0.0009611	44.0418	0.0640733	61	11
26	29	41	38	1.25	2.3517	-92.04	0.0096	0.015	0.0004987	70.7348	0.0332467	63	11
27	30	42	39	1.25	1.71916	-7.44	0.0588	0.015	0.00039778	64.8285	0.0265187	65	11
28	31	43	40	1.25	1.92317	-39.69	0.0114	0.015	0.0004825	59.7876	0.0321667	67	11
29	32	44	41	1.25	2.6196	-9.29	0.0089	0.015	0.00070505	55.7323	0.0470033	69	11
30	33	45	42	1.25	3.48217	-20.04	0.0049	0.015	0.0009882	52.8562	0.06588	71	11
31	34	46	43	1.25	2.62967	-41.88	0.0034	0.015	0.00077005	51.224	0.0513367	73	11
32	35	47	44	1.25	2.79763	-88.83	0.0001	0.015	0.00082745	50.7153	0.0551633	75	11
33	36	48	45	1.25	2.75241	-62.09	0.0025	0.015	0.00080695	51.1631	0.0537967	77	11
34	37	49	46	1.25	3.15904	-46.59	0.0002	0.015	0.00090675	52.2587	0.06045	79	11
35	38	50	47	1.25	2.80648	-47.02	0.0304	0.015	0.00077846	54.0776	0.0518973	81	11
14	17	32	29	1.25	4.33693	-41.06	0.007	0.015	0.001107	58.766	0.0738	42	12
15	18	33	30	1.25	4.35811	-1.32	0.0461	0.015	0.00178158	36.6931	0.118772	44	12
16	19	34	31	1.25	3.22491	-39.02	0.003	0.015	0.0016849	28.7101	0.112327	46	12
17	20	35	32	1.25	3.10792	-40.96	0.0002	0.015	0.0016234	28.7168	0.108227	48	12
18	21	36	33	1.25	3.37937	-30.3	0.0103	0.015	0.0013812	36.7004	0.09208	50	12
19	22	37	34	1.25	3.69864	-19.03	0.0063	0.015	0.00094305	58.83	0.06287	52	12
1	5	13	9	1.25	5.79811	-54.23	0	0.015	0.0133995	6.49067	0.8933	10	13
2	6	14	10	1.25	6.07138	-139.96	0.0164	0.015	0.014184	6.42066	0.9456	12	13
3	7	15	11	1.25	4.48185	-48.39	0.0001	0.015	0.010559	6.36687	0.703933	14	13
4	8	16	12	1.25	4.2301	-28.11	0	0.015	0.010038	6.32113	0.6692	16	13
5	9	17	13	1.25	4.0482	-41.2	0.0086	0.015	0.00969085	6.26601	0.646057	18	13
6	10	18	14	1.25	3.45627	-48.3	0.0006	0.015	0.00830405	6.24323	0.553603	20	13
7	11	19	15	1.25	5.06865	-30.2	0.0004	0.015	0.012192	6.23604	0.8128	22	13
8	12	20	16	1.25	4.82993	-51.85	0.0282	0.015	0.0116052	6.2428	0.77368	24	13
9	13	21	17	1.25	5.09216	-56.04	0.008	0.015	0.0120945	6.31547	0.8063	26	13
10	14	22	18	1.25	6.89981	-25.15	0.001	0.015	0.0160835	6.43499	1.07223	28	13
11	15	23	19	1.25	6.82342	-36.81	0.0011	0.015	0.015518	6.59565	1.03453	30	13
12	16	24	20	1.25	6.81458	-43.66	0.0001	0.015	0.015034	6.79916	1.00227	32	13
13	17	25	21	1.25	4.8865	-32.46	0.0071	0.015	0.0104335	7.02521	0.695567	34	13
14	18	26	22	1.25	5.68681	-43.76	0.0002	0.015	0.01598	5.33806	1.06533	36	13
15	19	27	23	1.25	5.27623	-32.79	0.0003	0.015	0.0155855	5.07802	1.03903	38	13
16	20	28	24	1.25	3.8393	-32.12	0.0357	0.015	0.012478	4.61528	0.831867	40	13
17	21	29	25	1.25	6.22509	-41.15	0.0026	0.015	0.023504	3.97279	1.56693	42	13
18	22	30	26	1.25	2.72382	-26.77	0.0004	0.015	0.0022298	18.3233	0.148653	44	13
19	23	31	27	1.25	3.06794	-40.09	0.0024	0.015	0.00311525	14.7722	0.207683	46	13
20	24	32	28	1.25	3.10711	-37.04	0.0001	0.015	0.0031549	14.7728	0.210327	48	13
21	25	33	29	1.25	2.84436	-28.41	0.0017	0.015	0.0023265	18.3389	0.1551	50	13
22	26	34	30	1.25	2.58257	-24.83	0.0007	0.015	0.00974675	3.97451	0.649783	52	13
23	27	35	31	1.25	2.15232	-39.34	0.0005	0.015	0.00701455	4.60255	0.467637	54	13
24	28	36	32	1.25	1.78627	-54.51	0.0001	0.015	0.0053055	5.05024	0.3537	56	13
25	29	37	33	1.25	1.73971	-34.17	0.0004	0.015	0.00491415	5.3103	0.32761	58	13
26	30	38	34	1.25	1.45339	-61.15	0.0034	0.015	0.0031188	6.99013	0.20792	60	13
27	31	39	35	1.25	1.84083	-28.1	0.0024	0.015	0.00408705	6.75608	0.27247	62	13
28	32	40	36	1.25	2.19333	-12.63	0.0389	0.015	0.00499534	6.58613	0.333023	64	13
29	33	41	37	1.25	1.86244	-37.67	0.0013	0.015	0.00434425	6.43072	0.289617	66	13
30	34	42	38	1.25	1.5717	-26.21	0.0011	0.015	0.00374075	6.30235	0.249383	68	13
31	35	43	39	1.25	1.38471	-55.7	0.001	0.015	0.0033251	6.24665	0.221673	70	13
32	36	44	40	1.25	1.53745	-52.44	0.0236	0.015	0.00369397	6.24307	0.246265	72	13
33	37	45	41	1.25	2.10473	-15	0.0453	0.015	0.00506722	6.23043	0.337815	74	13
35	39	47	43	1.25	3.54806	-32.54	0.0035	0.015	0.00843035	6.31301	0.562023	78	13
36	40	48	44	1.25	3.01712	-37.63	0.0045	0.015	0.00711005	6.36518	0.474003	80	13
37	41	49	45	1.25	2.33579	-51.5	0.0011	0.015	0.0054508	6.42784	0.363387	82	13
38	42	50	46	1.25	2.04812	-42.41	0.0084	0.015	0.0047253	6.50157	0.31502	84	13
1	5	17	13	1.25	3.38268	-27.94	0.0073	0.015	0.00180355	28.1335	0.120237	14	14
2	6	18	14	1.25	3.1078	-56.33	0.0032	0.015	0.0017006	27.4121	0.113373	16	14
3	7	19	15	1.25	3.2347	-42.91	0.0003	0.015	0.0017943	27.0414	0.11962	18	14
4	8	20	16	1.25	2.85293	-55.3	0.0077	0.015	0.0015804	27.078	0.10536	20	14
5	9	21	17	1.25	3.22986	-80.68	0.0036	0.015	0.0017557	27.5946	0.117047	22	14
6	10	22	18	1.25	3.26226	-50.8	0.0254	0.015	0.0017077	28.6548	0.113847	24	14
7	11	23	19	1.25	3.72789	-43.09	0.0115	0.015	0.00184715	30.2728	0.123143	26	14
8	12	24	20	1.25	3.82891	-7.34	0.0104	0.015	0.00177175	32.4164	0.118117	28	14
9	13	25	21	1.25	3.37882	-22.96	0.008	0.015	0.00144365	35.1071	0.0962433	30	14
10	14	26	22	1.25	4.39072	-73.02	0.0047	0.015	0.0024699	26.6653	0.16466	32	14
12	16	28	24	1.25	3.90425	-47.18	0.0019	0.015	0.0024576	23.8296	0.16384	36	14
13	17	29	25	1.25	3.99415	-37.74	0.0006	0.015	0.00308665	19.4101	0.205777	38	14
14	18	30	26	1.25	2.64925	-25.98	0.0024	0.015	0.00080435	49.4048	0.0536233	40	14
15	19	31	27	1.25	3.15309	-40.18	0.0014	0.015	0.00170855	27.6822	0.113903	42	14
16	20	32	28	1.25	3.03106	-60	0.0014	0.015	0.00245815	18.496	0.163877	44	14
17	21	33	29	1.25	3.40903	-5.64	0.0009	0.015	0.0034062	15.0125	0.22708	46	14
18	22	34	30	1.25	3.24943	-38.58	0.0043	0.015	0.0032467	15.0126	0.216447	48	14
19	23	35	31	1.25	3.04638	-49.02	0.0091	0.015	0.0024703	18.498	0.164687	50	14
20	24	36	32	1.25	3.20502	-118.51	0.0274	0.015	0.00173655	27.6843	0.11577	52	14
21	25	37	33	1.25	2.57317	-73.96	0.0175	0.015	0.0007802	49.4713	0.0520133	54	14
23	27	39	35	1.25	2.61259	-61.15	0.0044	0.015	0.0016484	23.7739	0.109893	58	14
24	28	40	36	1.25	2.721	-55.09	0.0101	0.015	0.00155845	26.1895	0.103897	60	14
25	29	41	37	1.25	2.46002	-78.4	0.0017	0.015	0.0013852	26.6389	0.0923467	62	14
26	30	42	38	1.25	2.08611	-39	0.0393	0.015	0.00089232	35.0678	0.059488	64	14
27	31	43	39	1.25	1.99014	-15.84	0.0207	0.015	0.00092175	32.3864	0.06145	66	14
28	32	44	40	1.25	2.22511	-14.37	0.0003	0.015	0.00110295	30.2612	0.07353	68	14
29	33	45	41	1.25	2.51743	-43.98	0.0047	0.015	0.0013187	28.6354	0.0879133	70	14
30	34	46	42	1.25	2.76251	-36.35	0.0072	0.015	0.00150355	27.5599	0.100237	72	14
31	35	47	43	1.25	3.00182	-26.53	0.0015	0.015	0.0016641	27.058	0.11094	74	14
32	36	48	44	1.25	2.61134	-39.78	0.0039	0.015	0.00144795	27.0521	0.09653	76	14
33	37	49	45	1.25	2.86192	-43.69	0.0041	0.015	0.00156685	27.3981	0.104457	78	14
34	38	50	46	1.25	3.25858	-42.42	0.0004	0.015	0.00173735	28.134	0.115823	80	14
1	5	21	17	1.25	4.23466	-134.65	0.0276	0.015	0.0007887	80.5375	0.05258	18	15
2	6	22	18	1.25	3.98617	-27.49	0.0267	0.015	0.0007167	83.4276	0.04778	20	15
3	7	23	19	1.25	4.31481	-51.64	0.0074	0.015	0.00072225	89.6118	0.04815	22	15
4	8	24	20	1.25	4.30392	-118.61	0.0029	0.015	0.0006513	99.1231	0.04342	24	15
6	10	26	22	1.25	3.51603	-44.6	0.0065	0.015	0.00054935	96.0052	0.0366233	28	15
12	16	32	28	1.25	5.22435	-65.28	0.0155	0.015	0.00112675	69.5497	0.0751167	40	15
13	17	33	29	1.25	4.68541	-84.29	0.0004	0.015	0.0020074	35.011	0.133827	42	15
14	18	34	30	1.25	4.02164	-35.2	0.002	0.015	0.00275015	21.935	0.183343	44	15
15	19	35	31	1.25	3.61681	-60.1	0.0069	0.015	0.00313825	17.2874	0.209217	46	15
16	20	36	32	1.25	3.16189	-39.38	0.0005	0.015	0.0027436	17.2869	0.182907	48	15
17	21	37	33	1.25	3.55182	-31.26	0.0012	0.015	0.00242775	21.9451	0.16185	50	15
18	22	38	34	1.25	3.73131	-25.4	0.0055	0.015	0.00159815	35.0215	0.106543	52	15
19	23	39	35	1.25	3.81518	-63.66	0.0028	0.015	0.00082235	69.5905	0.0548233	54	15
27	31	47	43	1.25	4.88097	-40.55	0.0044	0.015	0.0007399	98.952	0.0493267	70	15
28	32	48	44	1.25	3.91137	-6.64	0.0122	0.015	0.0006549	89.5869	0.04366	72	15
29	33	49	45	1.25	3.9371	-39.78	0.021	0.015	0.0007076	83.4603	0.0471733	74	15
30	34	50	46	1.25	3.57969	-23.03	0.0065	0.015	0.0006665	80.5633	0.0444333	76	15
11	15	35	31	1.25	5.68601	-57.04	0.0014	0.015	0.001889	45.1509	0.125933	42	16
12	16	36	32	1.25	4.73324	-95.26	0.0376	0.015	0.00285112	24.902	0.190075	44	16
13	17	37	33	1.25	4.28541	-55.58	0.0007	0.015	0.0034322	18.7289	0.228813	46	16
14	18	38	34	1.25	3.85525	-53.73	0.0018	0.015	0.00308855	18.7236	0.205903	48	16
15	19	39	35	1.25	4.19134	-55.48	0.0037	0.015	0.00252695	24.8798	0.168463	50	16
16	20	40	36	1.25	5.07888	-51.07	0	0.015	0.00168685	45.163	0.112457	52	16
1	2	4	3	2.5	16.5827	-31.28	0.0004	0.005	0.055229	1.50127	11.0458	1	1
2	3	5	4	2.5	5.28064	-47.99	0.0001	0.015	0.052237	1.51635	3.48247	3	1
3	4	6	5	2.5	16.8222	-106.33	0	0.001	0.0111525	1.50838	11.1525	5	1
6	7	9	8	2.5	7.5168	-41.76	0.0051	0.015	0.0727495	1.54987	4.84997	11	1
7	8	10	9	2.5	10.7938	-81.06	0.0032	0.005	0.0347205	1.55438	6.9441	13	1
8	9	11	10	2.5	8.3303	-16.06	0.0098	0.015	0.080776	1.54693	5.38507	15	1
9	10	12	11	2.5	6.51458	-42.81	0.0012	0.015	0.0639475	1.52811	4.26317	17	1
10	11	13	12	2.5	14.1603	-103.93	0.0159	0.005	0.045548	1.55443	9.1096	19	1
11	12	14	13	2.5	12.1005	-90.18	0.0006	0.005	0.0415	1.45789	8.3	21	1
12	13	15	14	2.5	6.08364	-28.26	0.0015	0.015	0.061639	1.48047	4.10927	23	1
13	14	16	15	2.5	12.928	-86.88	0.001	0.005	0.0418585	1.54425	8.3717	25	1
14	15	17	16	2.5	8.08785	-19.07	0.0073	0.015	0.079654	1.52306	5.31027	27	1
15	16	18	17	2.5	8.03787	-100.27	0	0.005	0.0258515	1.55462	5.1703	29	1
17	18	20	19	2.5	11.4782	-67.24	0.0068	0.005	0.0372625	1.54018	7.4525	33	1
18	19	21	20	2.5	12.8488	-91.45	0.0069	0.005	0.0420335	1.5284	8.4067	35	1
19	20	22	21	2.5	4.68793	-85.68	0.003	0.015	0.045818	1.53475	3.05453	37	1
20	21	23	22	2.5	14.8176	-79.13	0.0003	0.005	0.0487055	1.52114	9.7411	39	1
21	22	24	23	2.5	6.56814	-55.27	0.0056	0.015	0.0643865	1.53017	4.29243	41	1
22	23	25	24	2.5	5.63035	-74.22	0.0015	0.015	0.055514	1.52133	3.70093	43	1
23	24	26	25	2.5	11.1106	-60.93	0	0.005	0.055997	0.992071	11.1994	45	1
25	26	28	27	2.5	4.38253	-141.26	0.0151	0.015	0.0666635	0.986116	4.44423	49	1
26	27	29	28	2.5	4.60054	-90.06	0.0057	0.015	0.045215	1.52622	3.01433	51	1
27	28	30	29	2.5	2.12843	-80.22	0.0079	0.015	0.021044	1.51713	1.40293	53	1
28	29	31	30	2.5	3.25683	-115.14	0.0038	0.015	0.032101	1.52184	2.14007	55	1
29	30	32	31	2.5	4.07976	-52.57	0.0076	0.015	0.0397085	1.54114	2.64723	57	1
30	31	33	32	2.5	5.83723	-54.31	0.0082	0.015	0.057174	1.53144	3.8116	59	1
31	32	34	33	2.5	6.92365	-56.18	0.0004	0.005	0.022276	1.55406	4.4552	61	1
32	33	35	34	2.5	9.62816	-90.03	0.0011	0.005	0.030837	1.56114	6.1674	63	1
33	34	36	35	2.5	4.38741	-81.22	0.002	0.015	0.04231	1.55545	2.82067	65	1
34	35	37	36	2.5	7.45628	-111.78	0.0677	0.005	0.0241562	1.54335	4.83124	67	1
36	37	39	38	2.5	7.62524	-25.4	0.0048	0.015	0.078082	1.46485	5.20547	71	1
37	38	40	39	2.5	1.31781	-91.25	0	0.015	0.013402	1.47494	0.893467	73	1
38	39	41	40	2.5	1.75013	-55.84	0.0109	0.015	0.016938	1.54989	1.1292	75	1
39	40	42	41	2.5	1.05625	-62.9	0.0008	0.05	0.0346605	1.52371	0.69321	77	1
40	41	43	42	2.5	1.04016	-52.32	0.0015	0.05	0.0334325	1.55561	0.66865	79	1
41	42	44	43	2.5	1.68375	-60.99	0.0013	0.05	0.0546385	1.54081	1.09277	81	1
42	43	45	44	2.5	2.077	-82.4	0.0001	0.015	0.020158	1.54554	1.34387	83	1
43	44	46	45	2.5	2.70172	-75.09	0.0095	0.015	0.0267295	1.51614	1.78197	85	1
44	45	47	46	2.5	3.02001	-55.53	0.0087	0.015	0.0296895	1.5258	1.9793	87	1
45	46	48	47	2.5	1.37936	-69.44	0.0081	0.05	0.045349	1.52083	0.90698	89	1
46	47	49	48	2.5	2.19256	-79.11	0.0009	0.015	0.0216575	1.51857	1.44383	91	1
47	48	50	49	2.5	2.70225	-67.37	0.0016	0.015	0.026821	1.51127	1.78807	93	1
1	2	5	4	2.5	8.53755	-80.96	0.0003	0.015	0.021108	6.06705	1.4072	2	2
2	3	6	5	2.5	9.04795	-40.84	0.0009	0.015	0.022298	6.08661	1.48653	4	2
3	4	7	6	2.5	12.1134	-27.07	0.002	0.015	0.0298875	6.07952	1.9925	6	2
4	5	8	7	2.5	10.8879	-83.64	0.0027	0.015	0.0269795	6.05344	1.79863	8	2
5	6	9	8	2.5	10.834	-97.07	0.0022	0.015	0.026813	6.06086	1.78753	10	2
6	7	10	9	2.5	9.78629	-45.87	0.0019	0.015	0.024003	6.11567	1.6002	12	2
7	8	11	10	2.5	13.2754	-80.38	0.0115	0.015	0.032469	6.13298	2.1646	14	2
8	9	12	11	2.5	7.4248	-88.89	0.0073	0.015	0.018251	6.10224	1.21673	16	2
10	11	14	13	2.5	16.4997	-59.47	0.0029	0.015	0.0420885	5.88037	2.8059	20	2
12	13	16	15	2.5	10.0291	-63.61	0.0048	0.015	0.024922	6.03628	1.66147	24	2
13	14	17	16	2.5	15.5114	-47.02	0.0004	0.015	0.0381895	6.09252	2.54597	26	2
14	15	18	17	2.5	8.95921	-81.37	0.01	0.015	0.022098	6.08146	1.4732	28	2
15	16	19	18	2.5	11.232	-139.19	0.0265	0.015	0.0276013	6.10408	1.84009	30	2
16	17	20	19	2.5	12.4838	-55.83	0.0066	0.015	0.030748	6.09004	2.04987	32	2
18	19	22	21	2.5	6.83172	-55.75	0.0017	0.015	0.016773	6.10956	1.1182	36	2
19	20	23	22	2.5	9.9929	-89.77	0.0023	0.015	0.024449	6.13086	1.62993	38	2
20	21	24	23	2.5	15.3433	-112.85	0.0057	0.015	0.0374675	6.14266	2.49783	40	2
21	22	25	24	2.5	6.03232	-93.84	0.009	0.015	0.014573	6.20907	0.971533	42	2
22	23	26	25	2.5	10.0543	-81.1	0.0009	0.015	0.0518055	2.91116	3.4537	44	2
25	26	29	28	2.5	2.46988	-84.53	0.0029	0.015	0.012696	2.9181	0.8464	50	2
26	27	30	29	2.5	1.9026	-117.59	0.0041	0.015	0.00461105	6.18928	0.307403	52	2
27	28	31	30	2.5	2.89307	-80.21	0.0054	0.015	0.00704545	6.15944	0.469697	54	2
28	29	32	31	2.5	2.35132	-57.23	0.0001	0.015	0.0057423	6.14211	0.38282	56	2
29	30	33	32	2.5	1.74606	-115.5	0.0078	0.015	0.0042942	6.09915	0.28628	58	2
30	31	34	33	2.5	3.62327	-66.37	0.0236	0.015	0.00898317	6.0501	0.598878	60	2
31	32	35	34	2.5	5.15794	-87.12	0.0013	0.015	0.0125785	6.1509	0.838567	62	2
32	33	36	35	2.5	3.10116	-62.72	0.0153	0.015	0.00760995	6.11271	0.50733	64	2
33	34	37	36	2.5	3.16456	-75.15	0.0007	0.015	0.0077716	6.10793	0.518107	66	2
34	35	38	37	2.5	4.01527	-50.94	0.0032	0.015	0.0098756	6.09877	0.658373	68	2
35	36	39	38	2.5	4.07675	-56.84	0.0044	0.015	0.010291	5.9422	0.686067	70	2
36	37	40	39	2.5	2.12745	-108.09	0.0014	0.015	0.00545305	5.85209	0.363537	72	2
37	38	41	40	2.5	1.1821	-48.53	0.0103	0.015	0.00295475	6.001	0.196983	74	2
38	39	42	41	2.5	1.24363	-77.79	0.0659	0.015	0.00305218	6.11185	0.203479	76	2
39	40	43	42	2.5	2.52204	-89.34	0.0002	0.05	0.020679	6.09807	0.41358	78	2
40	41	44	43	2.5	2.08499	-66.64	0.0525	0.05	0.0171098	6.09297	0.342196	80	2
42	43	46	45	2.5	2.53771	-68.81	0.0071	0.015	0.00625545	6.08519	0.41703	84	2
43	44	47	46	2.5	4.3561	-68.28	0.0093	0.015	0.0107925	6.05434	0.7195	86	2
44	45	48	47	2.5	1.73799	-55.31	0.0072	0.05	0.0142775	6.08647	0.28555	88	2
45	46	49	48	2.5	0.907935	-70.47	0.0013	0.05	0.00744945	6.09397	0.148989	90	2
46	47	50	49	2.5	2.81838	-48.17	0.0044	0.015	0.00694555	6.08674	0.463037	92	2
1	2	6	5	2.5	9.7549	-40.04	0.0027	0.015	0.00947575	15.4419	0.631717	3	3
2	3	7	6	2.5	6.68683	-43.13	0.0006	0.015	0.0064878	15.4602	0.43252	5	3
3	4	8	7	2.5	9.94565	-31.26	0.0032	0.015	0.00976145	15.2831	0.650763	7	3
4	5	9	8	2.5	8.34053	-62.57	0.0034	0.015	0.00819755	15.2616	0.546503	9	3
6	7	11	10	2.5	10.9523	-60.33	0.0003	0.015	0.01071	15.3393	0.714	13	3
7	8	12	11	2.5	7.17155	-116.45	0.0067	0.015	0.00699075	15.3879	0.46605	15	3
8	9	13	12	2.5	6.35498	-106.2	0.0007	0.015	0.00622155	15.3217	0.41477	17	3
9	10	14	13	2.5	8.39388	-64.66	0.0022	0.015	0.0083881	15.0103	0.559207	19	3
10	11	15	14	2.5	8.39512	-110.79	0.0025	0.015	0.0084393	14.9215	0.56262	21	3
11	12	16	15	2.5	7.09402	-63.94	0.0122	0.015	0.00708555	15.0179	0.47237	23	3
12	13	17	16	2.5	9.08768	-78.8	0.0009	0.015	0.00898215	15.1762	0.59881	25	3
13	14	18	17	2.5	13.3158	-74.85	0.0006	0.015	0.0130795	15.271	0.871967	27	3
14	15	19	18	2.5	11.1357	-149.55	0.0508	0.015	0.0109546	15.2479	0.730307	29	3
15	16	20	19	2.5	8.27378	-74.12	0.0003	0.015	0.00811815	15.2876	0.54121	31	3
16	17	21	20	2.5	16.1461	-106.45	0.0406	0.015	0.0157262	15.4005	1.04841	33	3
17	18	22	21	2.5	6.8979	-62.23	0.0012	0.015	0.00667495	15.501	0.444997	35	3
18	19	23	22	2.5	9.69166	-88.25	0.0095	0.015	0.0093265	15.5873	0.621767	37	3
19	20	24	23	2.5	8.8287	-42.42	0.0037	0.015	0.00841185	15.7433	0.56079	39	3
20	21	25	24	2.5	9.75526	-80.48	0.0051	0.015	0.009134	16.0202	0.608933	41	3
21	22	26	25	2.5	6.51985	-45.29	0.0053	0.015	0.016516	5.9214	1.10107	43	3
25	26	30	29	2.5	1.80727	-87.07	0.0003	0.015	0.0045718	5.92961	0.304787	51	3
26	27	31	30	2.5	2.85342	-34.11	0.0348	0.015	0.00267034	16.0284	0.178023	53	3
27	28	32	31	2.5	1.75484	-50.89	0.0066	0.015	0.0016702	15.7602	0.111347	55	3
28	29	33	32	2.5	1.34804	-61.01	0.0056	0.015	0.0013079	15.4604	0.0871933	57	3
29	30	34	33	2.5	1.3019	-41.15	0.0098	0.015	0.00126975	15.3798	0.08465	59	3
32	33	37	36	2.5	2.9079	-26.8	0.0039	0.015	0.00284885	15.3109	0.189923	65	3
33	34	38	37	2.5	1.91436	-53.7	0.0017	0.015	0.0018828	15.2514	0.12552	67	3
34	35	39	38	2.5	2.46033	-84.34	0.0015	0.015	0.0024579	15.0149	0.16386	69	3
35	36	40	39	2.5	1.54157	-82.3	0.0035	0.015	0.0015426	14.99	0.10284	71	3
36	37	41	40	2.5	1.68466	-125.55	0.0015	0.015	0.0016886	14.965	0.112573	73	3
37	38	42	41	2.5	0.912227	-26.89	0.0144	0.015	0.0009037	15.1415	0.0602467	75	3
38	39	43	42	2.5	3.15293	-111.16	0.0003	0.015	0.0030825	15.3427	0.2055	77	3
39	40	44	43	2.5	4.152	-82.83	0.0017	0.05	0.013578	15.2895	0.27156	79	3
40	41	45	44	2.5	1.43711	-76.88	0.0046	0.05	0.004695	15.3047	0.0939	81	3
41	42	46	45	2.5	1.29652	-65.54	0.0112	0.05	0.00424995	15.2534	0.084999	83	3
42	43	47	46	2.5	3.80774	-73.92	0.001	0.015	0.0037255	15.3311	0.248367	85	3
45	46	50	49	2.5	1.78662	-68.94	0.0022	0.05	0.00576425	15.4974	0.115285	91	3
1	2	7	6	2.5	6.93946	-57.16	0.0038	0.015	0.0032844	31.6928	0.21896	4	4
2	3	8	7	2.5	4.95498	-116.2	0.0051	0.015	0.0023723	31.3302	0.158153	6	4
3	4	9	8	2.5	8.46283	-72.53	0.0032	0.015	0.00409045	31.0338	0.272697	8	4
5	6	11	10	2.5	9.8413	-74.85	0.0035	0.015	0.00477495	30.9154	0.31833	12	4
6	7	12	11	2.5	5.60452	-79.21	0.0085	0.015	0.0027119	30.9996	0.180793	14	4
7	8	13	12	2.5	5.82336	-103.33	0.0038	0.015	0.0028177	31.0006	0.187847	16	4
8	9	14	13	2.5	5.79228	-84.74	0.0009	0.015	0.00284585	30.5301	0.189723	18	4
9	10	15	14	2.5	4.45121	-58.88	0.0007	0.015	0.00219515	30.4162	0.146343	20	4
10	11	16	15	2.5	8.28994	-94.57	0.0025	0.015	0.0040865	30.4293	0.272433	22	4
11	12	17	16	2.5	6.06422	-59.53	0.0092	0.015	0.00299845	30.3368	0.199897	24	4
13	14	19	18	2.5	12.188	-86.48	0.0068	0.015	0.0059449	30.7524	0.396327	28	4
14	15	20	19	2.5	8.78678	-79.48	0.0023	0.015	0.00426625	30.894	0.284417	30	4
15	16	21	20	2.5	10.947	-80.42	0.0132	0.015	0.00524445	31.3102	0.34963	32	4
16	17	22	21	2.5	6.08698	-85.2	0.0028	0.015	0.0028781	31.7239	0.191873	34	4
17	18	23	22	2.5	9.50081	-29.69	0.0046	0.015	0.0044402	32.0959	0.296013	36	4
19	20	25	24	2.5	5.01966	-71.14	0.0002	0.015	0.0022455	33.5315	0.1497	40	4
20	21	26	25	2.5	9.2835	-69.81	0.0004	0.015	0.013468	10.3395	0.897867	42	4
25	26	31	30	2.5	3.08794	-80.81	0.0019	0.015	0.00446495	10.3739	0.297663	52	4
26	27	32	31	2.5	1.99123	-130.77	0.0134	0.015	0.0008924	33.4698	0.0594933	54	4
27	28	33	32	2.5	1.35365	-104.48	0.0423	0.015	0.00062806	32.3294	0.0418707	56	4
28	29	34	33	2.5	1.10264	-57.97	0.0284	0.015	0.00051963	31.8297	0.034642	58	4
29	30	35	34	2.5	1.56128	-85.19	0.024	0.015	0.00074254	31.5393	0.0495027	60	4
30	31	36	35	2.5	2.07244	-84.18	0.0117	0.015	0.00100385	30.9674	0.0669233	62	4
31	32	37	36	2.5	2.52664	-44.18	0.0176	0.015	0.00122235	31.0055	0.08149	64	4
32	33	38	37	2.5	2.0002	-62.36	0.0094	0.015	0.00097415	30.7991	0.0649433	66	4
33	34	39	38	2.5	1.49661	-20.21	0.0056	0.015	0.00073965	30.3511	0.04931	68	4
34	35	40	39	2.5	1.64209	-113.82	0.0177	0.015	0.0008131	30.2931	0.0542067	70	4
35	36	41	40	2.5	1.2342	-137.17	0.0293	0.015	0.00060583	30.5581	0.0403887	72	4
36	37	42	41	2.5	1.33955	-92.39	0.0134	0.015	0.0006619	30.3569	0.0441267	74	4
38	39	44	43	2.5	5.13436	-140.99	0.0018	0.015	0.00249205	30.9044	0.166137	78	4
39	40	45	44	2.5	2.87507	-92.69	0.0038	0.05	0.0046486	30.9241	0.092972	80	4
40	41	46	45	2.5	1.46528	-90.58	0.007	0.05	0.00236685	30.9542	0.047337	82	4
43	44	49	48	2.5	1.72356	-36.59	0.0077	0.015	0.0008254	31.3223	0.0550267	88	4
44	45	50	49	2.5	1.83246	-48.51	0.0066	0.05	0.0028901	31.7024	0.057802	90	4
1	3	7	5	2.5	9.01823	-64.68	0.0016	0.015	0.044003	3.07419	2.93353	4	5
2	4	8	6	2.5	10.2459	-65.38	0.0067	0.015	0.050182	3.06261	3.34547	6	5
3	5	9	7	2.5	9.28068	-50.18	0.0026	0.015	0.045713	3.04531	3.04753	8	5
4	6	10	8	2.5	9.31358	-75.95	0.0172	0.015	0.04588	3.04498	3.05867	10	5
6	8	12	10	2.5	9.45427	-83.95	0.0008	0.015	0.046159	3.0723	3.07727	14	5
7	9	13	11	2.5	7.31377	-84.85	0.0016	0.015	0.0358065	3.06387	2.3871	16	5
9	11	15	13	2.5	10.8017	-84.59	0.0018	0.015	0.0545335	2.97113	3.63557	20	5
10	12	16	14	2.5	7.24257	-90.99	0.0008	0.015	0.0365925	2.96888	2.4395	22	5
11	13	17	15	2.5	9.45704	-56.95	0.0096	0.015	0.0469695	3.02016	3.1313	24	5
12	14	18	16	2.5	13.7351	-146.7	0.0396	0.005	0.0225386	3.04702	4.50772	26	5
13	15	19	17	2.5	10.6545	-62.26	0.0013	0.015	0.052423	3.04861	3.49487	28	5
14	16	20	18	2.5	9.84936	-98.78	0.0039	0.015	0.048339	3.05634	3.2226	30	5
15	17	21	19	2.5	10.7421	-80.91	0.011	0.015	0.0526075	3.06291	3.50717	32	5
16	18	22	20	2.5	12.5761	-58.27	0.0019	0.015	0.061264	3.07915	4.08427	34	5
17	19	23	21	2.5	7.84139	-39.49	0.0025	0.015	0.0380505	3.09118	2.5367	36	5
18	20	24	22	2.5	9.66996	-72.02	0.005	0.015	0.046631	3.11058	3.10873	38	5
19	21	25	23	2.5	10.714	-77.1	0.0003	0.015	0.0511955	3.13914	3.41303	40	5
20	22	26	24	2.5	7.19725	-57.84	0.0025	0.015	0.0527995	2.04469	3.51997	42	5
21	23	27	25	2.5	7.64181	-38.56	0.002	0.015	0.059503	1.92641	3.96687	44	5
23	25	29	27	2.5	2.7379	-40.02	0.0279	0.015	0.00064303	63.8672	0.0428687	48	5
24	26	30	28	2.5	2.26195	-104.43	0.0009	0.015	0.0175765	1.93038	1.17177	50	5
25	27	31	29	2.5	1.83368	-54.23	0.0004	0.015	0.01345	2.04499	0.896667	52	5
27	29	33	31	2.5	1.93783	-42.92	0.0044	0.015	0.0093561	3.1068	0.62374	56	5
28	30	34	32	2.5	1.39912	-65.43	0.002	0.015	0.0068223	3.0762	0.45482	58	5
29	31	35	33	2.5	2.80633	-71.78	0.0024	0.015	0.0137835	3.05401	0.9189	60	5
31	33	37	35	2.5	2.81726	-11.68	0.0036	0.015	0.013795	3.06335	0.919667	64	5
32	34	38	36	2.5	2.37614	-43.83	0.0057	0.015	0.0116575	3.05745	0.777167	66	5
33	35	39	37	2.5	3.04907	-63.71	0.0007	0.015	0.015051	3.03874	1.0034	68	5
34	36	40	38	2.5	3.0544	-69.86	0.0015	0.015	0.0153305	2.98855	1.02203	70	5
35	37	41	39	2.5	1.84502	-68.24	0.0066	0.015	0.0093304	2.96615	0.622027	72	5
36	38	42	40	2.5	1.08856	-54.05	0.0167	0.015	0.0054283	3.008	0.361887	74	5
37	39	43	41	2.5	1.53278	-62.2	0.0031	0.015	0.0075291	3.05372	0.50194	76	5
38	40	44	42	2.5	3.32501	-39.6	0.0012	0.015	0.0163055	3.0588	1.08703	78	5
39	41	45	43	2.5	2.63358	-48.2	0.006	0.05	0.043086	3.05619	0.86172	80	5
40	42	46	44	2.5	1.39604	-91	0.0012	0.05	0.022868	3.05239	0.45736	82	5
41	43	47	45	2.5	2.43542	-92.82	0.0032	0.015	0.0119595	3.05459	0.7973	84	5
42	44	48	46	2.5	3.60395	-56.94	0.0072	0.05	0.0590545	3.05138	1.18109	86	5
43	45	49	47	2.5	1.64154	-77.27	0.0001	0.015	0.00803545	3.0643	0.535697	88	5
44	46	50	48	2.5	1.26509	-46.76	0.0036	0.05	0.0205585	3.0768	0.41117	90	5
1	3	9	7	2.5	4.68461	-114	0.0008	0.015	0.00549765	12.7817	0.36651	6	6
2	4	10	8	2.5	6.41133	-107.79	0.0038	0.015	0.0076103	12.6368	0.507353	8	6
4	6	12	10	2.5	7.47255	-36.85	0.0001	0.015	0.0089531	12.5195	0.596873	12	6
5	7	13	11	2.5	5.22003	-85.03	0.002	0.015	0.0062651	12.4979	0.417673	14	6
6	8	14	12	2.5	5.20301	-70.38	0.0006	0.015	0.0062695	12.4484	0.417967	16	6
7	9	15	13	2.5	3.98739	-64.16	0.0096	0.015	0.00484925	12.334	0.323283	18	6
8	10	16	14	2.5	3.95261	-74.67	0.0003	0.015	0.00482195	12.2957	0.321463	20	6
9	11	17	15	2.5	6.38421	-90.58	0.0012	0.015	0.00780405	12.271	0.52027	22	6
11	13	19	17	2.5	6.49783	-39.1	0.0014	0.015	0.0079214	12.3043	0.528093	26	6
12	14	20	18	2.5	8.73247	-67.78	0.0034	0.015	0.010543	12.4241	0.702867	28	6
13	15	21	19	2.5	9.1589	-86.75	0.0047	0.015	0.010918	12.5832	0.727867	30	6
14	16	22	20	2.5	7.7686	-77.9	0.0034	0.015	0.0090904	12.8189	0.606027	32	6
15	17	23	21	2.5	5.91965	-64.41	0.0015	0.015	0.00679665	13.0645	0.45311	34	6
16	18	24	22	2.5	8.10563	-54.77	0.0032	0.015	0.0091315	13.3148	0.608767	36	6
17	19	25	23	2.5	6.53169	-53.84	0.0136	0.015	0.0071712	13.6623	0.47808	38	6
18	20	26	24	2.5	4.74971	-100.73	0.0029	0.015	0.0102895	6.92412	0.685967	40	6
19	21	27	25	2.5	7.80658	-69.51	0	0.015	0.0188775	6.20309	1.2585	42	6
20	22	28	26	2.5	3.39282	-78.37	0.016	0.015	0.0006718	75.7552	0.0447867	44	6
21	23	29	27	2.5	2.79766	-42.84	0.0183	0.015	0.00072355	57.9986	0.0482367	46	6
22	24	30	28	2.5	2.57812	-93.46	0.002	0.015	0.0006666	58.0135	0.04444	48	6
23	25	31	29	2.5	2.36524	-47.41	0.0149	0.015	0.00046725	75.9306	0.03115	50	6
25	27	33	31	2.5	2.05305	-116.95	0.0073	0.015	0.0044588	6.90674	0.297253	54	6
26	28	34	32	2.5	1.43363	-67.43	0.0047	0.015	0.0015861	13.558	0.10574	56	6
27	29	35	33	2.5	1.24408	-70.26	0.007	0.015	0.00141125	13.2232	0.0940833	58	6
28	30	36	34	2.5	1.36086	-60.39	0.0004	0.015	0.00157235	12.9824	0.104823	60	6
29	31	37	35	2.5	1.50438	-76.84	0.0178	0.015	0.0017744	12.7174	0.118293	62	6
30	32	38	36	2.5	2.25626	-60.24	0.0035	0.015	0.0026909	12.5772	0.179393	64	6
31	33	39	37	2.5	2.00453	-85.26	0.0016	0.015	0.0024208	12.4207	0.161387	66	6
32	34	40	38	2.5	1.39103	-91.02	0.0019	0.015	0.00170245	12.2562	0.113497	68	6
34	36	42	40	2.5	1.09924	-98.9	0.0006	0.015	0.0013403	12.3021	0.0893533	72	6
35	37	43	41	2.5	1.60466	-46.61	0.001	0.015	0.0019609	12.2749	0.130727	74	6
36	38	44	42	2.5	2.73144	-82.25	0.0025	0.015	0.0033242	12.3252	0.221613	76	6
37	39	45	43	2.5	3.85409	-65.52	0.0022	0.015	0.0046507	12.4307	0.310047	78	6
38	40	46	44	2.5	2.64461	-108.01	0.0033	0.015	0.00317645	12.4885	0.211763	80	6
39	41	47	45	2.5	2.20089	-103.68	0.027	0.05	0.00878075	12.5325	0.175615	82	6
40	42	48	46	2.5	1.72521	-35.17	0.002	0.05	0.00685325	12.5868	0.137065	84	6
41	43	49	47	2.5	1.2646	-35.27	0.0003	0.015	0.0014958	12.6815	0.09972	86	6
42	44	50	48	2.5	1.85673	-57.48	0.0125	0.05	0.00725105	12.8032	0.145021	88	6
1	3	11	9	2.5	4.88976	-66.4	0.0008	0.015	0.00217935	33.6552	0.14529	8	7
2	4	12	10	2.5	5.61975	-71.98	0.0074	0.015	0.00254875	33.0736	0.169917	10	7
3	5	13	11	2.5	3.97723	-59.07	0	0.015	0.00183	32.6002	0.122	12	7
4	6	14	12	2.5	3.89174	-39.72	0.0085	0.015	0.00181645	32.1375	0.121097	14	7
5	7	15	13	2.5	4.28391	-96.38	0.004	0.015	0.00202225	31.7758	0.134817	16	7
6	8	16	14	2.5	3.30283	-95.54	0.0141	0.015	0.00156475	31.6615	0.104317	18	7
7	9	17	15	2.5	3.15704	-74.91	0.0231	0.015	0.0015011	31.5473	0.100073	20	7
8	10	18	16	2.5	3.31603	-40.76	0.0149	0.015	0.0015837	31.4078	0.10558	22	7
9	11	19	17	2.5	4.56729	-30.13	0.002	0.015	0.00217915	31.4385	0.145277	24	7
11	13	21	19	2.5	5.08556	-43.94	0.0013	0.015	0.0023397	32.6039	0.15598	28	7
12	14	22	20	2.5	6.76865	-58.64	0.0058	0.015	0.0029999	33.8444	0.199993	30	7
13	15	23	21	2.5	4.81817	-106.17	0.0051	0.015	0.00205425	35.1819	0.13695	32	7
14	16	24	22	2.5	5.20485	-59.43	0.0009	0.015	0.0021319	36.6212	0.142127	34	7
16	18	26	24	2.5	4.56183	-61.8	0.0052	0.015	0.0039989	17.1116	0.266593	38	7
17	19	27	25	2.5	4.76559	-80.9	0.0011	0.015	0.00479845	14.8973	0.319897	40	7
19	21	29	27	2.5	3.04999	-46.79	0.0213	0.015	0.0006461	70.8092	0.0430733	44	7
21	23	31	29	2.5	3.11932	-96.15	0.0014	0.015	0.000844	55.4382	0.0562667	48	7
22	24	32	30	2.5	3.85732	-86.03	0.0224	0.015	0.000816	70.9066	0.0544	50	7
24	26	34	32	2.5	2.00075	-32.9	0.0005	0.015	0.002023	14.835	0.134867	54	7
25	27	35	33	2.5	2.10299	-71.48	0.0062	0.015	0.00185165	17.0361	0.123443	56	7
26	28	36	34	2.5	1.90317	-105.51	0.0196	0.015	0.0007473	38.2008	0.04982	58	7
27	29	37	35	2.5	1.5312	-50.8	0.003	0.015	0.00062995	36.46	0.0419967	60	7
28	30	38	36	2.5	1.67513	-110.24	0.001	0.015	0.0007157	35.1082	0.0477133	62	7
29	31	39	37	2.5	2.35358	-43.23	0.03	0.015	0.00104895	33.6562	0.06993	64	7
30	32	40	38	2.5	2.33506	-88.39	0.0099	0.015	0.00107755	32.5051	0.0718367	66	7
31	33	41	39	2.5	1.61189	-98.5	0.0297	0.015	0.00075898	31.8564	0.0505987	68	7
32	34	42	40	2.5	1.06677	-84.13	0.0447	0.015	0.0005078	31.5114	0.0338533	70	7
33	35	43	41	2.5	1.46718	-126.95	0.0381	0.015	0.00070136	31.3786	0.0467573	72	7
34	36	44	42	2.5	2.8184	-134.73	0.0401	0.015	0.00134324	31.4732	0.0895493	74	7
35	37	45	43	2.5	3.19393	-114.76	0.0166	0.015	0.00151925	31.5346	0.101283	76	7
36	38	46	44	2.5	2.61613	-115.99	0.0035	0.015	0.0012355	31.7621	0.0823667	78	7
37	39	47	45	2.5	3.55395	-114.33	0.0041	0.015	0.0016561	32.1897	0.110407	80	7
38	40	48	46	2.5	3.38764	-92.25	0.0079	0.015	0.0015572	32.6321	0.103813	82	7
39	41	49	47	2.5	1.4321	-82.94	0.0088	0.05	0.00216295	33.1052	0.043259	84	7
40	42	50	48	2.5	1.09311	-67.9	0.0051	0.05	0.0016214	33.709	0.032428	86	7
1	3	13	11	2.5	3.61523	-94.31	0.0245	0.015	0.00076185	71.18	0.05079	10	8
2	4	14	12	2.5	4.57867	-125.95	0.0554	0.015	0.00099722	68.8715	0.0664813	12	8
3	5	15	13	2.5	3.01879	-106.39	0.0235	0.015	0.0006749	67.0942	0.0449933	14	8
4	6	16	14	2.5	2.8183	-63.24	0.0153	0.015	0.0006412	65.9303	0.0427467	16	8
7	9	19	17	2.5	3.22235	-89.11	0.0062	0.015	0.00074235	65.1112	0.04949	22	8
9	11	21	19	2.5	4.6489	-122.22	0.0202	0.015	0.0010174	68.5409	0.0678267	26	8
10	12	22	20	2.5	4.58373	-81.03	0.0179	0.015	0.000954	72.0712	0.0636	28	8
11	13	23	21	2.5	3.3869	-69.54	0.0181	0.015	0.00066295	76.6324	0.0441967	30	8
12	14	24	22	2.5	5.7409	-110.15	0.0007	0.015	0.00105175	81.8764	0.0701167	32	8
13	15	25	23	2.5	4.38433	-67.67	0.0315	0.015	0.00074632	88.1189	0.0497547	34	8
14	16	26	24	2.5	3.77497	-90.42	0.0252	0.015	0.0014996	37.7597	0.0999733	36	8
15	17	27	25	2.5	4.29071	-111.89	0.0112	0.015	0.001968	32.7036	0.1312	38	8
18	20	30	28	2.5	2.32167	-135.27	0.0294	0.015	0.00050345	69.1727	0.0335633	44	8
19	21	31	29	2.5	3.70302	-87.35	0.0018	0.015	0.00101605	54.6679	0.0677367	46	8
20	22	32	30	2.5	3.95401	-115.72	0.0021	0.015	0.00108535	54.6461	0.0723567	48	8
24	26	36	34	2.5	2.45827	-106.03	0.011	0.015	0.00113085	32.6074	0.07539	56	8
25	27	37	35	2.5	2.68586	-106.2	0.0016	0.015	0.00107015	37.6469	0.0713433	58	8
27	29	39	37	2.5	1.94401	-94.96	0.0071	0.015	0.000357	81.681	0.0238	62	8
29	31	41	39	2.5	2.0239	-62.37	0.0263	0.015	0.00042167	71.9958	0.0281113	66	8
30	32	42	40	2.5	1.7816	-61.98	0.0275	0.015	0.00038965	68.5847	0.0259767	68	8
31	33	43	41	2.5	1.69575	-121.78	0.0389	0.015	0.0003838	66.2749	0.0255867	70	8
32	34	44	42	2.5	2.5322	-90.62	0.016	0.015	0.0005843	65.0061	0.0389533	72	8
33	35	45	43	2.5	2.82059	-90.92	0.0152	0.015	0.0006539	64.7024	0.0435933	74	8
34	36	46	44	2.5	2.48122	-73.7	0.0147	0.015	0.0005712	65.1582	0.03808	76	8
35	37	47	45	2.5	3.53474	-63.68	0.0128	0.015	0.00080485	65.877	0.0536567	78	8
38	40	50	48	2.5	2.63169	-121.97	0.0034	0.015	0.00055465	71.1716	0.0369767	84	8
1	4	10	7	2.5	7.02784	-74.71	0.0007	0.015	0.022335	4.71984	1.489	7	9
2	5	11	8	2.5	6.98486	-45.94	0.0006	0.015	0.0223485	4.68814	1.4899	9	9
4	7	13	10	2.5	7.77529	-65.09	0.0009	0.015	0.0249815	4.66863	1.66543	13	9
5	8	14	11	2.5	5.82993	-62.52	0.0007	0.015	0.018758	4.66196	1.25053	15	9
6	9	15	12	2.5	5.28378	-39.58	0.0027	0.015	0.0171	4.6349	1.14	17	9
7	10	16	13	2.5	5.18151	-86.55	0.0034	0.015	0.0169455	4.58662	1.1297	19	9
8	11	17	14	2.5	6.04869	-109.09	0.0011	0.015	0.019859	4.56873	1.32393	21	9
9	12	18	15	2.5	6.13919	-100.67	0.0014	0.015	0.0201475	4.57068	1.34317	23	9
10	13	19	16	2.5	7.02445	-103.07	0.004	0.015	0.0229495	4.59124	1.52997	25	9
11	14	20	17	2.5	9.40852	-69.66	0.0002	0.015	0.0305095	4.6257	2.03397	27	9
12	15	21	18	2.5	9.1087	-63.83	0.0145	0.015	0.0292975	4.66355	1.95317	29	9
14	17	23	20	2.5	9.65058	-84.96	0.0032	0.015	0.0301855	4.79563	2.01237	33	9
15	18	24	21	2.5	6.57757	-94.26	0.0027	0.015	0.0202525	4.87167	1.35017	35	9
16	19	25	22	2.5	7.72841	-99.33	0.0009	0.015	0.023368	4.96089	1.55787	37	9
19	22	28	25	2.5	7.18137	-41.17	0.0026	0.015	0.0370055	2.91093	2.46703	43	9
20	23	29	26	2.5	3.17317	-72.31	0.0053	0.015	0.0016285	29.2278	0.108567	45	9
21	24	30	27	2.5	2.63923	-93.85	0.02	0.015	0.00153805	25.7394	0.102537	47	9
22	25	31	28	2.5	2.74208	-62.38	0.0033	0.015	0.0014052	29.2707	0.09368	49	9
23	26	32	29	2.5	2.12865	-107.58	0.0059	0.015	0.010949	2.91623	0.729933	51	9
24	27	33	30	2.5	2.45633	-82.98	0.0024	0.015	0.011418	3.22692	0.7612	53	9
25	28	34	31	2.5	1.85746	-78.34	0.0028	0.015	0.00811985	3.43133	0.541323	55	9
26	29	35	32	2.5	1.33687	-84.94	0.0041	0.015	0.004073	4.92342	0.271533	57	9
27	30	36	33	2.5	1.231	-52.36	0.0003	0.015	0.00381705	4.83751	0.25447	59	9
28	31	37	34	2.5	2.12695	-36.33	0.0031	0.015	0.00669995	4.76186	0.446663	61	9
29	32	38	35	2.5	1.98721	-81.24	0.001	0.015	0.0063272	4.71111	0.421813	63	9
30	33	39	36	2.5	2.33153	-61.63	0.0072	0.015	0.0074949	4.66623	0.49966	65	9
31	34	40	37	2.5	1.71516	-81.42	0.0077	0.015	0.0055707	4.61833	0.37138	67	9
33	36	42	39	2.5	1.29948	-58.66	0.0025	0.015	0.00426365	4.57171	0.284243	71	9
34	37	43	40	2.5	1.47605	-76.84	0.0045	0.015	0.0048411	4.57348	0.32274	73	9
36	39	45	42	2.5	3.02514	-72.25	0.0016	0.015	0.00979405	4.63312	0.652937	77	9
37	40	46	43	2.5	3.62726	-86.17	0.0009	0.015	0.0117025	4.64934	0.780167	79	9
38	41	47	44	2.5	2.29813	-109.97	0.0037	0.015	0.0073876	4.6662	0.492507	81	9
39	42	48	45	2.5	1.52568	-91.06	0.0012	0.05	0.016317	4.67513	0.32634	83	9
40	43	49	46	2.5	2.33889	-55.36	0.002	0.015	0.00745865	4.70372	0.497243	85	9
1	4	13	10	2.5	4.35234	-86.98	0.0071	0.015	0.0032072	20.3558	0.213813	10	10
2	5	14	11	2.5	3.84255	-78.99	0.0081	0.015	0.00289035	19.9416	0.19269	12	10
4	7	16	13	2.5	3.61953	-75.52	0.0086	0.015	0.00280975	19.3231	0.187317	16	10
5	8	17	14	2.5	3.28682	-108.87	0.0031	0.015	0.00256865	19.1939	0.171243	18	10
6	9	18	15	2.5	3.1568	-44	0.0043	0.015	0.0024772	19.1151	0.165147	20	10
8	11	20	17	2.5	4.10859	-67.95	0.0047	0.015	0.00320585	19.2239	0.213723	24	10
9	12	21	18	2.5	3.74398	-55.72	0.0057	0.015	0.00286775	19.5832	0.191183	26	10
10	13	22	19	2.5	4.44537	-78.19	0.0033	0.015	0.00329155	20.2581	0.219437	28	10
11	14	23	20	2.5	5.63724	-102.8	0.001	0.015	0.00399355	21.1738	0.266237	30	10
12	15	24	21	2.5	4.52497	-74.66	0.0115	0.015	0.0030557	22.2125	0.203713	32	10
13	16	25	22	2.5	4.57484	-67.88	0.011	0.015	0.00293315	23.3955	0.195543	34	10
14	17	26	23	2.5	4.42878	-18.89	0.0039	0.015	0.00465955	14.2571	0.310637	36	10
15	18	27	24	2.5	4.08235	-80.53	0.0013	0.015	0.0046978	13.0349	0.313187	38	10
16	19	28	25	2.5	4.35436	-54.36	0.0002	0.015	0.00591075	11.0503	0.39405	40	10
17	20	29	26	2.5	2.68972	-35.16	0.0137	0.015	0.0008333	48.4169	0.0555533	42	10
18	21	30	27	2.5	2.65205	-94.68	0.0044	0.015	0.00126795	31.3741	0.08453	44	10
19	22	31	28	2.5	2.89681	-102.5	0.004	0.015	0.00173655	25.0221	0.11577	46	10
20	23	32	29	2.5	3.29329	-58.2	0.0047	0.015	0.0019741	25.0238	0.131607	48	10
21	24	33	30	2.5	3.16433	-71.94	0.0054	0.015	0.0015124	31.3838	0.100827	50	10
22	25	34	31	2.5	2.91208	-38.76	0.0269	0.015	0.00090133	48.4631	0.0600887	52	10
23	26	35	32	2.5	2.22914	-2.68	0.0022	0.015	0.0030368	11.0106	0.202453	54	10
24	27	36	33	2.5	2.08728	-88.76	0.0152	0.015	0.00241205	12.9804	0.160803	56	10
25	28	37	34	2.5	2.34819	-110.92	0.0398	0.015	0.00247952	14.2055	0.165301	58	10
26	29	38	35	2.5	1.685	-106.62	0.0044	0.015	0.0010847	23.3014	0.0723133	60	10
27	30	39	36	2.5	1.77744	-33.62	0.0114	0.015	0.00120315	22.1598	0.08021	62	10
28	31	40	37	2.5	2.0706	-37.58	0.0062	0.015	0.00147295	21.0863	0.0981967	64	10
29	32	41	38	2.5	1.97649	-57.9	0.029	0.015	0.00146625	20.2199	0.09775	66	10
30	33	42	39	2.5	1.60944	-51.47	0.0059	0.015	0.00123075	19.6154	0.08205	68	10
31	34	43	40	2.5	1.38858	-91.75	0.0069	0.015	0.00108175	19.2546	0.0721167	70	10
32	35	44	41	2.5	1.81463	-87.99	0.0067	0.015	0.0014268	19.0773	0.09512	72	10
33	36	45	42	2.5	2.32993	-61.52	0.0026	0.015	0.0018319	19.078	0.122127	74	10
34	37	46	43	2.5	3.11057	-57.64	0.0211	0.015	0.00243825	19.1361	0.16255	76	10
35	38	47	44	2.5	2.72421	-123.23	0.0583	0.015	0.0021151	19.3197	0.141007	78	10
36	39	48	45	2.5	3.65177	-88.71	0.0034	0.015	0.00279445	19.6019	0.186297	80	10
37	40	49	46	2.5	3.24648	-119.64	0.0034	0.015	0.0024403	19.9554	0.162687	82	10
38	41	50	47	2.5	1.79091	-88.79	0.0071	0.015	0.0013183	20.3775	0.0878867	84	10
1	4	16	13	2.5	3.65856	-80.67	0.0012	0.015	0.00101465	54.0861	0.0676433	13	11
2	5	17	14	2.5	3.09013	-74.46	0.0118	0.015	0.0008864	52.2924	0.0590933	15	11
3	6	18	15	2.5	3.15578	-49.05	0.0095	0.015	0.00092565	51.1388	0.06171	17	11
4	7	19	16	2.5	3.05471	-36.51	0.007	0.015	0.0009038	50.6977	0.0602533	19	11
5	8	20	17	2.5	3.23518	-128.84	0.0137	0.015	0.0009469	51.2491	0.0631267	21	11
6	9	21	18	2.5	3.30265	-105.98	0.0047	0.015	0.000936	52.9271	0.0624	23	11
7	10	22	19	2.5	3.15287	-70.01	0.0124	0.015	0.00084705	55.8327	0.05647	25	11
8	11	23	20	2.5	3.96106	-88.55	0.0028	0.015	0.0009927	59.8528	0.06618	27	11
9	12	24	21	2.5	3.44879	-21.72	0.0146	0.015	0.00079875	64.7661	0.05325	29	11
10	13	25	22	2.5	3.93137	-60.17	0.0246	0.015	0.0008327	70.8186	0.0555133	31	11
11	14	26	23	2.5	4.29977	-70.47	0.049	0.015	0.00146226	44.1074	0.097484	33	11
12	15	27	24	2.5	4.1258	-75.93	0.006	0.015	0.0014883	41.5823	0.09922	35	11
13	16	28	25	2.5	4.28587	-57.07	0.0515	0.015	0.00182068	35.3099	0.121379	37	11
15	18	30	27	2.5	2.61678	-42.59	0.031	0.015	0.00059918	65.5091	0.0399453	41	11
16	19	31	28	2.5	2.95319	-91.96	0.0051	0.015	0.00113795	38.9277	0.0758633	43	11
17	20	32	29	2.5	2.88613	-100.38	0.004	0.015	0.0015462	27.9989	0.10308	45	11
18	21	33	30	2.5	3.80452	-2.15	0.0005	0.015	0.00228315	24.9952	0.15221	47	11
19	22	34	31	2.5	3.03449	-104.71	0.0139	0.015	0.00162585	27.996	0.10839	49	11
21	24	36	33	2.5	2.97505	-126.18	0.0083	0.015	0.00068115	65.5152	0.04541	53	11
23	26	38	35	2.5	2.61223	-83.29	0.0081	0.015	0.00111115	35.2639	0.0740767	57	11
25	28	40	37	2.5	2.94757	-115.35	0.0036	0.015	0.0010039	44.0418	0.0669267	61	11
27	30	42	39	2.5	1.59824	-32.45	0.0113	0.015	0.0003698	64.8285	0.0246533	65	11
28	31	43	40	2.5	1.83369	-81.08	0.0024	0.015	0.00046005	59.7876	0.03067	67	11
29	32	44	41	2.5	2.53619	-63.52	0.029	0.015	0.0006826	55.7323	0.0455067	69	11
31	34	46	43	2.5	2.56758	-80.2	0.0265	0.015	0.00075187	51.224	0.0501247	73	11
32	35	47	44	2.5	2.91292	-83.57	0.0028	0.015	0.00086155	50.7153	0.0574367	75	11
33	36	48	45	2.5	2.65537	-12.03	0.0273	0.015	0.0007785	51.1631	0.0519	77	11
34	37	49	46	2.5	3.23394	-71.53	0.008	0.015	0.00092825	52.2587	0.0618833	79	11
35	38	50	47	2.5	2.6224	-74.31	0.0245	0.015	0.0007274	54.0776	0.0484933	81	11
14	17	32	29	2.5	4.36083	-85.57	0.006	0.015	0.0011131	58.766	0.0742067	42	12
15	18	33	30	2.5	4.09079	-88.77	0.0112	0.015	0.0016723	36.6931	0.111487	44	12
16	19	34	31	2.5	3.22204	-18.27	0.027	0.015	0.0016834	28.7101	0.112227	46	12
18	21	36	33	2.5	3.33191	-61.76	0.0072	0.015	0.0013618	36.7004	0.0907867	50	12
19	22	37	34	2.5	3.58255	-88.95	0.0155	0.015	0.00091345	58.83	0.0608967	52	12
2	6	14	10	2.5	5.61915	-90.53	0.0029	0.015	0.0131275	6.42066	0.875167	12	13
3	7	15	11	2.5	4.61789	-87.71	0.0018	0.015	0.0108795	6.36687	0.7253	14	13
4	8	16	12	2.5	4.10458	-113.09	0.004	0.015	0.00974015	6.32113	0.649343	16	13
5	9	17	13	2.5	3.81554	-94.75	0.0017	0.015	0.0091339	6.26601	0.608927	18	13
6	10	18	14	2.5	3.56093	-49.2	0.0013	0.015	0.0085555	6.24323	0.570367	20	13
7	11	19	15	2.5	4.84707	-77.49	0.0017	0.015	0.011659	6.23604	0.777267	22	13
8	12	20	16	2.5	4.84171	-66.07	0.0008	0.015	0.0116335	6.2428	0.775567	24	13
9	13	21	17	2.5	4.84839	-78.95	0.0026	0.015	0.0115155	6.31547	0.7677	26	13
10	14	22	18	2.5	6.67458	-114.82	0.0014	0.015	0.0155585	6.43499	1.03723	28	13
11	15	23	19	2.5	6.53563	-81.24	0.0006	0.015	0.0148635	6.59565	0.9909	30	13
12	16	24	20	2.5	7.0802	-67.51	0.0003	0.015	0.01562	6.79916	1.04133	32	13
13	17	25	21	2.5	4.90921	-58.95	0.0008	0.015	0.010482	7.02521	0.6988	34	13
14	18	26	22	2.5	5.52097	-83.28	0.0012	0.015	0.015514	5.33806	1.03427	36	13
15	19	27	23	2.5	5.24102	-85.33	0.0008	0.015	0.0154815	5.07802	1.0321	38	13
16	20	28	24	2.5	4.02391	-47.1	0.0042	0.015	0.013078	4.61528	0.871867	40	13
17	21	29	25	2.5	6.09571	-112.36	0.0014	0.015	0.0230155	3.97279	1.53437	42	13
18	22	30	26	2.5	2.60283	-62.26	0.0013	0.015	0.00213075	18.3233	0.14205	44	13
19	23	31	27	2.5	2.9219	-52.17	0.0003	0.015	0.00296695	14.7722	0.197797	46	13
20	24	32	28	2.5	3.23913	-65.81	0.0005	0.015	0.00328895	14.7728	0.219263	48	13
22	26	34	30	2.5	2.51659	-87.73	0.0011	0.015	0.00949775	3.97451	0.633183	52	13
23	27	35	31	2.5	2.20206	-75.83	0.0123	0.015	0.00717665	4.60255	0.478443	54	13
24	28	36	32	2.5	1.78423	-54.07	0.0033	0.015	0.00529945	5.05024	0.353297	56	13
25	29	37	33	2.5	1.84108	-102.01	0.0317	0.015	0.0052005	5.3103	0.3467	58	13
26	30	38	34	2.5	1.42382	-109.77	0.0017	0.015	0.00305535	6.99013	0.20369	60	13
27	31	39	35	2.5	1.78937	-111.12	0.0016	0.015	0.0039728	6.75608	0.264853	62	13
28	32	40	36	2.5	2.08333	-78.35	0.0086	0.015	0.0047448	6.58613	0.31632	64	13
29	33	41	37	2.5	1.84045	-68.16	0.0021	0.015	0.00429295	6.43072	0.286197	66	13
30	34	42	38	2.5	1.56882	-39.85	0.0039	0.015	0.0037339	6.30235	0.248927	68	13
31	35	43	39	2.5	1.34998	-50.54	0.0004	0.015	0.0032417	6.24665	0.216113	70	13
32	36	44	40	2.5	1.49723	-88.33	0.0044	0.015	0.00359735	6.24307	0.239823	72	13
34	38	46	42	2.5	2.52445	-81.1	0.0014	0.015	0.0060488	6.26022	0.403253	76	13
36	40	48	44	2.5	2.88593	-69.93	0.0022	0.015	0.0068009	6.36518	0.453393	80	13
37	41	49	45	2.5	2.43379	-89.07	0.0008	0.015	0.0056795	6.42784	0.378633	82	13
1	5	17	13	2.5	3.44298	-15.12	0.0138	0.015	0.0018357	28.1335	0.12238	14	14
2	6	18	14	2.5	3.22138	-92.95	0.0139	0.015	0.00176275	27.4121	0.117517	16	14
3	7	19	15	2.5	3.11914	-100.88	0.0025	0.015	0.0017302	27.0414	0.115347	18	14
4	8	20	16	2.5	2.94148	-61.55	0.0002	0.015	0.00162945	27.078	0.10863	20	14
5	9	21	17	2.5	3.42302	-132.42	0.0115	0.015	0.0018607	27.5946	0.124047	22	14
6	10	22	18	2.5	3.06425	-71.23	0.0055	0.015	0.00160405	28.6548	0.106937	24	14
7	11	23	19	2.5	3.32173	-95.54	0.0184	0.015	0.0016459	30.2728	0.109727	26	14
8	12	24	20	2.5	3.72497	-84.85	0.0013	0.015	0.00172365	32.4164	0.11491	28	14
9	13	25	21	2.5	3.23921	-67.05	0.0092	0.015	0.001384	35.1071	0.0922667	30	14
10	14	26	22	2.5	4.4092	-99.95	0.0011	0.015	0.0024803	26.6653	0.165353	32	14
11	15	27	23	2.5	3.95253	-55.05	0.0054	0.015	0.0022616	26.2151	0.150773	34	14
12	16	28	24	2.5	3.86048	-102.2	0.0003	0.015	0.00243005	23.8296	0.162003	36	14
13	17	29	25	2.5	4.28621	-26.46	0.011	0.015	0.00331235	19.4101	0.220823	38	14
14	18	30	26	2.5	2.71512	-68.72	0.0109	0.015	0.00082435	49.4048	0.0549567	40	14
16	20	32	28	2.5	3.07712	-106.11	0.0035	0.015	0.0024955	18.496	0.166367	44	14
17	21	33	29	2.5	3.25911	-85.46	0.0067	0.015	0.0032564	15.0125	0.217093	46	14
18	22	34	30	2.5	3.25764	-65.93	0.0133	0.015	0.0032549	15.0126	0.216993	48	14
19	23	35	31	2.5	3.16415	-50.96	0.0133	0.015	0.0025658	18.498	0.171053	50	14
20	24	36	32	2.5	3.04666	-77.75	0.0128	0.015	0.00165075	27.6843	0.11005	52	14
21	25	37	33	2.5	2.64045	-74.57	0.0265	0.015	0.0008006	49.4713	0.0533733	54	14
22	26	38	34	2.5	2.75438	-52.12	0.0108	0.015	0.00213165	19.382	0.14211	56	14
23	27	39	35	2.5	2.64041	-69.42	0.0123	0.015	0.00166595	23.7739	0.111063	58	14
24	28	40	36	2.5	3.03114	-123.9	0.0415	0.015	0.00173608	26.1895	0.115739	60	14
25	29	41	37	2.5	2.64862	-34.53	0.0087	0.015	0.0014914	26.6389	0.0994267	62	14
26	30	42	38	2.5	1.9497	-94.53	0.0243	0.015	0.00083397	35.0678	0.055598	64	14
27	31	43	39	2.5	1.94275	-66.4	0.0091	0.015	0.0008998	32.3864	0.0599867	66	14
28	32	44	40	2.5	2.13206	-36.33	0.0294	0.015	0.00105683	30.2612	0.0704553	68	14
30	34	46	42	2.5	2.62471	-113.65	0.0108	0.015	0.00142855	27.5599	0.0952367	72	14
32	36	48	44	2.5	2.51945	-99.07	0.0019	0.015	0.001397	27.0521	0.0931333	76	14
33	37	49	45	2.5	2.7041	-33.84	0.0113	0.015	0.00148045	27.3981	0.0986967	78	14
34	38	50	46	2.5	3.21141	-122.71	0.0097	0.015	0.0017122	28.134	0.114147	80	14
1	5	21	17	2.5	4.16755	-121.88	0.0289	0.015	0.0007762	80.5375	0.0517467	18	15
2	6	22	18	2.5	4.01815	-89.14	0.0112	0.015	0.00072245	83.4276	0.0481633	20	15
3	7	23	19	2.5	4.08899	-109.28	0.0239	0.015	0.00068445	89.6118	0.04563	22	15
6	10	26	22	2.5	3.72308	-90.31	0.024	0.015	0.0005817	96.0052	0.03878	28	15
12	16	32	28	2.5	5.45711	-119.55	0.0075	0.015	0.00117695	69.5497	0.0784633	40	15
13	17	33	29	2.5	4.66102	-122.84	0.0037	0.015	0.00199695	35.011	0.13313	42	15
14	18	34	30	2.5	3.80528	-66.94	0.0028	0.015	0.0026022	21.935	0.17348	44	15
15	19	35	31	2.5	3.41605	-85.15	0.0042	0.015	0.00296405	17.2874	0.197603	46	15
16	20	36	32	2.5	3.2791	-89.09	0.0011	0.015	0.0028453	17.2869	0.189687	48	15
17	21	37	33	2.5	3.43697	-80.88	0.0059	0.015	0.00234925	21.9451	0.156617	50	15
19	23	39	35	2.5	3.50574	-132.34	0.0034	0.015	0.00075565	69.5905	0.0503767	54	15
25	29	45	41	2.5	4.22432	-108.32	0.0045	0.015	0.000661	95.862	0.0440667	66	15
27	31	47	43	2.5	4.77839	-51.77	0.0197	0.015	0.00072435	98.952	0.04829	70	15
28	32	48	44	2.5	3.63753	-145.47	0.0155	0.015	0.00060905	89.5869	0.0406033	72	15
29	33	49	45	2.5	3.93181	-43.16	0.0013	0.015	0.00070665	83.4603	0.04711	74	15
30	34	50	46	2.5	3.76767	-97.08	0.0274	0.015	0.0007015	80.5633	0.0467667	76	15
11	15	35	31	2.5	5.7736	-56.28	0.0091	0.015	0.0019181	45.1509	0.127873	42	16
12	16	36	32	2.5	4.51847	-89.57	0.0068	0.015	0.00272175	24.902	0.18145	44	16
13	17	37	33	2.5	4.52932	-48.96	0.0021	0.015	0.00362755	18.7289	0.241837	46	16
14	18	38	34	2.5	3.99724	-67.36	0.0023	0.015	0.0032023	18.7236	0.213487	48	16
15	19	39	35	2.5	4.09439	-127.12	0.004	0.015	0.0024685	24.8798	0.164567	50	16
16	20	40	36	2.5	5.2219	-30.9	0.0134	0.015	0.00173435	45.163	0.115623	52	16
2	3	5	4	5	5.51587	-106.86	0.001	0.015	0.054564	1.51635	3.6376	3	1
4	5	7	6	5	9.34377	-102.9	0.0014	0.015	0.0917255	1.528	6.11503	7	1
5	6	8	7	5	9.75556	-64.87	0.0068	0.015	0.096155	1.52185	6.41033	9	1
6	7	9	8	5	7.09761	-68.47	0.0015	0.015	0.0686925	1.54987	4.5795	11	1
7	8	10	9	5	9.0054	-134.56	0.0017	0.015	0.0869035	1.55438	5.79357	13	1
11	12	14	13	5	9.62165	-40.32	0.0122	0.015	0.0989955	1.45789	6.5997	21	1
12	13	15	14	5	5.52951	-140.07	0.0005	0.015	0.0560245	1.48047	3.73497	23	1
13	14	16	15	5	12.2351	-117.07	0.0008	0.015	0.118845	1.54425	7.923	25	1
14	15	17	16	5	7.89386	-22.44	0.024	0.015	0.0777435	1.52306	5.1829	27	1
18	19	21	20	5	12.2119	-98.33	0.0076	0.015	0.11985	1.5284	7.99	35	1
19	20	22	21	5	4.09884	-135.51	0.0035	0.015	0.0400605	1.53475	2.6707	37	1
20	21	23	22	5	12.162	-144.53	0.0024	0.015	0.11993	1.52114	7.99533	39	1
22	23	25	24	5	5.22065	-138.55	0.0058	0.015	0.0514745	1.52133	3.43163	43	1
27	28	30	29	5	2.13439	-128.92	0.0135	0.015	0.021103	1.51713	1.40687	53	1
29	30	32	31	5	4.18723	-59.33	0.0175	0.015	0.0407545	1.54114	2.71697	57	1
30	31	33	32	5	5.57857	-115.95	0.003	0.015	0.0546405	1.53144	3.6427	59	1
32	33	35	34	5	7.71405	-36.53	0.0085	0.015	0.0741195	1.56114	4.9413	63	1
33	34	36	35	5	3.98797	-148.59	0.0039	0.015	0.038458	1.55545	2.56387	65	1
36	37	39	38	5	7.07085	-54.38	0.0038	0.015	0.072405	1.46485	4.827	71	1
37	38	40	39	5	1.32588	-119.99	0.0137	0.015	0.013484	1.47494	0.898933	73	1
39	40	42	41	5	1.01308	-105.38	0.006	0.05	0.033244	1.52371	0.66488	77	1
42	43	45	44	5	2.07324	-116.04	0.0024	0.015	0.0201215	1.54554	1.34143	83	1
44	45	47	46	5	2.74744	-111.45	0.0003	0.05	0.090033	1.5258	1.80066	87	1
3	4	7	6	5	13.2643	-64.54	0.0013	0.015	0.032727	6.07952	2.1818	6	2
4	5	8	7	5	9.20123	-140.11	0.0002	0.015	0.0228	6.05344	1.52	8	2
5	6	9	8	5	10.2606	-136.94	0.0017	0.015	0.025394	6.06086	1.69293	10	2
6	7	10	9	5	10.8329	-137.59	0.008	0.015	0.02657	6.11567	1.77133	12	2
7	8	11	10	5	12.4595	-95.53	0.0026	0.015	0.0304735	6.13298	2.03157	14	2
8	9	12	11	5	6.68053	-92.21	0.0264	0.015	0.0164215	6.10224	1.09477	16	2
9	10	13	12	5	8.83194	-140.2	0.0145	0.015	0.0216795	6.1108	1.4453	18	2
10	11	14	13	5	17.7777	-18.43	0.0002	0.015	0.0453485	5.88037	3.02323	20	2
11	12	15	14	5	5.77209	-113.12	0.0005	0.015	0.01475	5.86992	0.983333	22	2
14	15	18	17	5	11.4588	-125.62	0.0285	0.015	0.0282632	6.08146	1.88421	28	2
15	16	19	18	5	11.8545	-76.85	0.0563	0.015	0.029131	6.10408	1.94207	30	2
17	18	21	20	5	15.1098	-146.86	0.0066	0.015	0.0371245	6.10507	2.47497	34	2
18	19	22	21	5	7.39889	-29.06	0.0054	0.015	0.0181655	6.10956	1.21103	36	2
22	23	26	25	5	10.0806	-110.79	0.0026	0.015	0.051941	2.91116	3.46273	44	2
26	27	30	29	5	2.00786	-89.88	0.0041	0.015	0.00486615	6.18928	0.32441	52	2
27	28	31	30	5	2.8873	-144.36	0.0007	0.015	0.0070314	6.15944	0.46876	54	2
32	33	36	35	5	2.61235	-55.6	0.0011	0.015	0.00641045	6.11271	0.427363	64	2
33	34	37	36	5	3.19991	-67.37	0.0141	0.015	0.0078584	6.10793	0.523893	66	2
34	35	38	37	5	3.35892	-133.82	0.0071	0.015	0.0082613	6.09877	0.550753	68	2
38	39	42	41	5	1.26731	-9.81	0.1025	0.015	0.0031103	6.11185	0.207353	76	2
41	42	45	44	5	1.28169	-147.38	0.0016	0.05	0.010536	6.08244	0.21072	82	2
44	45	48	47	5	1.88186	-26.48	0.1037	0.05	0.0154594	6.08647	0.309188	88	2
45	46	49	48	5	0.958911	-140.33	0.0004	0.05	0.0078677	6.09397	0.157354	90	2
46	47	50	49	5	2.87966	-135.21	0.0137	0.015	0.00709655	6.08674	0.473103	92	2
3	4	8	7	5	10.8021	-135.25	0.0011	0.015	0.010602	15.2831	0.7068	7	3
4	5	9	8	5	8.34699	-96.91	0.0014	0.015	0.0082039	15.2616	0.546927	9	3
6	7	11	10	5	9.90586	-90.66	0.0062	0.015	0.00968675	15.3393	0.645783	13	3
11	12	16	15	5	6.78089	-124.06	0.0233	0.015	0.0067728	15.0179	0.45152	23	3
12	13	17	16	5	8.98134	-79.22	0.0044	0.015	0.00887705	15.1762	0.591803	25	3
15	16	20	19	5	9.02516	-142.87	0.0058	0.015	0.0088554	15.2876	0.59036	31	3
17	18	22	21	5	6.6411	-74.85	0.0186	0.015	0.00642645	15.501	0.42843	35	3
19	20	24	23	5	8.99863	-138.13	0.0026	0.015	0.00857375	15.7433	0.571583	39	3
21	22	26	25	5	6.9227	-98.26	0.013	0.015	0.0175365	5.9214	1.1691	43	3
30	31	35	34	5	2.77044	-132.23	0.0014	0.015	0.00271885	15.2846	0.181257	61	3
31	32	36	35	5	2.14966	-105.94	0.0043	0.015	0.002105	15.3182	0.140333	63	3
36	37	41	40	5	1.76996	-104.7	0.0077	0.015	0.0017741	14.965	0.118273	73	3
40	41	45	44	5	1.51781	-131.68	0.0025	0.05	0.00495865	15.3047	0.099173	81	3
43	44	48	47	5	2.72666	-87.49	0.0236	0.015	0.00266945	15.3215	0.177963	87	3
44	45	49	48	5	1.10246	-126.88	0.0011	0.05	0.0035745	15.4212	0.07149	89	3
45	46	50	49	5	1.81943	-99.03	0.0229	0.05	0.0058701	15.4974	0.117402	91	3
5	6	11	10	5	10.1094	-85.3	0.0297	0.015	0.00490505	30.9154	0.327003	12	4
9	10	15	14	5	3.89561	-124.64	0.0184	0.015	0.00192115	30.4162	0.128077	20	4
12	13	18	17	5	6.77235	-66.57	0.0002	0.015	0.0033196	30.6016	0.221307	26	4
13	14	19	18	5	10.6859	-94.3	0.0028	0.015	0.0052122	30.7524	0.34748	28	4
14	15	20	19	5	9.18779	-141.15	0.0032	0.015	0.00446095	30.894	0.297397	30	4
16	17	22	21	5	5.78349	-79.59	0.0128	0.015	0.0027346	31.7239	0.182307	34	4
17	18	23	22	5	8.2786	-133.32	0.0036	0.015	0.003869	32.0959	0.257933	36	4
18	19	24	23	5	7.71641	-69.04	0.0008	0.015	0.0035535	32.5724	0.2369	38	4
20	21	26	25	5	8.89267	-70.29	0.0017	0.015	0.012901	10.3395	0.860067	42	4
25	26	31	30	5	3.08728	-126.72	0.0007	0.015	0.004464	10.3739	0.2976	52	4
27	28	33	32	5	1.43295	-129.95	0.0075	0.015	0.00066485	32.3294	0.0443233	56	4
28	29	34	33	5	0.956057	-53.49	0.0001	0.015	0.00045055	31.8297	0.0300367	58	4
30	31	36	35	5	2.03642	-111.77	0.0054	0.015	0.0009864	30.9674	0.06576	62	4
32	33	38	37	5	1.80914	-69	0.0022	0.015	0.0008811	30.7991	0.05874	66	4
33	34	39	38	5	1.40313	-1.8	0.0027	0.015	0.00069345	30.3511	0.04623	68	4
34	35	40	39	5	1.62492	-111.67	0.0051	0.015	0.0008046	30.2931	0.05364	70	4
35	36	41	40	5	1.29403	-146.41	0.0046	0.015	0.0006352	30.5581	0.0423467	72	4
42	43	48	47	5	1.71558	-125.47	0.0057	0.015	0.0008249	31.1961	0.0549933	86	4
44	45	50	49	5	1.82365	-121.84	0.0064	0.05	0.0028762	31.7024	0.057524	90	4
1	3	7	5	5	9.36939	-85.92	0.0312	0.015	0.0457164	3.07419	3.04776	4	5
3	5	9	7	5	9.60764	-125.67	0.0019	0.015	0.0473235	3.04531	3.1549	8	5
7	9	13	11	5	7.56307	-139.39	0.001	0.015	0.037027	3.06387	2.46847	16	5
8	10	14	12	5	8.25843	-128.63	0.0007	0.015	0.040667	3.04612	2.71113	18	5
10	12	16	14	5	6.72154	-134.09	0.0041	0.015	0.03396	2.96888	2.264	22	5
11	13	17	15	5	9.17325	-104.81	0.0137	0.015	0.04556	3.02016	3.03733	24	5
12	14	18	16	5	11.6399	-49.74	0.0276	0.015	0.0573015	3.04702	3.8201	26	5
14	16	20	18	5	10.44	-13.52	0.0164	0.015	0.051238	3.05634	3.41587	30	5
18	20	24	22	5	8.968	-95.4	0.0015	0.015	0.043246	3.11058	2.88307	38	5
20	22	26	24	5	7.38011	-112.21	0.0109	0.015	0.054141	2.04469	3.6094	42	5
21	23	27	25	5	6.79586	-123.63	0.0032	0.015	0.052916	1.92641	3.52773	44	5
25	27	31	29	5	1.89768	-125.35	0.0001	0.015	0.0139195	2.04499	0.927967	52	5
27	29	33	31	5	2.00363	-79.34	0.0039	0.015	0.00967375	3.1068	0.644917	56	5
32	34	38	36	5	2.21481	-90.11	0.02	0.015	0.010866	3.05745	0.7244	66	5
34	36	40	38	5	3.04443	-147.19	0.0031	0.015	0.0152805	2.98855	1.0187	70	5
35	37	41	39	5	1.72429	-137.35	0.0162	0.015	0.00871985	2.96615	0.581323	72	5
36	38	42	40	5	1.08149	-127.77	0.0028	0.015	0.00539305	3.008	0.359537	74	5
37	39	43	41	5	1.51485	-121.74	0.0007	0.015	0.007441	3.05372	0.496067	76	5
39	41	45	43	5	2.78132	-129.09	0.0263	0.05	0.045503	3.05619	0.91006	80	5
1	3	9	7	5	4.61218	-63.78	0.0035	0.015	0.00541265	12.7817	0.360843	6	6
6	8	14	12	5	5.48335	-107.87	0.001	0.015	0.0066073	12.4484	0.440487	16	6
7	9	15	13	5	4.56067	-25.25	0.0185	0.015	0.00554645	12.334	0.369763	18	6
11	13	19	17	5	6.52416	-139.23	0.0018	0.015	0.0079535	12.3043	0.530233	26	6
13	15	21	19	5	8.31733	-120.38	0.0042	0.015	0.0099148	12.5832	0.660987	30	6
15	17	23	21	5	6.14423	-134.99	0.0001	0.015	0.0070545	13.0645	0.4703	34	6
17	19	25	23	5	6.65137	-116.44	0.0085	0.015	0.0073026	13.6623	0.48684	38	6
25	27	33	31	5	1.93119	-143.84	0.003	0.015	0.00419415	6.90674	0.27961	54	6
29	31	37	35	5	1.63482	-132.48	0.0036	0.015	0.00192825	12.7174	0.12855	62	6
31	33	39	37	5	2.08063	-18.82	0.0141	0.015	0.0025127	12.4207	0.167513	66	6
32	34	40	38	5	1.45742	-131.3	0.0114	0.015	0.0017837	12.2562	0.118913	68	6
33	35	41	39	5	1.24651	-87.71	0.0028	0.015	0.0015283	12.2343	0.101887	70	6
34	36	42	40	5	1.16702	-132.61	0.0055	0.015	0.00142295	12.3021	0.0948633	72	6
38	40	46	44	5	2.84784	-145.27	0.0004	0.015	0.00342055	12.4885	0.228037	80	6
39	41	47	45	5	2.07808	-148.1	0.0214	0.05	0.0082908	12.5325	0.165816	82	6
40	42	48	46	5	1.7159	-107.22	0.0162	0.05	0.00681625	12.5868	0.136325	84	6
41	43	49	47	5	1.36415	-112.18	0.0266	0.015	0.00161355	12.6815	0.10757	86	6
1	3	11	9	5	4.38337	-133.83	0.0104	0.015	0.00195365	33.6552	0.130243	8	7
3	5	13	11	5	3.82911	-93.71	0.0296	0.015	0.00176185	32.6002	0.117457	12	7
4	6	14	12	5	3.87823	-117.71	0.0509	0.015	0.00181014	32.1375	0.120676	14	7
5	7	15	13	5	4.28306	-140.24	0.0031	0.015	0.00202185	31.7758	0.13479	16	7
11	13	21	19	5	4.46098	-107.07	0.0042	0.015	0.00205235	32.6039	0.136823	28	7
14	16	24	22	5	5.32655	-119.79	0.0012	0.015	0.00218175	36.6212	0.14545	34	7
15	17	25	23	5	4.01164	-147.19	0.0063	0.015	0.0015663	38.4183	0.10442	36	7
16	18	26	24	5	4.53262	-138.9	0.0006	0.015	0.0039733	17.1116	0.264887	38	7
19	21	29	27	5	3.0743	-133.51	0.0054	0.015	0.00065125	70.8092	0.0434167	44	7
20	22	30	28	5	2.59545	-23.34	0.0191	0.015	0.0007028	55.3953	0.0468533	46	7
22	24	32	30	5	3.9573	-100.16	0.0008	0.015	0.00083715	70.9066	0.05581	50	7
24	26	34	32	5	1.79306	-83.48	0.0017	0.015	0.001813	14.835	0.120867	54	7
25	27	35	33	5	2.21146	-143.21	0.0032	0.015	0.00194715	17.0361	0.12981	56	7
26	28	36	34	5	1.77952	-143.61	0.0118	0.015	0.00069875	38.2008	0.0465833	58	7
27	29	37	35	5	1.55113	-148.01	0.0138	0.015	0.00063815	36.46	0.0425433	60	7
30	32	40	38	5	2.58364	-127.02	0.0659	0.015	0.00119226	32.5051	0.079484	66	7
31	33	41	39	5	1.58857	-110.96	0.0216	0.015	0.000748	31.8564	0.0498667	68	7
33	35	43	41	5	1.27868	-45.89	0.0062	0.015	0.00061125	31.3786	0.04075	72	7
40	42	50	48	5	1.07599	-77.6	0.0248	0.05	0.001596	33.709	0.03192	86	7
2	4	14	12	5	4.78896	-93.9	0.0979	0.015	0.00104302	68.8715	0.0695347	12	8
5	7	17	15	5	4.31697	-135.71	0.0636	0.015	0.0009937	65.165	0.0662467	18	8
7	9	19	17	5	3.33044	-123.62	0.0137	0.015	0.00076725	65.1112	0.05115	22	8
11	13	23	21	5	3.66865	-19.98	0.0284	0.015	0.0007181	76.6324	0.0478733	30	8
12	14	24	22	5	6.02796	-0.54	0.1029	0.015	0.00110434	81.8764	0.0736227	32	8
14	16	26	24	5	4.12437	-49.53	0.0268	0.015	0.0016384	37.7597	0.109227	36	8
18	20	30	28	5	2.31005	-135.75	0.0258	0.015	0.00050093	69.1727	0.0333953	44	8
20	22	32	30	5	4.10975	-82.93	0.0121	0.015	0.0011281	54.6461	0.0752067	48	8
21	23	33	31	5	2.97789	-27.86	0.0254	0.015	0.00064617	69.1279	0.043078	50	8
26	28	38	36	5	3.32172	-64.95	0.001	0.015	0.00056655	87.946	0.03777	60	8
28	30	40	38	5	1.77255	-79.52	0.0183	0.015	0.0003477	76.4689	0.02318	64	8
33	35	45	43	5	2.86071	-87	0.0069	0.015	0.0006632	64.7024	0.0442133	74	8
1	4	10	7	5	6.76809	-117.8	0.0006	0.015	0.0215095	4.71984	1.43397	7	9
4	7	13	10	5	7.22937	-128.5	0.0022	0.015	0.0232275	4.66863	1.5485	13	9
5	8	14	11	5	5.68806	-82.99	0.0018	0.015	0.0183015	4.66196	1.2201	15	9
8	11	17	14	5	5.76436	-70.12	0.0025	0.015	0.0189255	4.56873	1.2617	21	9
11	14	20	17	5	8.8337	-104.45	0.0126	0.015	0.0286455	4.6257	1.9097	27	9
12	15	21	18	5	9.14103	-137.06	0.0087	0.015	0.0294015	4.66355	1.9601	29	9
13	16	22	19	5	8.43237	-120.59	0.026	0.015	0.0267935	4.72076	1.78623	31	9
14	17	23	20	5	9.3379	-73.36	0.0034	0.015	0.0292075	4.79563	1.94717	33	9
17	20	26	23	5	6.10807	-96.99	0.0035	0.015	0.026627	3.44091	1.77513	39	9
21	24	30	27	5	2.54056	-67.95	0.0023	0.015	0.00148055	25.7394	0.0987033	47	9
24	27	33	30	5	2.69039	-18.01	0.0257	0.015	0.012506	3.22692	0.833733	53	9
27	30	36	33	5	1.24692	-113.61	0.0115	0.015	0.0038664	4.83751	0.25776	59	9
28	31	37	34	5	1.80715	-30.36	0.028	0.015	0.00569258	4.76186	0.379505	61	9
29	32	38	35	5	2.10852	-124.82	0.0004	0.015	0.00671345	4.71111	0.447563	63	9
30	33	39	36	5	2.26891	-81.16	0.004	0.015	0.0072936	4.66623	0.48624	65	9
36	39	45	42	5	2.92301	-134.86	0.0102	0.015	0.0094634	4.63312	0.630893	77	9
41	44	50	47	5	2.01558	-119.67	0.0182	0.05	0.0212965	4.73219	0.42593	87	9
1	4	13	10	5	4.4172	-72.78	0.0053	0.015	0.003255	20.3558	0.217	10	10
2	5	14	11	5	4.03802	-85.83	0.034	0.015	0.00303738	19.9416	0.202492	12	10
5	8	17	14	5	3.42231	-30.88	0.0269	0.015	0.00267453	19.1939	0.178302	18	10
8	11	20	17	5	4.4024	-137.65	0.0435	0.015	0.0034351	19.2239	0.229007	24	10
10	13	22	19	5	4.27669	-121.56	0.003	0.015	0.00316665	20.2581	0.21111	28	10
12	15	24	21	5	4.24065	-134.67	0.0062	0.015	0.0028637	22.2125	0.190913	32	10
16	19	28	25	5	4.60207	-32.44	0.0101	0.015	0.006247	11.0503	0.416467	40	10
17	20	29	26	5	2.67052	-58.44	0.0158	0.015	0.00082735	48.4169	0.0551567	42	10
20	23	32	29	5	3.58333	-63.2	0.0657	0.015	0.00214796	25.0238	0.143197	48	10
22	25	34	31	5	3.13459	-58.13	0.0119	0.015	0.0009702	48.4631	0.06468	52	10
23	26	35	32	5	2.13544	-101.46	0.0262	0.015	0.00290915	11.0106	0.193943	54	10
26	29	38	35	5	1.68027	-141.96	0.0272	0.015	0.00108165	23.3014	0.07211	60	10
27	30	39	36	5	1.73033	-63.59	0.0474	0.015	0.00117126	22.1598	0.078084	62	10
29	32	41	38	5	1.96834	-98.51	0.0011	0.015	0.0014602	20.2199	0.0973467	66	10
30	33	42	39	5	1.50699	-59.44	0.0029	0.015	0.0011524	19.6154	0.0768267	68	10
32	35	44	41	5	1.59174	-64.64	0.0124	0.015	0.00125155	19.0773	0.0834367	72	10
36	39	48	45	5	3.60406	-76.98	0.0659	0.015	0.00275794	19.6019	0.183863	80	10
1	4	16	13	5	3.38543	-135.69	0.0066	0.015	0.0009389	54.0861	0.0625933	13	11
2	5	17	14	5	2.96638	-103.71	0.0022	0.015	0.0008509	52.2924	0.0567267	15	11
3	6	18	15	5	3.11163	-25.25	0.0083	0.015	0.0009127	51.1388	0.0608467	17	11
7	10	22	19	5	2.93066	-102.18	0.0012	0.015	0.00078735	55.8327	0.05249	25	11
10	13	25	22	5	4.05011	-34.85	0.0239	0.015	0.00085785	70.8186	0.05719	31	11
11	14	26	23	5	4.46897	-45.14	0.0134	0.015	0.0015198	44.1074	0.10132	33	11
12	15	27	24	5	4.43309	-145.42	0.0037	0.015	0.00159915	41.5823	0.10661	35	11
28	31	43	40	5	1.86808	-79.67	0.0343	0.015	0.00046868	59.7876	0.0312453	67	11
29	32	44	41	5	2.31995	-108.82	0.0164	0.015	0.0006244	55.7323	0.0416267	69	11
30	33	45	42	5	3.11904	-145.79	0.0044	0.015	0.00088515	52.8562	0.05901	71	11
31	34	46	43	5	2.56342	-78.53	0.0056	0.015	0.00075065	51.224	0.0500433	73	11
32	35	47	44	5	2.95315	-27.88	0.0106	0.015	0.00087345	50.7153	0.05823	75	11
14	17	32	29	5	4.53791	-4.58	0.0291	0.015	0.0011583	58.766	0.07722	42	12
16	19	34	31	5	3.28836	-42.08	0.0093	0.015	0.00171805	28.7101	0.114537	46	12
1	5	13	9	5	5.7278	-63.55	0.0159	0.015	0.013237	6.49067	0.882467	10	13
4	8	16	12	5	4.16899	-116.81	0.0073	0.015	0.009893	6.32113	0.659533	16	13
5	9	17	13	5	3.97351	-42.75	0.0285	0.015	0.00951205	6.26601	0.634137	18	13
8	12	20	16	5	4.38973	-114.2	0.003	0.015	0.0105475	6.2428	0.703167	24	13
9	13	21	17	5	5.12795	-132.66	0.0019	0.015	0.0121795	6.31547	0.811967	26	13
14	18	26	22	5	5.79161	-139.34	0.0014	0.015	0.0162745	5.33806	1.08497	36	13
16	20	28	24	5	4.82774	-103.24	0.0161	0.015	0.0156905	4.61528	1.04603	40	13
17	21	29	25	5	6.5167	-25.06	0.0064	0.015	0.024605	3.97279	1.64033	42	13
18	22	30	26	5	2.55335	-101.9	0.0067	0.015	0.00209025	18.3233	0.13935	44	13
19	23	31	27	5	2.83553	-87.35	0.0112	0.015	0.00287925	14.7722	0.19195	46	13
20	24	32	28	5	2.88709	-139.77	0.0015	0.015	0.0029315	14.7728	0.195433	48	13
21	25	33	29	5	2.64153	-130.52	0.0018	0.015	0.0021606	18.3389	0.14404	50	13
24	28	36	32	5	1.83132	-115.21	0.0037	0.015	0.0054393	5.05024	0.36262	56	13
27	31	39	35	5	1.85218	-111.31	0.0006	0.015	0.00411225	6.75608	0.27415	62	13
28	32	40	36	5	2.11457	-87.33	0.0027	0.015	0.00481595	6.58613	0.321063	64	13
29	33	41	37	5	1.72808	-123.13	0.0046	0.015	0.00403085	6.43072	0.268723	66	13
30	34	42	38	5	1.53933	-77.12	0.0373	0.015	0.0036637	6.30235	0.244247	68	13
31	35	43	39	5	1.36585	-112.61	0.0032	0.015	0.0032798	6.24665	0.218653	70	13
32	36	44	40	5	1.4968	-77.91	0.0013	0.015	0.0035963	6.24307	0.239753	72	13
33	37	45	41	5	1.84275	-54.85	0.0007	0.015	0.0044365	6.23043	0.295767	74	13
37	41	49	45	5	2.50182	-36.65	0.0109	0.015	0.00583825	6.42784	0.389217	82	13
1	5	17	13	5	3.32997	-147.65	0.0062	0.015	0.00177545	28.1335	0.118363	14	14
3	7	19	15	5	3.26381	-148.78	0.0041	0.015	0.00181045	27.0414	0.120697	18	14
8	12	24	20	5	3.85658	-104.54	0.01	0.015	0.00178455	32.4164	0.11897	28	14
9	13	25	21	5	3.3711	-66.13	0.0003	0.015	0.00144035	35.1071	0.0960233	30	14
12	16	28	24	5	4.02625	-121.96	0.001	0.015	0.0025344	23.8296	0.16896	36	14
16	20	32	28	5	3.24759	-111.21	0.0188	0.015	0.00263375	18.496	0.175583	44	14
17	21	33	29	5	3.06259	-85.06	0.0008	0.015	0.00306005	15.0125	0.204003	46	14
18	22	34	30	5	3.34006	-121.25	0.0013	0.015	0.00333725	15.0126	0.222483	48	14
19	23	35	31	5	2.85147	-145.49	0.0002	0.015	0.00231225	18.498	0.15415	50	14
25	29	41	37	5	2.54739	-89.97	0.0043	0.015	0.0014344	26.6389	0.0956267	62	14
27	31	43	39	5	1.74876	-107.48	0.0064	0.015	0.00080995	32.3864	0.0539967	66	14
29	33	45	41	5	2.53605	-116.83	0.0035	0.015	0.00132845	28.6354	0.0885633	70	14
30	34	46	42	5	2.71814	-53.47	0.0091	0.015	0.0014794	27.5599	0.0986267	72	14
31	35	47	43	5	2.83695	-59.58	0.0031	0.015	0.0015727	27.058	0.104847	74	14
1	5	21	17	5	3.68513	-71.32	0.0071	0.015	0.00068635	80.5375	0.0457567	18	15
3	7	23	19	5	4.68042	-133.51	0.0137	0.015	0.00078345	89.6118	0.05223	22	15
14	18	34	30	5	3.93192	-134.22	0.0016	0.015	0.0026888	21.935	0.179253	44	15
17	21	37	33	5	3.48415	-101.26	0.0023	0.015	0.0023815	21.9451	0.158767	50	15
27	31	47	43	5	4.89087	-45.32	0.0044	0.015	0.0007414	98.952	0.0494267	70	15
28	32	48	44	5	3.95168	-147.66	0.0018	0.015	0.00066165	89.5869	0.04411	72	15
29	33	49	45	5	3.41992	-97.78	0.0088	0.015	0.00061465	83.4603	0.0409767	74	15
30	34	50	46	5	4.11141	-4.64	0.0035	0.015	0.0007655	80.5633	0.0510333	76	15
11	15	35	31	5	5.72905	-104	0.009	0.015	0.0019033	45.1509	0.126887	42	16
13	17	37	33	5	4.94023	-147.32	0.018	0.015	0.00395665	18.7289	0.263777	46	16
16	20	40	36	5	4.66233	-104.52	0.0007	0.015	0.0015485	45.163	0.103233	52	16
1	2	4	3	10	14.6189	-95.56	0.0161	0.005	0.0486885	1.50127	9.7377	1	1
2	3	5	4	10	4.56906	-18.08	0.0003	0.015	0.045198	1.51635	3.0132	3	1
6	7	9	8	10	6.79616	-106.04	0.0029	0.015	0.065775	1.54987	4.385	11	1
17	18	20	19	10	10.9085	-54.36	0.0877	0.015	0.10624	1.54018	7.08267	33	1
29	30	32	31	10	2.78865	-52.02	0.0083	0.015	0.027142	1.54114	1.80947	57	1
34	35	37	36	10	5.79877	-56	0.0217	0.015	0.056359	1.54335	3.75727	67	1
42	43	45	44	10	2.16005	-37.9	0.0087	0.015	0.020964	1.54554	1.3976	83	1
6	7	10	9	10	12.0222	-94.04	0.0086	0.015	0.029487	6.11567	1.9658	12	2
7	8	11	10	10	13.93	-33.57	0.0037	0.015	0.03407	6.13298	2.27133	14	2
11	12	15	14	10	7.42662	-77.49	0.0257	0.015	0.018978	5.86992	1.2652	22	2
12	13	16	15	10	10.0697	-117.64	0.0029	0.015	0.025023	6.03628	1.6682	24	2
15	16	19	18	10	8.74613	-103.22	0.0158	0.015	0.0214925	6.10408	1.43283	30	2
28	29	32	31	10	3.03991	-58.06	0.0173	0.015	0.00742395	6.14211	0.49493	56	2
36	37	40	39	10	1.81342	-105.71	0.0118	0.015	0.00464815	5.85209	0.309877	72	2
41	42	45	44	10	2.51859	-40.68	0.2713	0.015	0.00621112	6.08244	0.414075	82	2
46	47	50	49	10	2.31844	-61.61	0.0337	0.015	0.0057135	6.08674	0.3809	92	2
2	3	7	6	10	8.67671	-28.02	0.0285	0.015	0.00841845	15.4602	0.56123	5	3
19	20	24	23	10	10.2321	-139.87	0.0761	0.015	0.009749	15.7433	0.649933	39	3
45	46	50	49	10	2.38279	-43.51	0.1666	0.05	0.0076877	15.4974	0.153754	91	3
3	4	9	8	10	15.6767	-137.66	0.0427	0.015	0.00757724	31.0338	0.505149	8	4
5	6	11	10	10	11.1306	-81.49	0.0643	0.015	0.0054005	30.9154	0.360033	12	4
11	12	17	16	10	6.35626	-99.7	0.0053	0.015	0.00314285	30.3368	0.209523	24	4
20	21	26	25	10	9.64952	-49.67	0.0005	0.015	0.013999	10.3395	0.933267	42	4
5	7	11	9	10	11.0026	-104.62	0.0041	0.015	0.0539065	3.06159	3.59377	12	5
10	12	16	14	10	6.4965	-119.83	0.0063	0.015	0.032823	2.96888	2.1882	22	5
11	13	17	15	10	9.89799	-2.75	0.0044	0.015	0.0491595	3.02016	3.2773	24	5
14	16	20	18	10	8.59279	-125.68	0.016	0.015	0.042172	3.05634	2.81147	30	5
17	19	23	21	10	7.24593	-17.64	0.003	0.015	0.035161	3.09118	2.34407	36	5
20	22	26	24	10	7.4328	-111.67	0.0022	0.015	0.0545275	2.04469	3.63517	42	5
31	33	37	35	10	3.45198	-77.9	0.0145	0.015	0.016903	3.06335	1.12687	64	5
38	40	44	42	10	3.18869	-49.79	0.0107	0.015	0.015637	3.0588	1.04247	78	5
39	41	45	43	10	2.55519	-61.24	0.0003	0.05	0.0418035	3.05619	0.83607	80	5
40	42	46	44	10	1.51524	-43.9	0.0006	0.05	0.0248205	3.05239	0.49641	82	5
17	19	25	23	10	5.01178	-122.77	0.1198	0.015	0.00550248	13.6623	0.366832	38	6
37	39	47	45	10	5.63572	-116.02	0.2081	0.015	0.00262618	32.1897	0.175079	80	7
2	5	11	8	10	6.81062	-129.94	0.001	0.015	0.021791	4.68814	1.45273	9	9
3	6	12	9	10	6.05635	-98.31	0.0007	0.015	0.019454	4.66974	1.29693	11	9
11	14	20	17	10	7.36335	-65.71	0.0077	0.015	0.0238775	4.6257	1.59183	27	9
37	40	46	43	10	3.98355	-118.93	0.0091	0.015	0.012852	4.64934	0.8568	79	9
1	5	13	9	10	6.49824	-9.36	0.0087	0.015	0.0150175	6.49067	1.00117	10	13
3	7	15	11	10	3.38441	-132.73	0.0029	0.015	0.0079735	6.36687	0.531567	14	13
10	14	22	18	10	7.33245	-66.98	0.0005	0.015	0.017092	6.43499	1.13947	28	13
11	15	23	19	10	7.00238	-71.76	0.0008	0.015	0.015925	6.59565	1.06167	30	13
13	17	25	21	10	4.9132	-21.48	0.0025	0.015	0.0104905	7.02521	0.699367	34	13
16	20	28	24	10	3.48946	-122.56	0.0078	0.015	0.011341	4.61528	0.756067	40	13
17	21	29	25	10	5.35916	-28.82	0.0012	0.015	0.0202345	3.97279	1.34897	42	13
20	24	32	28	10	5.33205	-78.91	0.0372	0.015	0.00541406	14.7728	0.360937	48	13
24	28	36	32	10	2.69672	-3.85	0.1863	0.015	0.00800968	5.05024	0.533979	56	13
15	19	35	31	10	3.509	-47.99	0.004	0.015	0.0030447	17.2874	0.20298	46	15
